6,7,8,9,10,11,12,13,14,15,16,17,18,19,20,21,22,23,24,25,26,27,28,29,30,31,33,34,35,36,37,38,39,40,41,42,43,44,45,46,47,48,49,50,51,52,53,54,55,56,57,58,timestamp
18.110770276274835,16.0312195418814,12.206555615733702,13.892443989449806,11.704699910719626,9.433981132056603,12.649110640673518,14.0356688476182,17.11724276862369,17.029386365926403,23.194827009486403,30.06659275674582,30.01666203960727,29.017236257093817,29.068883707497264,33.13608305156178,32.01562118716424,29.1547594742265,29.427877939124325,34.0147027033899,25.317977802344327,23.769728648009423,24.698178070456937,22.360679774997898,16.278820596099706,14.317821063276352,13.341664064126334,13.0,10.816653826391969,11.40175425099138,10.0,11.40175425099138,15.297058540778355,16.492422502470642,18.973665961010276,17.204650534085253,12.806248474865697,9.219544457292887,6.708203932499369,6.0,7.810249675906654,7.211102550927979,12.649110640673518,14.317821063276352,18.439088914585778,21.587033144922902,20.8806130178211,25.298221281347036,24.16609194718914,24.186773244895647,22.825424421026653,21.18962010041709,1697810846.4354155
20.591260281974,17.46424919657298,15.524174696260024,14.0356688476182,13.038404810405298,10.04987562112089,10.0,18.439088914585774,18.788294228055936,19.235384061671343,24.351591323771842,25.709920264364882,29.546573405388315,28.30194339616981,40.80441152620633,37.48332962798262,39.623225512317894,28.635642126552703,28.600699292150182,33.30165161069342,31.38470965295043,25.495097567963924,22.671568097509265,22.022715545545243,18.38477631085024,15.264337522473749,15.297058540778355,13.416407864998739,16.76305461424021,10.0,9.219544457292889,8.54400374531753,18.027756377319946,19.209372712298546,22.360679774997898,15.132745950421555,17.720045146669353,8.06225774829855,7.615773105863909,8.485281374238571,6.708203932499369,6.0827625302982185,10.04987562112089,15.0,13.601470508735444,18.867962264113206,17.88854381999832,23.08679276123039,27.51363298439521,23.259406699226012,22.825424421026653,17.88854381999832,1697810846.4423313
24.186773244895647,19.723082923316017,18.788294228055936,16.278820596099706,15.297058540778355,9.0,10.770329614269007,10.63014581273465,14.317821063276352,16.643316977093235,23.40939982143925,28.178005607210743,29.20616373302047,33.28663395418647,28.30194339616981,36.400549446402586,32.526911934581186,33.941125496954285,29.698484809834998,31.827660925679098,27.65863337187866,24.08318915758459,26.400757564888174,18.027756377319946,15.556349186104047,14.866068747318504,16.15549442140351,13.341664064126334,12.041594578792294,12.041594578792294,9.486832980505138,12.529964086141668,17.204650534085253,18.867962264113206,21.633307652783937,17.08800749063506,15.524174696260024,9.433981132056603,8.602325267042627,5.8309518948453,9.055385138137417,9.219544457292889,12.529964086141668,12.041594578792296,18.35755975068582,20.248456731316587,20.591260281974,25.059928172283335,28.178005607210743,23.259406699226012,21.02379604162864,20.591260281974,1697810846.4694753
30.610455730027933,35.0,34.058772731852805,35.0,32.449961479175904,31.906112267087636,30.528675044947498,29.1547594742265,27.78488797889961,27.730849247724095,26.419689627245813,23.021728866442675,18.60107523773827,13.892443989449806,11.40175425099138,9.433981132056603,9.0,5.8309518948453,7.280109889280519,7.0,12.041594578792294,14.0356688476182,15.524174696260024,14.317821063276352,20.024984394500787,17.11724276862369,14.317821063276352,16.15549442140351,17.0,14.142135623730951,14.142135623730951,13.92838827718412,7.810249675906654,6.708203932499369,11.40175425099138,16.401219466856727,18.38477631085024,21.2602916254693,21.095023109728988,23.021728866442675,20.808652046684813,20.615528128088304,20.518284528683193,20.615528128088304,18.60107523773827,15.620499351813308,13.601470508735444,11.6619037896906,8.06225774829855,5.0,4.47213595499958,5.099019513592785,1697810847.400262
23.086792761230395,24.083189157584588,25.079872407968907,27.16615541441225,21.095023109728984,22.02271554554524,19.235384061671347,23.086792761230395,19.026297590440446,18.439088914585778,22.20360331117452,22.20360331117452,13.0,7.0,5.0,11.6619037896906,5.099019513592785,4.123105625617661,5.0,7.280109889280519,8.06225774829855,9.219544457292889,12.165525060596437,12.041594578792294,23.706539182259394,13.416407864998739,14.7648230602334,14.866068747318504,17.69180601295413,12.529964086141668,16.401219466856727,16.278820596099706,7.615773105863909,4.47213595499958,5.0,10.63014581273465,18.867962264113206,14.212670403551895,16.278820596099706,16.401219466856727,17.69180601295413,17.204650534085253,17.69180601295413,13.453624047073712,15.0,10.0,8.602325267042627,7.0710678118654755,4.47213595499958,5.0,5.099019513592785,3.6055512754639896,1697810847.4328215
28.0178514522438,32.89376840679706,32.57299494980467,29.068883707497267,30.083217912982644,24.698178070456937,25.059928172283335,24.596747752497688,24.596747752497688,25.238858928247925,21.931712199461305,20.12461179749811,12.649110640673518,12.649110640673518,10.0,5.385164807134504,2.23606797749979,2.8284271247461903,5.385164807134504,8.0,12.649110640673518,12.08304597359457,13.0,16.492422502470642,17.720045146669353,17.46424919657298,13.892443989449806,17.804493814764854,17.69180601295413,15.811388300841896,17.804493814764854,11.6619037896906,8.602325267042627,6.0827625302982185,10.0,13.601470508735444,18.027756377319946,18.867962264113206,20.808652046684813,20.591260281974,19.235384061671343,20.0,19.849433241279208,17.4928556845359,18.60107523773827,11.313708498984761,13.453624047073712,4.47213595499958,7.0710678118654755,6.4031242374328485,5.0,5.0,1697810847.4438205
24.041630560342615,23.706539182259394,25.0,24.0,20.8806130178211,17.720045146669353,23.345235059857504,22.135943621178658,14.317821063276352,17.11724276862369,19.6468827043885,13.038404810405298,13.152946437965904,11.40175425099138,2.8284271247461903,2.0,4.123105625617661,7.280109889280519,10.04987562112089,9.486832980505138,13.038404810405298,12.36931687685298,14.0356688476182,16.0,24.020824298928627,19.026297590440446,16.0312195418814,15.03329637837291,15.524174696260024,12.649110640673518,14.866068747318506,14.0,11.704699910719626,13.0,10.0,15.0,19.849433241279208,22.022715545545243,20.0,16.401219466856727,19.209372712298546,16.401219466856727,22.671568097509265,14.866068747318504,13.453624047073712,12.041594578792296,11.40175425099138,7.810249675906654,8.06225774829855,7.0,9.219544457292889,9.055385138137417,1697810847.5241954
21.587033144922902,25.96150997149434,27.018512172212592,23.021728866442675,23.086792761230395,20.024984394500787,21.213203435596427,19.026297590440446,18.248287590894655,22.090722034374522,17.08800749063506,13.416407864998739,11.180339887498949,10.04987562112089,7.280109889280519,7.211102550927979,6.0827625302982185,9.219544457292889,6.324555320336759,13.038404810405298,15.297058540778355,11.045361017187261,20.0,22.02271554554524,22.20360331117452,18.027756377319946,19.1049731745428,19.1049731745428,19.4164878389476,17.46424919657298,16.492422502470642,15.297058540778355,13.92838827718412,12.206555615733702,14.7648230602334,16.15549442140351,20.591260281974,17.804493814764854,20.248456731316587,20.248456731316587,20.808652046684813,18.867962264113206,21.633307652783937,15.811388300841896,11.6619037896906,11.6619037896906,13.453624047073712,9.219544457292889,7.0710678118654755,7.280109889280519,8.246211251235321,8.54400374531753,1697810847.555194
21.931712199461305,22.847319317591726,23.706539182259394,21.95449840010015,22.47220505424423,20.0,20.808652046684813,20.0,19.209372712298546,19.1049731745428,18.027756377319946,14.422205101855958,11.40175425099138,9.899494936611665,6.4031242374328485,4.123105625617661,4.47213595499958,8.485281374238571,9.219544457292887,12.041594578792296,13.601470508735444,14.866068747318504,16.401219466856727,18.38477631085024,20.518284528683193,18.439088914585774,17.804493814764854,18.439088914585774,17.4928556845359,16.55294535724685,17.204650534085253,16.643316977093235,13.601470508735444,11.40175425099138,13.038404810405298,16.0312195418814,15.297058540778355,21.0,18.027756377319946,20.09975124224178,15.0,18.027756377319946,19.026297590440446,15.132745950421555,14.0,12.041594578792294,10.0,8.06225774829855,8.485281374238571,10.0,7.211102550927979,5.0,1697810847.618199
40.36087214122114,48.16637831516918,48.79549159502341,46.75467891024384,46.32493928760187,39.698866482558415,40.8166632639171,39.20459156782532,38.94868418830089,39.824615503479755,43.08131845707603,26.419689627245813,25.495097567963924,18.0,19.235384061671343,18.867962264113206,21.02379604162864,21.95449840010015,20.591260281974,21.540659228538015,20.8806130178211,34.23448553724738,37.0540146272978,40.024992192379,20.518284528683193,35.510561809129406,33.52610922848042,18.439088914585774,17.4928556845359,16.55294535724685,17.204650534085253,16.643316977093235,28.42534080710379,25.0,19.849433241279208,16.0312195418814,28.861739379323623,21.0,18.027756377319946,31.622776601683793,37.53664875824692,18.027756377319946,43.01162633521314,31.89043743820395,29.068883707497267,29.068883707497267,31.89043743820395,16.15549442140351,15.231546211727817,15.03329637837291,15.03329637837291,14.317821063276352,1697810847.6683779
15.524174696260024,17.08800749063506,19.235384061671347,16.278820596099706,19.235384061671347,16.1245154965971,19.4164878389476,14.0356688476182,17.029386365926403,14.0356688476182,15.231546211727817,10.19803902718557,15.297058540778355,7.280109889280519,7.0710678118654755,6.708203932499369,3.6055512754639896,5.385164807134504,12.041594578792294,6.0,16.278820596099706,11.045361017187261,12.08304597359457,15.231546211727817,18.973665961010276,13.92838827718412,11.0,15.03329637837291,13.601470508735444,15.03329637837291,13.416407864998739,10.04987562112089,12.36931687685298,8.0,10.44030650891055,6.708203932499369,11.40175425099138,13.038404810405298,11.40175425099138,10.816653826391969,13.601470508735444,13.92838827718412,16.1245154965971,10.816653826391969,12.529964086141668,7.280109889280519,6.324555320336759,9.219544457292889,12.806248474865697,8.06225774829855,4.47213595499958,7.0710678118654755,1697810847.741524
17.26267650163207,21.377558326431952,23.769728648009426,23.0,17.46424919657298,20.8806130178211,15.297058540778355,22.360679774997898,20.518284528683193,21.02379604162864,15.556349186104047,14.422205101855958,18.60107523773827,15.231546211727817,8.06225774829855,5.099019513592785,10.770329614269007,6.0827625302982185,8.54400374531753,10.770329614269007,12.041594578792296,12.806248474865697,16.0,18.681541692269406,22.80350850198276,17.4928556845359,15.524174696260024,17.720045146669353,20.8806130178211,15.811388300841898,14.866068747318506,20.223748416156685,14.142135623730951,13.038404810405298,12.727922061357857,3.6055512754639896,22.671568097509265,10.816653826391969,13.453624047073712,15.0,17.69180601295413,15.811388300841896,18.439088914585774,15.620499351813308,9.486832980505138,12.649110640673518,8.602325267042627,10.816653826391969,9.899494936611665,8.485281374238571,9.486832980505138,8.94427190999916,1697810847.762898
18.38477631085024,18.973665961010276,19.924858845171276,20.615528128088304,19.6468827043885,16.492422502470642,18.439088914585778,17.46424919657298,18.248287590894655,17.029386365926403,15.03329637837291,14.0,14.142135623730951,10.19803902718557,10.19803902718557,7.211102550927979,6.4031242374328485,8.94427190999916,9.486832980505138,10.770329614269007,12.165525060596437,21.023796041628636,22.135943621178658,5.0,18.973665961010276,15.524174696260024,18.439088914585778,18.110770276274835,14.142135623730951,15.132745950421555,15.297058540778355,14.0356688476182,14.0,12.041594578792294,11.704699910719626,13.892443989449806,15.264337522473749,17.0,17.88854381999832,17.46424919657298,15.652475842498529,14.317821063276352,17.88854381999832,13.892443989449806,14.422205101855958,11.6619037896906,11.180339887498949,9.219544457292887,10.0,8.602325267042627,8.602325267042627,8.94427190999916,1697810847.8055491
21.840329667841555,22.472205054244235,21.931712199461305,22.825424421026653,23.706539182259394,19.723082923316017,19.4164878389476,20.808652046684813,21.400934559032695,19.79898987322333,18.38477631085024,17.029386365926403,15.0,12.806248474865697,11.313708498984761,8.94427190999916,8.06225774829855,10.04987562112089,10.44030650891055,13.601470508735444,15.524174696260024,17.08800749063506,16.278820596099706,20.248456731316587,21.377558326431952,21.587033144922902,20.39607805437114,17.720045146669353,19.6468827043885,18.027756377319946,19.6468827043885,16.278820596099706,16.492422502470642,13.892443989449806,14.212670403551895,15.620499351813308,17.029386365926403,16.970562748477143,19.849433241279208,19.1049731745428,19.849433241279208,19.1049731745428,20.518284528683193,16.970562748477143,15.620499351813308,13.453624047073712,12.206555615733702,10.63014581273465,10.0,9.486832980505138,9.219544457292889,10.19803902718557,1697810847.8263845
17.88854381999832,16.643316977093235,18.35755975068582,15.0,20.0,16.278820596099706,16.401219466856727,16.643316977093235,17.69180601295413,18.027756377319946,14.212670403551895,13.92838827718412,12.206555615733702,11.6619037896906,5.8309518948453,10.63014581273465,6.324555320336759,6.0,6.708203932499369,11.045361017187261,12.165525060596437,11.045361017187261,15.0,13.0,16.0,14.0356688476182,16.278820596099706,15.297058540778355,14.317821063276352,15.03329637837291,13.341664064126334,12.0,11.0,8.06225774829855,12.649110640673518,9.433981132056603,15.0,9.433981132056603,15.556349186104047,12.041594578792296,10.816653826391969,13.892443989449806,13.601470508735444,12.206555615733702,11.40175425099138,7.211102550927979,8.94427190999916,6.4031242374328485,7.211102550927979,6.708203932499369,6.708203932499369,6.0827625302982185,1697810847.9024873
27.202941017470888,19.849433241279208,15.132745950421555,28.284271247461902,26.248809496813372,27.018512172212596,43.41658669218482,18.973665961010276,22.671568097509265,23.40939982143925,9.899494936611665,18.38477631085024,15.620499351813308,15.556349186104047,15.231546211727817,10.816653826391969,7.211102550927979,13.0,15.0,15.811388300841898,19.235384061671347,12.08304597359457,14.142135623730951,21.18962010041709,22.360679774997898,20.8806130178211,19.723082923316017,23.706539182259394,20.808652046684813,15.264337522473749,18.973665961010276,16.401219466856727,19.697715603592208,23.706539182259394,13.038404810405298,13.892443989449806,18.60107523773827,10.19803902718557,20.12461179749811,19.235384061671343,17.0,22.090722034374522,21.02379604162864,17.46424919657298,14.866068747318506,17.08800749063506,11.180339887498949,8.246211251235321,10.0,11.40175425099138,11.180339887498949,9.486832980505138,1697810847.9212859
22.80350850198276,25.059928172283335,22.80350850198276,20.591260281974,27.78488797889961,22.022715545545243,23.430749027719962,21.95449840010015,26.400757564888174,20.518284528683193,21.93171219946131,15.264337522473749,14.422205101855958,17.029386365926403,10.63014581273465,10.44030650891055,9.055385138137417,9.055385138137417,12.529964086141668,16.1245154965971,16.55294535724685,18.027756377319946,14.317821063276352,20.12461179749811,23.769728648009426,18.027756377319946,20.12461179749811,19.697715603592208,18.35755975068582,16.643316977093235,18.027756377319946,15.652475842498529,15.652475842498529,12.727922061357857,11.6619037896906,13.416407864998739,16.1245154965971,16.1245154965971,19.235384061671343,18.867962264113206,17.804493814764854,17.4928556845359,17.4928556845359,13.416407864998739,16.15549442140351,10.816653826391969,11.40175425099138,9.433981132056603,9.219544457292889,9.055385138137417,9.055385138137417,10.19803902718557,1697810847.941357
18.867962264113206,21.633307652783937,22.847319317591726,22.847319317591726,20.8806130178211,20.39607805437114,20.8806130178211,20.8806130178211,19.6468827043885,21.095023109728984,17.029386365926403,16.0,16.0312195418814,17.029386365926403,12.041594578792294,11.180339887498949,10.0,11.313708498984761,12.041594578792296,12.041594578792296,13.038404810405298,15.0,14.866068747318504,16.55294535724685,20.0,17.204650534085253,17.4928556845359,18.35755975068582,19.235384061671343,18.35755975068582,17.204650534085253,16.643316977093235,14.422205101855958,13.0,13.152946437965904,13.038404810405298,15.0,15.03329637837291,17.0,17.029386365926403,16.1245154965971,18.027756377319946,19.1049731745428,14.0356688476182,14.0,10.04987562112089,11.045361017187261,9.219544457292889,9.055385138137417,7.615773105863909,8.246211251235321,8.54400374531753,1697810847.962779
16.401219466856727,22.203603311174515,19.849433241279208,20.248456731316587,19.313207915827967,17.08800749063506,21.02379604162864,17.720045146669353,17.720045146669353,17.11724276862369,17.26267650163207,16.0,16.0312195418814,12.041594578792294,11.045361017187261,7.615773105863909,8.94427190999916,7.810249675906654,14.866068747318504,11.180339887498949,12.806248474865697,15.811388300841896,16.278820596099706,15.811388300841896,18.439088914585774,15.556349186104047,18.35755975068582,17.69180601295413,18.60107523773827,19.1049731745428,16.278820596099706,14.142135623730951,13.601470508735444,10.0,10.770329614269007,15.811388300841898,17.46424919657298,10.816653826391969,18.38477631085024,16.15549442140351,15.652475842498529,13.892443989449806,18.973665961010276,15.652475842498529,14.7648230602334,9.848857801796104,8.94427190999916,8.94427190999916,8.54400374531753,8.246211251235321,7.280109889280519,7.0710678118654755,1697810847.9943519
28.30194339616981,13.152946437965904,21.931712199461305,23.853720883753127,20.591260281974,18.439088914585774,16.643316977093235,18.60107523773827,19.209372712298546,21.2602916254693,19.4164878389476,15.811388300841896,13.416407864998739,14.866068747318504,12.041594578792296,10.63014581273465,9.486832980505138,10.19803902718557,11.40175425099138,13.0,14.142135623730951,16.0312195418814,14.0356688476182,17.029386365926403,20.09975124224178,18.110770276274835,15.132745950421555,18.110770276274835,15.0,16.0312195418814,15.132745950421555,15.297058540778355,15.03329637837291,10.19803902718557,11.704699910719626,13.92838827718412,16.1245154965971,13.038404810405298,17.0,17.46424919657298,17.029386365926403,14.866068747318506,15.132745950421555,13.152946437965904,12.041594578792294,10.04987562112089,10.0,9.486832980505138,7.615773105863909,8.602325267042627,6.708203932499369,6.4031242374328485,1697810848.0097642
21.095023109728984,24.020824298928627,23.08679276123039,26.0,24.041630560342615,21.931712199461305,19.697715603592208,20.8806130178211,22.80350850198276,21.931712199461305,23.3452350598575,20.0,18.867962264113206,15.0,9.848857801796104,12.165525060596437,12.0,10.295630140987,16.1245154965971,11.704699910719626,15.132745950421555,15.811388300841896,13.0,19.723082923316017,21.540659228538015,18.973665961010276,16.15549442140351,18.788294228055936,15.811388300841898,19.235384061671343,16.278820596099706,17.4928556845359,15.264337522473749,13.601470508735444,13.892443989449806,17.0,13.038404810405298,16.278820596099706,19.849433241279208,19.1049731745428,18.439088914585774,18.439088914585774,22.203603311174515,15.620499351813308,17.69180601295413,15.620499351813308,13.453624047073712,11.6619037896906,9.219544457292887,11.40175425099138,12.165525060596437,6.0827625302982185,1697810848.0367572
21.93171219946131,23.430749027719962,23.3452350598575,25.612496949731394,25.0,21.633307652783937,23.3238075793812,21.633307652783937,21.470910553583888,21.931712199461305,20.6155281280883,21.18962010041709,16.55294535724685,18.027756377319946,13.601470508735444,13.038404810405298,7.810249675906654,8.485281374238571,8.06225774829855,10.44030650891055,11.180339887498949,16.0312195418814,14.142135623730951,18.0,19.4164878389476,17.26267650163207,18.110770276274835,19.0,18.0,17.029386365926403,18.027756377319946,18.0,16.1245154965971,13.038404810405298,11.704699910719626,14.212670403551895,15.811388300841896,16.643316977093235,18.788294228055936,18.027756377319946,17.4928556845359,17.204650534085253,21.095023109728988,18.867962264113206,16.15549442140351,13.601470508735444,13.601470508735444,11.704699910719626,8.602325267042627,8.485281374238571,8.485281374238571,7.211102550927979,1697810848.0777617
21.2602916254693,19.79898987322333,24.839484696748443,20.0,25.80697580112788,19.209372712298546,23.021728866442675,22.825424421026653,21.095023109728988,23.40939982143925,22.847319317591726,19.6468827043885,13.92838827718412,18.35755975068582,12.806248474865697,13.416407864998739,10.295630140987,9.219544457292887,9.433981132056603,9.433981132056603,13.601470508735444,12.0,12.36931687685298,16.1245154965971,16.492422502470642,14.317821063276352,15.03329637837291,19.0,17.26267650163207,17.26267650163207,13.92838827718412,16.0,14.142135623730951,14.0356688476182,10.04987562112089,11.045361017187261,12.206555615733702,14.866068747318506,13.416407864998739,12.529964086141668,17.0,14.422205101855958,19.697715603592208,15.231546211727817,12.649110640673518,10.770329614269007,9.055385138137417,8.246211251235321,7.211102550927979,9.219544457292887,7.0710678118654755,5.0,1697810848.1031494
19.1049731745428,20.39607805437114,23.086792761230395,24.041630560342615,22.80350850198276,19.697715603592208,19.697715603592208,18.35755975068582,20.248456731316587,20.248456731316587,20.615528128088304,19.4164878389476,16.643316977093235,16.1245154965971,8.06225774829855,17.46424919657298,6.324555320336759,13.0,13.038404810405298,11.0,11.704699910719626,13.92838827718412,11.704699910719626,17.204650534085253,16.15549442140351,16.55294535724685,14.866068747318504,18.027756377319946,15.264337522473749,15.652475842498529,14.317821063276352,13.038404810405298,17.88854381999832,12.806248474865697,13.92838827718412,13.416407864998739,16.643316977093235,16.55294535724685,17.4928556845359,17.88854381999832,16.1245154965971,16.15549442140351,18.788294228055936,17.0,15.264337522473749,11.6619037896906,13.038404810405298,10.816653826391969,8.246211251235321,8.06225774829855,8.246211251235321,8.06225774829855,1697810848.1268907
16.15549442140351,18.867962264113206,17.720045146669353,18.38477631085024,23.53720459187964,16.0,17.0,25.179356624028344,23.021728866442675,19.1049731745428,19.026297590440446,17.46424919657298,14.0,12.041594578792294,13.0,9.219544457292889,6.324555320336759,9.219544457292887,12.727922061357857,15.264337522473749,11.180339887498949,15.556349186104047,13.416407864998739,13.453624047073712,19.209372712298546,19.209372712298546,16.1245154965971,23.430749027719962,18.38477631085024,17.804493814764854,17.69180601295413,18.027756377319946,12.727922061357857,12.206555615733702,13.453624047073712,14.7648230602334,14.866068747318506,15.0,17.804493814764854,19.697715603592208,20.615528128088304,15.652475842498529,20.0,18.60107523773827,13.892443989449806,14.422205101855958,11.313708498984761,11.6619037896906,8.94427190999916,8.0,9.219544457292889,9.219544457292889,1697810848.1935382
25.298221281347036,30.06659275674582,28.284271247461902,23.53720459187964,23.0,30.01666203960727,26.68332812825267,22.47220505424423,21.587033144922902,18.60107523773827,14.422205101855958,17.0,10.0,10.770329614269007,6.0827625302982185,10.0,11.704699910719626,10.0,11.045361017187261,6.0827625302982185,8.54400374531753,12.529964086141668,17.88854381999832,22.80350850198276,26.0,18.973665961010276,18.35755975068582,15.620499351813308,16.278820596099706,18.439088914585774,18.867962264113206,17.46424919657298,15.0,15.620499351813308,10.816653826391969,17.4928556845359,17.029386365926403,18.973665961010276,20.591260281974,13.416407864998739,16.76305461424021,13.601470508735444,16.1245154965971,14.142135623730951,15.0,12.806248474865697,14.866068747318504,10.63014581273465,13.601470508735444,10.44030650891055,12.36931687685298,5.385164807134504,1697810848.2085247
19.1049731745428,20.808652046684813,17.69180601295413,17.4928556845359,14.866068747318504,17.804493814764854,21.2602916254693,21.95449840010015,18.788294228055936,20.248456731316587,13.601470508735444,12.649110640673518,10.816653826391969,9.848857801796104,9.219544457292887,8.485281374238571,5.385164807134504,9.0,10.04987562112089,11.0,14.0356688476182,11.704699910719626,12.041594578792294,16.1245154965971,16.1245154965971,16.0312195418814,17.0,18.110770276274835,15.0,16.492422502470642,15.03329637837291,16.1245154965971,18.027756377319946,14.560219778561038,10.770329614269007,12.041594578792296,17.69180601295413,18.35755975068582,17.4928556845359,16.643316977093235,16.15549442140351,18.35755975068582,17.88854381999832,14.317821063276352,14.317821063276352,12.08304597359457,11.180339887498949,8.602325267042627,8.485281374238571,8.602325267042627,9.433981132056603,8.602325267042627,1697810848.2286136
16.278820596099706,18.38477631085024,17.804493814764854,20.0,20.808652046684813,16.1245154965971,19.4164878389476,16.643316977093235,18.35755975068582,15.231546211727817,14.142135623730951,13.0,9.433981132056603,10.816653826391969,4.0,5.8309518948453,4.0,9.219544457292889,8.0,13.0,11.180339887498949,15.132745950421555,14.142135623730951,15.132745950421555,18.0,16.0,17.029386365926403,17.26267650163207,16.1245154965971,15.132745950421555,16.0,16.0312195418814,13.152946437965904,11.180339887498949,12.08304597359457,14.142135623730951,18.439088914585774,15.811388300841896,18.027756377319946,17.204650534085253,17.4928556845359,15.811388300841896,17.4928556845359,15.264337522473749,12.529964086141668,11.6619037896906,10.0,8.602325267042627,9.433981132056603,10.770329614269007,11.180339887498949,11.704699910719626,1697810848.2538245
16.0,21.540659228538015,17.029386365926403,20.39607805437114,12.0,18.110770276274835,18.027756377319946,11.704699910719626,13.152946437965904,16.278820596099706,26.570660511172843,9.219544457292889,5.099019513592785,8.06225774829855,5.0,4.123105625617661,3.6055512754639896,5.385164807134504,12.0,9.055385138137417,10.44030650891055,12.0,13.038404810405298,14.0356688476182,16.0312195418814,13.038404810405298,14.142135623730951,15.132745950421555,12.649110640673518,11.6619037896906,12.36931687685298,13.341664064126334,11.40175425099138,5.099019513592785,10.816653826391969,13.453624047073712,16.15549442140351,15.0,12.529964086141668,12.806248474865697,11.313708498984761,15.0,14.317821063276352,9.848857801796104,10.770329614269007,6.324555320336759,6.324555320336759,7.0,8.602325267042627,6.4031242374328485,5.656854249492381,6.4031242374328485,1697810848.2824247
15.811388300841896,21.02379604162864,14.317821063276352,20.0,19.849433241279208,18.60107523773827,18.027756377319946,16.15549442140351,15.811388300841896,20.248456731316587,19.313207915827967,13.038404810405298,8.06225774829855,4.123105625617661,4.123105625617661,6.0827625302982185,4.123105625617661,6.324555320336759,5.0,7.0710678118654755,9.433981132056603,12.041594578792296,15.556349186104047,17.029386365926403,17.804493814764854,13.453624047073712,18.027756377319946,17.204650534085253,15.652475842498529,11.6619037896906,11.6619037896906,12.529964086141668,15.0,5.099019513592785,12.041594578792294,18.027756377319946,16.492422502470642,14.422205101855958,14.560219778561038,13.601470508735444,13.0,15.652475842498529,15.524174696260024,12.806248474865697,10.44030650891055,6.4031242374328485,10.295630140987,3.1622776601683795,5.385164807134504,6.0,7.0710678118654755,4.0,1697810848.312176
18.027756377319946,19.6468827043885,17.11724276862369,20.09975124224178,18.439088914585778,22.360679774997898,17.46424919657298,20.8806130178211,21.587033144922902,23.769728648009423,21.400934559032695,13.453624047073712,13.416407864998739,9.433981132056603,5.0,7.0710678118654755,5.0,6.708203932499369,10.0,8.06225774829855,13.152946437965904,15.524174696260024,7.0710678118654755,15.524174696260024,20.09975124224178,16.1245154965971,14.560219778561038,17.029386365926403,16.278820596099706,15.0,16.76305461424021,15.0,12.041594578792294,12.08304597359457,11.704699910719626,12.529964086141668,15.264337522473749,15.264337522473749,18.027756377319946,14.7648230602334,15.811388300841896,17.029386365926403,17.69180601295413,15.264337522473749,13.892443989449806,8.94427190999916,7.615773105863909,5.656854249492381,5.8309518948453,6.0,6.0827625302982185,8.06225774829855,1697810848.3287055
20.591260281974,20.12461179749811,23.021728866442675,23.430749027719962,19.4164878389476,21.02379604162864,24.207436873820413,22.627416997969522,20.518284528683193,22.022715545545243,21.095023109728988,10.816653826391969,11.180339887498949,12.806248474865697,10.0,6.0,3.1622776601683795,6.4031242374328485,6.4031242374328485,4.242640687119286,7.615773105863909,12.206555615733702,11.40175425099138,9.219544457292887,17.204650534085253,16.401219466856727,13.453624047073712,12.727922061357857,17.69180601295413,14.142135623730951,14.866068747318504,15.811388300841896,8.602325267042627,14.7648230602334,12.0,17.029386365926403,13.892443989449806,18.110770276274835,15.524174696260024,15.297058540778355,18.248287590894655,18.027756377319946,20.09975124224178,13.0,15.132745950421555,10.04987562112089,10.0,7.0,7.280109889280519,7.280109889280519,7.211102550927979,5.8309518948453,1697810848.3663611
20.248456731316587,25.80697580112788,26.400757564888174,22.627416997969522,22.671568097509265,21.2602916254693,27.018512172212596,21.633307652783937,23.3452350598575,22.360679774997898,24.16609194718914,18.788294228055936,13.416407864998739,15.620499351813308,11.313708498984761,9.219544457292887,7.0710678118654755,8.246211251235321,5.385164807134504,9.433981132056603,14.317821063276352,17.46424919657298,17.88854381999832,18.60107523773827,23.08679276123039,17.46424919657298,18.788294228055936,22.360679774997898,13.0,22.022715545545243,19.697715603592208,22.825424421026653,14.560219778561038,13.453624047073712,16.643316977093235,17.08800749063506,19.924858845171276,19.313207915827967,20.615528128088304,20.615528128088304,19.697715603592208,18.248287590894655,24.351591323771842,15.811388300841898,16.401219466856727,13.416407864998739,12.206555615733702,11.40175425099138,8.0,8.246211251235321,8.246211251235321,9.055385138137417,1697810848.4288037
19.723082923316017,20.591260281974,23.021728866442675,23.853720883753127,23.853720883753127,20.0,22.47220505424423,20.808652046684813,20.808652046684813,20.615528128088304,19.849433241279208,16.970562748477143,11.313708498984761,12.727922061357857,7.0710678118654755,5.8309518948453,1.4142135623730951,1.4142135623730951,3.0,8.06225774829855,11.180339887498949,12.041594578792294,14.422205101855958,15.811388300841898,20.09975124224178,18.248287590894655,18.681541692269406,15.811388300841898,17.4928556845359,15.0,15.811388300841898,15.524174696260024,15.524174696260024,7.810249675906654,8.94427190999916,12.165525060596437,13.601470508735444,13.038404810405298,19.026297590440446,17.11724276862369,18.027756377319946,17.11724276862369,20.09975124224178,16.0312195418814,16.0,12.0,13.152946437965904,10.19803902718557,8.06225774829855,6.0,7.280109889280519,2.8284271247461903,1697810848.5323281
7.0,3.6055512754639896,8.0,6.4031242374328485,13.038404810405298,11.6619037896906,18.027756377319946,18.867962264113206,23.259406699226012,26.832815729997478,30.413812651491096,32.984845004941285,32.984845004941285,31.780497164141405,29.1547594742265,31.57530680769389,25.179356624028344,24.0,23.086792761230395,21.213203435596427,14.317821063276352,17.029386365926403,16.76305461424021,10.04987562112089,5.385164807134504,7.615773105863909,10.19803902718557,11.40175425099138,12.165525060596437,14.317821063276352,13.892443989449806,17.46424919657298,19.6468827043885,17.720045146669353,16.492422502470642,13.92838827718412,11.180339887498949,7.211102550927979,9.433981132056603,14.317821063276352,17.11724276862369,17.0,19.026297590440446,22.090722034374522,24.0,27.073972741361768,29.1547594742265,42.1070065428546,29.017236257093817,26.076809620810597,25.01999200639361,24.083189157584588,1697810848.7310658
2.23606797749979,8.0,5.8309518948453,7.280109889280519,9.219544457292889,29.0,22.472205054244235,15.264337522473749,31.780497164141405,25.079872407968903,33.13608305156178,32.14031735997639,30.06659275674582,31.016124838541643,26.1725046566048,29.068883707497264,24.698178070456937,24.331050121192874,21.587033144922902,17.88854381999832,23.40939982143925,23.086792761230395,18.248287590894655,3.1622776601683795,6.0827625302982185,13.453624047073712,12.0,17.4928556845359,16.1245154965971,11.180339887498949,15.811388300841896,18.681541692269406,19.4164878389476,15.652475842498529,16.278820596099706,9.848857801796104,9.055385138137417,13.92838827718412,13.038404810405298,11.180339887498949,13.601470508735444,14.422205101855958,25.455844122715714,20.518284528683193,23.021728866442675,24.413111231467404,26.92582403567252,27.313000567495326,25.63201123595259,22.847319317591726,20.248456731316587,27.313000567495326,1697810848.750503
4.47213595499958,5.385164807134504,10.770329614269007,13.0,15.524174696260024,15.0,23.0,23.021728866442675,28.160255680657446,27.16615541441225,30.413812651491096,29.410882339705488,30.083217912982647,31.304951684997057,27.313000567495326,34.92849839314596,28.30194339616981,27.459060435491963,20.591260281974,18.38477631085024,18.439088914585778,18.110770276274835,17.08800749063506,11.180339887498949,6.708203932499369,10.0,10.63014581273465,14.142135623730951,13.601470508735444,15.264337522473749,14.422205101855958,18.788294228055936,20.591260281974,18.867962264113206,18.027756377319946,15.0,12.08304597359457,11.045361017187261,12.165525060596437,13.341664064126334,15.652475842498529,16.1245154965971,19.723082923316017,18.60107523773827,23.853720883753127,24.69817807045694,26.419689627245813,26.832815729997478,26.400757564888174,25.059928172283335,23.706539182259394,22.47220505424423,1697810848.758505
5.099019513592785,5.0,10.816653826391969,13.038404810405298,13.0,17.46424919657298,20.6155281280883,23.706539182259394,26.076809620810597,28.0178514522438,30.80584360149873,33.30165161069342,31.112698372208094,30.4138126514911,29.068883707497267,31.240998703626616,27.459060435491963,25.238858928247925,22.47220505424423,20.248456731316587,17.804493814764854,17.69180601295413,15.0,11.313708498984761,9.848857801796104,12.0,13.152946437965904,13.601470508735444,15.231546211727817,15.652475842498529,15.264337522473749,18.60107523773827,19.723082923316017,18.788294228055936,17.46424919657298,13.416407864998739,12.806248474865697,10.0,12.36931687685298,15.297058540778355,16.278820596099706,18.027756377319946,21.095023109728984,22.090722034374522,25.01999200639361,26.019223662515373,28.0,28.0713376952364,27.073972741361768,25.01999200639361,23.0,23.086792761230395,1697810848.781732
1.4142135623730951,6.4031242374328485,17.0,0.0,4.0,10.19803902718557,21.213203435596427,19.723082923316017,30.463092423455635,28.30194339616981,26.627053911388693,36.235341863986875,32.526911934581186,28.284271247461902,26.1725046566048,31.112698372208094,28.600699292150182,26.92582403567252,24.413111231467404,21.93171219946131,15.0,16.970562748477143,8.06225774829855,6.4031242374328485,11.180339887498949,17.4928556845359,9.219544457292887,17.029386365926403,12.727922061357857,14.866068747318504,15.0,18.35755975068582,18.60107523773827,21.2602916254693,24.041630560342618,18.60107523773827,14.212670403551895,8.246211251235321,18.110770276274835,13.601470508735444,15.231546211727817,17.029386365926403,19.1049731745428,19.1049731745428,26.248809496813372,27.459060435491963,28.0178514522438,31.064449134018133,26.627053911388693,25.0,24.207436873820413,21.213203435596427,1697810848.7887316
3.6055512754639896,4.123105625617661,9.848857801796104,11.045361017187261,13.341664064126334,15.297058540778355,20.615528128088304,21.587033144922902,24.515301344262525,29.017236257093817,28.284271247461902,32.0624390837628,29.27456233660889,29.27456233660889,28.284271247461902,31.40063693621516,26.305892875931807,22.135943621178658,21.213203435596427,20.248456731316587,16.492422502470642,17.029386365926403,15.811388300841898,4.123105625617661,9.848857801796104,12.041594578792296,13.601470508735444,13.416407864998739,16.1245154965971,16.76305461424021,14.560219778561038,17.11724276862369,21.840329667841555,19.313207915827967,14.560219778561038,15.231546211727817,14.0356688476182,12.041594578792294,12.529964086141668,17.204650534085253,19.723082923316017,18.60107523773827,24.08318915758459,24.839484696748443,26.1725046566048,29.0,28.31960451701259,31.89043743820395,30.0,28.42534080710379,25.495097567963924,26.907248094147423,1697810848.795877
1.4142135623730951,2.0,6.708203932499369,8.06225774829855,11.40175425099138,11.704699910719626,13.0,15.652475842498529,16.643316977093235,21.213203435596427,23.3238075793812,21.213203435596427,25.495097567963924,21.2602916254693,18.35755975068582,21.470910553583888,16.643316977093235,17.88854381999832,17.029386365926403,15.524174696260024,9.219544457292887,14.142135623730951,7.810249675906654,6.324555320336759,11.40175425099138,8.0,9.219544457292889,10.04987562112089,11.40175425099138,12.041594578792294,17.204650534085253,13.152946437965904,17.0,12.806248474865697,16.278820596099706,4.0,8.06225774829855,9.433981132056603,12.08304597359457,13.92838827718412,16.1245154965971,13.341664064126334,19.6468827043885,16.0312195418814,19.4164878389476,19.313207915827967,22.472205054244235,20.12461179749811,19.697715603592208,21.540659228538015,20.615528128088304,18.439088914585778,1697810848.8065977
5.0,2.23606797749979,9.219544457292887,11.40175425099138,14.422205101855958,15.811388300841898,21.633307652783937,22.80350850198276,24.413111231467404,26.248809496813372,28.31960451701259,33.97057550292606,29.832867780352593,27.65863337187866,26.076809620810597,30.23243291566195,24.698178070456937,23.769728648009426,21.931712199461305,20.248456731316587,12.08304597359457,14.212670403551895,14.212670403551895,12.041594578792296,12.165525060596437,12.041594578792294,13.038404810405298,15.132745950421555,16.1245154965971,15.524174696260024,16.15549442140351,19.313207915827967,20.8806130178211,18.973665961010276,17.720045146669353,11.180339887498949,12.806248474865697,11.40175425099138,13.416407864998739,16.76305461424021,19.697715603592208,21.540659228538015,25.317977802344327,25.709920264364882,25.96150997149434,31.953090617340916,32.69556544854363,30.413812651491096,31.016124838541646,29.154759474226502,27.51363298439521,25.709920264364882,1697810848.8136022
4.123105625617661,4.242640687119286,11.704699910719626,10.44030650891055,13.341664064126334,17.08800749063506,20.6155281280883,21.470910553583888,28.178005607210743,27.78488797889961,27.459060435491963,32.64965543462902,29.068883707497267,30.479501308256342,28.600699292150182,40.45985664828782,30.886890422961002,38.470768123342694,28.42534080710379,14.866068747318504,17.029386365926403,15.620499351813308,15.556349186104047,12.806248474865697,11.704699910719626,12.041594578792294,13.341664064126334,14.866068747318506,14.866068747318506,15.264337522473749,13.038404810405298,18.60107523773827,18.35755975068582,20.248456731316587,16.1245154965971,13.892443989449806,12.041594578792296,11.6619037896906,12.165525060596437,17.11724276862369,20.024984394500787,20.0,24.020824298928627,24.186773244895647,28.0713376952364,30.0,32.0624390837628,29.068883707497264,29.27456233660889,26.1725046566048,24.083189157584588,24.0,1697810848.8248656
3.6055512754639896,4.123105625617661,8.246211251235321,9.055385138137417,12.529964086141668,13.92838827718412,20.223748416156685,15.132745950421555,22.02271554554524,22.02271554554524,23.086792761230395,28.0,26.1725046566048,26.68332812825267,24.041630560342615,24.041630560342615,21.840329667841555,19.313207915827967,16.492422502470642,12.649110640673518,12.041594578792294,14.0356688476182,12.165525060596437,9.219544457292889,9.848857801796104,11.40175425099138,12.806248474865697,12.806248474865697,13.601470508735444,13.038404810405298,13.892443989449806,15.652475842498529,17.4928556845359,15.264337522473749,14.422205101855958,11.704699910719626,10.04987562112089,10.04987562112089,11.704699910719626,13.416407864998739,15.652475842498529,16.643316977093235,20.0,19.1049731745428,22.022715545545243,22.022715545545243,24.69817807045694,24.596747752497688,23.259406699226012,21.095023109728988,20.591260281974,19.209372712298546,1697810848.843639
4.0,5.099019513592785,10.04987562112089,12.165525060596437,15.132745950421555,16.492422502470642,22.20360331117452,24.0,26.0,28.0713376952364,31.016124838541643,34.23448553724738,31.57530680769389,30.80584360149873,28.160255680657446,32.01562118716424,26.0,25.079872407968903,20.6155281280883,18.973665961010276,17.26267650163207,17.11724276862369,15.132745950421555,13.0,10.770329614269007,13.038404810405298,14.142135623730951,15.811388300841896,15.264337522473749,14.7648230602334,14.866068747318506,17.720045146669353,18.38477631085024,17.88854381999832,16.55294535724685,12.649110640673518,10.04987562112089,11.045361017187261,16.1245154965971,15.811388300841896,16.401219466856727,13.453624047073712,22.627416997969522,22.671568097509265,26.1725046566048,29.698484809834998,30.4138126514911,26.1725046566048,30.23243291566195,26.400757564888174,21.93171219946131,21.93171219946131,1697810848.8526385
4.123105625617661,13.601470508735444,17.88854381999832,17.88854381999832,4.0,12.0,13.152946437965904,20.248456731316587,21.095023109728988,24.413111231467404,28.30194339616981,29.832867780352593,27.58622844826744,29.0,24.413111231467404,26.248809496813372,23.853720883753127,22.360679774997898,17.4928556845359,19.1049731745428,16.643316977093235,17.4928556845359,16.278820596099706,15.231546211727817,8.485281374238571,14.142135623730951,9.055385138137417,14.7648230602334,10.770329614269007,15.231546211727817,12.727922061357857,17.204650534085253,18.60107523773827,16.278820596099706,16.492422502470642,13.0,6.4031242374328485,5.0,15.03329637837291,20.223748416156685,16.0312195418814,14.0,22.02271554554524,21.095023109728984,19.1049731745428,25.01999200639361,26.0,26.019223662515373,24.083189157584588,23.194827009486403,22.090722034374522,24.515301344262525,1697810848.8598585
12.041594578792294,10.04987562112089,6.4031242374328485,11.40175425099138,10.816653826391969,21.2602916254693,24.16609194718914,24.413111231467404,25.942243542145697,23.60084744241189,28.65309756378881,31.304951684997057,32.89376840679706,27.202941017470888,28.460498941515414,32.28002478313795,23.769728648009423,22.360679774997898,19.4164878389476,16.0312195418814,13.892443989449806,15.652475842498529,13.453624047073712,5.099019513592785,9.486832980505138,11.180339887498949,15.297058540778355,13.038404810405298,18.0,11.180339887498949,15.231546211727817,17.26267650163207,18.681541692269406,18.027756377319946,12.041594578792294,13.152946437965904,13.453624047073712,12.041594578792296,15.0,16.1245154965971,22.80350850198276,21.840329667841555,24.083189157584588,25.01999200639361,27.018512172212592,27.073972741361768,30.06659275674582,29.832867780352593,29.27456233660889,25.079872407968907,26.1725046566048,26.019223662515373,1697810848.8696475
5.099019513592785,5.0,9.055385138137417,13.038404810405298,14.0,18.110770276274835,21.023796041628636,21.377558326431952,21.023796041628636,25.495097567963924,32.01562118716424,31.32091952673165,31.04834939252005,29.154759474226502,28.635642126552703,30.870698080866262,26.92582403567252,24.186773244895647,20.591260281974,17.88854381999832,15.652475842498529,17.46424919657298,11.180339887498949,11.180339887498949,9.486832980505138,11.40175425099138,14.142135623730951,11.313708498984761,13.0,13.892443989449806,14.317821063276352,16.55294535724685,17.08800749063506,14.422205101855958,15.811388300841896,8.54400374531753,11.045361017187261,10.295630140987,14.317821063276352,15.0,17.804493814764854,19.849433241279208,22.022715545545243,26.248809496813372,24.08318915758459,29.410882339705484,28.600699292150182,27.459060435491963,26.076809620810597,24.839484696748443,24.08318915758459,21.93171219946131,1697810848.8788521
5.0,4.47213595499958,6.0827625302982185,6.324555320336759,12.0,13.892443989449806,10.63014581273465,17.0,16.401219466856727,19.4164878389476,17.029386365926403,23.430749027719962,21.633307652783937,23.60084744241189,21.470910553583888,23.60084744241189,22.627416997969522,11.0,17.26267650163207,11.704699910719626,13.416407864998739,11.180339887498949,9.219544457292887,8.602325267042627,8.54400374531753,9.055385138137417,8.06225774829855,10.04987562112089,11.0,12.36931687685298,13.416407864998739,11.045361017187261,15.132745950421555,8.54400374531753,11.0,5.0,15.556349186104047,8.06225774829855,13.0,11.704699910719626,19.235384061671343,7.0710678118654755,18.248287590894655,17.26267650163207,24.515301344262525,18.027756377319946,19.235384061671347,17.720045146669353,17.46424919657298,16.492422502470642,17.46424919657298,14.142135623730951,1697810848.8849072
4.47213595499958,4.123105625617661,9.219544457292887,11.40175425099138,13.416407864998739,17.804493814764854,21.93171219946131,21.93171219946131,22.80350850198276,25.80697580112788,27.018512172212596,32.64965543462902,31.304951684997057,24.698178070456937,25.238858928247925,34.9857113690718,23.259406699226012,22.561028345356952,25.298221281347036,12.727922061357857,21.633307652783937,17.029386365926403,17.69180601295413,9.219544457292887,7.615773105863909,12.0,12.649110640673518,12.08304597359457,15.524174696260024,13.152946437965904,14.866068747318504,15.811388300841896,21.02379604162864,22.203603311174515,15.811388300841898,14.866068747318506,7.280109889280519,15.297058540778355,12.08304597359457,18.439088914585778,21.023796041628636,18.681541692269406,24.331050121192874,29.27456233660889,25.495097567963924,33.13608305156178,33.015148038438355,31.016124838541643,25.0,22.0,27.0,20.8806130178211,1697810848.890853
21.587033144922902,3.0,12.08304597359457,9.433981132056603,16.1245154965971,12.806248474865697,21.93171219946131,18.027756377319946,25.495097567963924,23.021728866442675,24.413111231467404,29.20616373302047,28.178005607210743,24.16609194718914,26.92582403567252,25.238858928247925,22.472205054244235,17.46424919657298,19.4164878389476,15.811388300841898,18.60107523773827,13.453624047073712,12.08304597359457,8.94427190999916,10.04987562112089,7.615773105863909,11.704699910719626,15.811388300841898,12.041594578792294,15.524174696260024,13.601470508735444,17.4928556845359,19.235384061671343,18.248287590894655,16.492422502470642,14.7648230602334,6.4031242374328485,19.313207915827967,12.36931687685298,11.40175425099138,18.0,20.024984394500787,23.194827009486403,21.023796041628636,26.076809620810597,25.079872407968907,28.0,27.073972741361768,23.086792761230395,23.021728866442675,22.02271554554524,20.0,1697810848.896672
5.385164807134504,3.0,7.280109889280519,11.0,13.152946437965904,17.11724276862369,22.02271554554524,21.0,25.179356624028344,24.186773244895647,29.068883707497264,29.427877939124325,28.284271247461902,27.892651361962706,26.92582403567252,28.160255680657446,22.135943621178658,21.931712199461305,18.973665961010276,16.278820596099706,13.152946437965904,17.029386365926403,10.816653826391969,12.041594578792294,19.697715603592208,9.219544457292887,12.806248474865697,15.524174696260024,11.180339887498949,15.0,14.0,18.110770276274835,17.11724276862369,19.026297590440446,13.0,12.0,11.0,9.899494936611665,9.899494936611665,12.206555615733702,17.4928556845359,16.76305461424021,17.46424919657298,20.223748416156685,25.317977802344327,27.202941017470888,25.63201123595259,26.570660511172843,26.92582403567252,23.40939982143925,19.924858845171276,21.095023109728984,1697810848.90289
1.0,9.0,12.36931687685298,13.92838827718412,17.11724276862369,18.248287590894655,21.213203435596427,25.079872407968907,25.01999200639361,27.018512172212592,31.016124838541643,38.05259518088089,31.256999216175565,28.017851452243796,30.26549190084311,30.413812651491096,26.68332812825267,26.400757564888174,20.6155281280883,16.55294535724685,15.132745950421555,17.0,15.132745950421555,8.06225774829855,8.602325267042627,11.40175425099138,16.1245154965971,18.35755975068582,17.4928556845359,16.76305461424021,15.297058540778355,18.248287590894655,21.377558326431952,18.35755975068582,16.0,14.0356688476182,17.720045146669353,10.44030650891055,12.727922061357857,20.0,16.970562748477143,21.213203435596427,20.808652046684813,25.612496949731394,23.3452350598575,29.832867780352593,31.144823004794873,29.068883707497267,28.31960451701259,26.1725046566048,24.08318915758459,23.021728866442675,1697810848.9099
1.4142135623730951,16.1245154965971,13.92838827718412,13.0,22.360679774997898,20.09975124224178,20.0,19.1049731745428,27.018512172212592,26.1725046566048,24.020824298928627,26.076809620810597,26.019223662515373,28.0,26.305892875931807,25.01999200639361,20.615528128088304,21.0,20.223748416156685,16.76305461424021,12.165525060596437,9.848857801796104,12.0,11.40175425099138,7.0710678118654755,8.54400374531753,10.04987562112089,12.36931687685298,15.0,13.601470508735444,15.0,21.931712199461305,11.40175425099138,13.038404810405298,10.816653826391969,8.54400374531753,9.848857801796104,3.1622776601683795,8.54400374531753,13.92838827718412,14.317821063276352,15.524174696260024,20.808652046684813,20.8806130178211,21.540659228538015,18.60107523773827,24.839484696748443,25.079872407968903,26.076809620810597,21.95449840010015,20.6155281280883,19.697715603592208,1697810848.9339557
3.1622776601683795,8.54400374531753,11.704699910719626,15.524174696260024,18.110770276274835,17.26267650163207,22.360679774997898,23.086792761230395,25.179356624028344,28.017851452243796,29.017236257093817,31.016124838541643,28.284271247461902,28.0713376952364,28.284271247461902,28.284271247461902,25.495097567963924,23.769728648009423,20.8806130178211,17.26267650163207,14.560219778561038,15.03329637837291,12.041594578792294,7.0710678118654755,8.602325267042627,10.816653826391969,12.206555615733702,15.652475842498529,14.7648230602334,14.317821063276352,14.560219778561038,18.027756377319946,18.973665961010276,16.15549442140351,14.866068747318506,11.40175425099138,11.180339887498949,9.055385138137417,12.08304597359457,15.0,15.620499351813308,16.278820596099706,19.1049731745428,21.2602916254693,24.041630560342618,24.758836806279895,28.31960451701259,25.80697580112788,25.238858928247925,23.430749027719962,21.93171219946131,21.2602916254693,1697810848.9459162
7.0,14.317821063276352,5.0,17.0,24.698178070456937,26.570660511172843,29.698484809834998,32.01562118716424,26.076809620810597,27.51363298439521,24.351591323771842,33.52610922848042,30.413812651491096,27.073972741361768,17.0,35.510561809129406,27.0,26.076809620810597,24.083189157584588,10.19803902718557,10.19803902718557,15.297058540778355,15.132745950421555,9.433981132056603,12.165525060596437,11.0,13.152946437965904,16.0312195418814,18.973665961010276,13.0,18.973665961010276,22.135943621178658,24.351591323771842,25.317977802344327,16.76305461424021,14.560219778561038,8.0,13.0,16.1245154965971,15.132745950421555,22.135943621178658,24.083189157584588,28.0,26.076809620810597,28.017851452243796,29.120439557122076,30.06659275674582,32.01562118716424,25.495097567963924,27.073972741361768,25.179356624028344,21.023796041628636,1697810848.950914
3.6055512754639896,5.0,8.485281374238571,9.433981132056603,13.453624047073712,13.453624047073712,15.620499351813308,13.453624047073712,18.38477631085024,19.697715603592208,27.459060435491963,29.154759474226502,18.35755975068582,18.248287590894655,14.7648230602334,18.788294228055936,18.788294228055936,9.486832980505138,10.0,9.219544457292889,9.219544457292887,12.806248474865697,10.0,2.8284271247461903,6.0827625302982185,9.219544457292889,7.0710678118654755,7.211102550927979,9.486832980505138,8.94427190999916,9.848857801796104,12.0,11.045361017187261,16.643316977093235,7.280109889280519,7.211102550927979,10.295630140987,12.08304597359457,10.770329614269007,10.0,11.40175425099138,8.06225774829855,9.055385138137417,16.278820596099706,15.132745950421555,14.317821063276352,18.110770276274835,19.1049731745428,18.027756377319946,13.152946437965904,12.041594578792294,12.041594578792294,1697810848.9559147
6.324555320336759,7.280109889280519,13.601470508735444,15.132745950421555,19.6468827043885,19.6468827043885,22.20360331117452,23.021728866442675,25.01999200639361,27.073972741361768,27.16615541441225,29.120439557122076,27.51363298439521,25.298221281347036,24.69817807045694,26.832815729997478,23.259406699226012,21.095023109728988,16.643316977093235,15.231546211727817,14.317821063276352,13.92838827718412,10.44030650891055,8.06225774829855,9.486832980505138,14.422205101855958,14.866068747318504,16.970562748477143,16.401219466856727,16.643316977093235,16.401219466856727,19.849433241279208,17.69180601295413,17.029386365926403,17.69180601295413,13.038404810405298,6.0,18.867962264113206,11.40175425099138,22.80350850198276,18.439088914585778,18.110770276274835,20.615528128088304,16.55294535724685,26.476404589747453,30.80584360149873,32.0624390837628,24.186773244895647,30.01666203960727,22.02271554554524,21.095023109728984,20.0,1697810848.9608502
6.4031242374328485,10.770329614269007,15.811388300841896,17.69180601295413,16.970562748477143,19.1049731745428,20.518284528683193,22.671568097509265,22.627416997969522,26.400757564888174,30.4138126514911,29.410882339705484,27.78488797889961,28.30194339616981,26.92582403567252,26.627053911388693,24.186773244895647,19.697715603592208,17.4928556845359,13.892443989449806,12.806248474865697,11.313708498984761,9.433981132056603,8.06225774829855,10.19803902718557,9.219544457292889,13.341664064126334,14.212670403551895,13.892443989449806,11.313708498984761,17.69180601295413,19.79898987322333,17.029386365926403,16.278820596099706,16.15549442140351,16.55294535724685,12.041594578792296,2.8284271247461903,10.0,9.848857801796104,17.11724276862369,20.39607805437114,23.706539182259394,17.11724276862369,25.079872407968903,31.04834939252005,29.27456233660889,22.472205054244235,27.29468812791236,23.769728648009426,22.825424421026653,21.633307652783937,1697810848.9808905
5.099019513592785,10.19803902718557,15.03329637837291,16.0312195418814,18.027756377319946,18.110770276274835,21.213203435596427,22.561028345356952,24.515301344262525,26.248809496813376,27.51363298439521,28.635642126552703,25.059928172283335,23.706539182259394,21.95449840010015,25.495097567963924,20.248456731316587,20.0,15.811388300841896,13.892443989449806,10.770329614269007,11.180339887498949,9.055385138137417,7.280109889280519,8.602325267042627,12.041594578792296,12.806248474865697,14.422205101855958,14.422205101855958,15.652475842498529,15.231546211727817,18.38477631085024,17.88854381999832,16.1245154965971,14.7648230602334,12.08304597359457,11.045361017187261,11.180339887498949,13.0,15.652475842498529,17.88854381999832,17.4928556845359,22.203603311174515,22.203603311174515,24.413111231467404,24.413111231467404,26.076809620810597,25.553864678361276,25.059928172283335,23.3238075793812,22.47220505424423,20.808652046684813,1697810848.986892
7.280109889280519,13.601470508735444,15.811388300841898,19.235384061671347,18.681541692269406,18.439088914585778,22.360679774997898,25.0,27.018512172212592,27.073972741361768,30.413812651491096,32.38826948140329,28.861739379323623,27.658633371878665,26.476404589747453,30.59411708155671,23.259406699226012,25.079872407968903,19.313207915827967,17.08800749063506,12.0,11.180339887498949,11.045361017187261,10.770329614269007,7.810249675906654,11.180339887498949,13.0,15.524174696260024,16.15549442140351,15.297058540778355,15.0,18.110770276274835,19.235384061671347,17.46424919657298,15.132745950421555,10.04987562112089,14.317821063276352,11.180339887498949,14.142135623730951,18.439088914585774,20.518284528683193,18.60107523773827,22.80350850198276,23.021728866442675,27.202941017470888,28.844410203711917,28.600699292150182,29.832867780352593,28.31960451701259,26.400757564888174,23.60084744241189,21.95449840010015,1697810848.9936392
5.0,10.770329614269007,16.278820596099706,15.03329637837291,19.1049731745428,22.090722034374522,20.223748416156685,23.345235059857504,26.076809620810597,25.495097567963924,29.410882339705488,29.410882339705488,26.400757564888174,27.85677655436824,21.02379604162864,26.570660511172843,23.706539182259394,20.591260281974,18.439088914585774,11.6619037896906,9.486832980505138,12.041594578792294,10.04987562112089,8.94427190999916,9.219544457292887,12.206555615733702,12.529964086141668,16.15549442140351,13.416407864998739,16.278820596099706,17.11724276862369,18.439088914585778,19.6468827043885,17.08800749063506,19.235384061671347,14.0356688476182,13.152946437965904,10.0,13.601470508735444,16.278820596099706,19.79898987322333,20.615528128088304,23.60084744241189,25.0,23.60084744241189,26.400757564888174,26.870057685088806,28.31960451701259,26.870057685088806,25.495097567963924,24.207436873820413,23.021728866442675,1697810849.0006394
15.811388300841896,16.278820596099706,18.38477631085024,30.23243291566195,30.463092423455635,22.090722034374522,20.223748416156685,23.345235059857504,26.076809620810597,25.495097567963924,29.410882339705488,29.410882339705488,26.400757564888174,27.85677655436824,21.02379604162864,52.63078946776307,49.65883607174055,43.08131845707603,34.539832078341085,28.460498941515414,29.120439557122076,20.09975124224178,23.194827009486403,13.152946437965904,16.401219466856727,21.095023109728988,21.540659228538015,25.709920264364882,28.861739379323623,28.284271247461902,31.0,18.439088914585778,19.6468827043885,17.08800749063506,19.235384061671347,23.345235059857504,21.840329667841555,21.633307652783937,31.112698372208094,34.43835071544513,19.79898987322333,31.144823004794873,23.60084744241189,25.0,23.60084744241189,26.400757564888174,26.870057685088806,28.31960451701259,26.870057685088806,25.495097567963924,24.207436873820413,23.021728866442675,1697810849.0147936
3.1622776601683795,10.0,14.0,14.317821063276352,18.110770276274835,15.297058540778355,17.88854381999832,22.135943621178658,20.248456731316587,19.723082923316017,24.186773244895647,29.0,26.248809496813372,25.612496949731394,20.12461179749811,23.021728866442675,25.298221281347036,23.853720883753127,22.022715545545243,17.204650534085253,19.697715603592208,10.19803902718557,11.180339887498949,4.123105625617661,2.23606797749979,3.0,11.180339887498949,9.219544457292889,12.041594578792296,13.453624047073712,12.529964086141668,18.439088914585774,17.204650534085253,12.041594578792296,10.0,8.06225774829855,8.54400374531753,12.0,15.297058540778355,19.1049731745428,18.110770276274835,21.377558326431952,21.18962010041709,19.4164878389476,26.019223662515373,25.179356624028344,24.083189157584588,25.317977802344327,28.160255680657446,21.095023109728984,23.021728866442675,21.095023109728984,1697810849.0288832
7.280109889280519,10.816653826391969,11.704699910719626,14.142135623730951,13.416407864998739,17.11724276862369,18.248287590894655,19.026297590440446,19.026297590440446,21.0,21.377558326431952,25.179356624028344,20.223748416156685,21.633307652783937,20.39607805437114,27.294688127912362,21.213203435596427,17.4928556845359,16.55294535724685,11.180339887498949,12.36931687685298,7.0710678118654755,10.04987562112089,7.0,5.385164807134504,8.246211251235321,6.0827625302982185,9.219544457292889,12.206555615733702,10.19803902718557,14.7648230602334,14.0356688476182,11.704699910719626,12.041594578792294,13.038404810405298,10.04987562112089,12.529964086141668,12.36931687685298,9.219544457292889,15.811388300841898,17.46424919657298,19.697715603592208,24.020824298928627,21.213203435596427,29.61418578992169,25.709920264364882,26.68332812825267,22.847319317591726,25.63201123595259,20.223748416156685,20.223748416156685,28.0713376952364,1697810849.0354788
7.0710678118654755,12.649110640673518,21.840329667841555,16.0,17.029386365926403,18.110770276274835,17.46424919657298,23.40939982143925,25.079872407968903,26.0,22.825424421026653,29.5296461204668,27.459060435491963,26.076809620810597,33.12099032335839,24.207436873820413,22.627416997969522,19.209372712298546,18.38477631085024,13.453624047073712,8.94427190999916,11.180339887498949,10.295630140987,5.099019513592785,6.4031242374328485,10.0,10.770329614269007,11.045361017187261,10.04987562112089,15.524174696260024,18.248287590894655,18.027756377319946,19.0,15.0,15.03329637837291,10.04987562112089,11.40175425099138,14.422205101855958,17.720045146669353,21.18962010041709,23.706539182259394,16.492422502470642,26.92582403567252,26.92582403567252,33.24154027718932,33.060550509633075,32.31098884280702,31.780497164141405,28.460498941515414,38.07886552931954,27.459060435491963,24.186773244895647,1697810849.0424879
10.295630140987,14.0356688476182,16.15549442140351,15.264337522473749,19.4164878389476,16.55294535724685,25.612496949731394,25.0,23.60084744241189,29.20616373302047,26.627053911388693,33.97057550292606,29.73213749463701,26.400757564888174,30.479501308256342,22.80350850198276,26.400757564888174,26.1725046566048,9.433981132056603,17.69180601295413,4.123105625617661,8.602325267042627,7.810249675906654,3.6055512754639896,3.6055512754639896,7.211102550927979,2.23606797749979,7.0710678118654755,12.041594578792296,15.264337522473749,16.970562748477143,17.204650534085253,19.4164878389476,15.0,10.19803902718557,10.44030650891055,7.810249675906654,10.04987562112089,22.671568097509265,23.259406699226012,15.231546211727817,24.186773244895647,25.80697580112788,24.69817807045694,33.30165161069342,31.400636936215164,34.20526275297414,31.89043743820395,27.202941017470888,28.31960451701259,27.80287754891569,20.808652046684813,1697810849.0717742
18.439088914585778,12.041594578792294,23.3452350598575,8.246211251235321,11.704699910719626,20.248456731316587,21.931712199461305,23.3238075793812,27.78488797889961,21.95449840010015,29.410882339705484,30.886890422961002,22.80350850198276,20.591260281974,20.615528128088304,31.38470965295043,24.083189157584588,19.026297590440446,9.219544457292887,3.6055512754639896,6.324555320336759,0.0,1.0,11.40175425099138,7.0710678118654755,9.055385138137417,1.0,7.810249675906654,12.206555615733702,10.63014581273465,12.36931687685298,13.601470508735444,14.866068747318506,14.212670403551895,17.88854381999832,11.704699910719626,3.6055512754639896,11.045361017187261,16.0312195418814,24.351591323771842,19.697715603592208,25.079872407968907,26.019223662515373,24.186773244895647,28.160255680657446,29.1547594742265,31.016124838541643,29.1547594742265,22.80350850198276,23.021728866442675,18.027756377319946,22.47220505424423,1697810849.0797224
11.704699910719626,16.0312195418814,28.442925306655788,16.55294535724685,30.083217912982644,9.0,30.413812651491096,23.08679276123039,21.095023109728988,19.235384061671347,19.313207915827967,20.12461179749811,22.47220505424423,24.083189157584588,18.788294228055936,22.360679774997898,13.601470508735444,18.788294228055936,4.242640687119286,17.46424919657298,10.0,1.4142135623730951,12.529964086141668,5.656854249492381,1.0,8.246211251235321,2.8284271247461903,13.453624047073712,7.810249675906654,10.0,12.806248474865697,7.615773105863909,18.60107523773827,7.615773105863909,13.038404810405298,3.1622776601683795,8.54400374531753,4.123105625617661,18.973665961010276,16.643316977093235,15.811388300841896,16.76305461424021,22.80350850198276,22.360679774997898,25.317977802344327,21.095023109728984,29.61418578992169,18.0,21.095023109728984,19.4164878389476,18.110770276274835,15.231546211727817,1697810849.0906496
9.219544457292889,14.317821063276352,13.038404810405298,13.601470508735444,17.804493814764854,14.212670403551895,18.867962264113206,12.806248474865697,17.69180601295413,17.804493814764854,17.69180601295413,21.213203435596427,22.80350850198276,13.038404810405298,14.212670403551895,15.231546211727817,11.180339887498949,14.142135623730951,6.4031242374328485,8.602325267042627,12.529964086141668,3.6055512754639896,3.1622776601683795,4.123105625617661,6.708203932499369,4.47213595499958,3.6055512754639896,7.810249675906654,10.0,9.433981132056603,12.806248474865697,13.416407864998739,14.866068747318506,8.06225774829855,8.246211251235321,4.123105625617661,5.0,8.06225774829855,11.704699910719626,17.804493814764854,16.401219466856727,15.264337522473749,17.46424919657298,19.697715603592208,21.18962010041709,19.6468827043885,21.095023109728984,24.041630560342615,19.4164878389476,16.0312195418814,14.560219778561038,14.7648230602334,1697810849.1004474
19.1049731745428,22.090722034374522,29.732137494637012,19.6468827043885,31.40063693621516,19.1049731745428,23.021728866442675,23.259406699226012,18.027756377319946,24.186773244895647,31.144823004794876,30.26549190084311,31.064449134018133,23.53720459187964,25.01999200639361,25.179356624028344,14.0,23.430749027719962,12.806248474865697,8.246211251235321,8.602325267042627,16.1245154965971,6.0827625302982185,6.708203932499369,5.8309518948453,7.810249675906654,4.0,7.0710678118654755,12.041594578792294,11.045361017187261,18.027756377319946,16.278820596099706,15.620499351813308,14.212670403551895,5.385164807134504,8.246211251235321,3.6055512754639896,10.0,20.09975124224178,28.442925306655788,23.0,26.076809620810597,29.017236257093817,35.510561809129406,31.016124838541643,41.012193308819754,34.17601498127012,31.064449134018133,25.0,25.495097567963924,17.88854381999832,17.804493814764854,1697810849.1074495
13.453624047073712,19.235384061671343,22.090722034374522,20.8806130178211,25.317977802344327,15.524174696260024,17.46424919657298,25.495097567963924,18.027756377319946,24.331050121192874,20.223748416156685,20.248456731316587,24.08318915758459,29.61418578992169,19.0,13.038404810405298,15.652475842498529,14.866068747318506,17.720045146669353,5.099019513592785,8.06225774829855,6.4031242374328485,12.36931687685298,12.041594578792294,6.4031242374328485,8.94427190999916,8.06225774829855,6.708203932499369,8.602325267042627,17.69180601295413,8.06225774829855,18.973665961010276,15.556349186104047,5.0,3.1622776601683795,5.656854249492381,7.211102550927979,8.246211251235321,16.970562748477143,18.867962264113206,21.931712199461305,15.620499351813308,22.203603311174515,26.248809496813372,23.706539182259394,21.095023109728988,22.671568097509265,28.844410203711917,27.65863337187866,17.08800749063506,10.816653826391969,11.180339887498949,1697810849.1148636
15.620499351813308,28.42534080710379,45.18849411078001,24.413111231467404,24.207436873820413,25.238858928247925,21.470910553583888,21.840329667841555,22.47220505424423,23.08679276123039,26.92582403567252,31.38470965295043,25.495097567963924,15.652475842498529,20.0,19.313207915827967,16.0,18.110770276274835,18.248287590894655,10.44030650891055,8.0,9.055385138137417,14.422205101855958,7.0,6.4031242374328485,18.35755975068582,10.816653826391969,12.041594578792294,10.0,14.0356688476182,16.492422502470642,15.231546211727817,14.866068747318504,7.615773105863909,7.810249675906654,3.6055512754639896,16.643316977093235,23.853720883753127,21.93171219946131,18.027756377319946,23.3238075793812,21.095023109728988,26.1725046566048,24.758836806279895,26.907248094147423,28.600699292150182,28.31960451701259,23.3452350598575,22.203603311174515,19.4164878389476,19.4164878389476,14.866068747318506,1697810849.1214273
20.0,20.8806130178211,15.652475842498529,22.20360331117452,19.6468827043885,20.591260281974,20.248456731316587,24.351591323771842,20.248456731316587,21.095023109728988,29.427877939124325,29.120439557122076,23.345235059857504,23.08679276123039,15.652475842498529,20.39607805437114,19.849433241279208,13.416407864998739,12.806248474865697,7.810249675906654,5.0,8.485281374238571,5.8309518948453,9.219544457292889,11.045361017187261,7.211102550927979,10.04987562112089,10.04987562112089,11.180339887498949,15.297058540778355,14.0356688476182,14.0356688476182,15.811388300841898,8.0,1.0,12.08304597359457,21.095023109728988,10.19803902718557,20.0,22.80350850198276,22.360679774997898,23.259406699226012,26.248809496813372,28.284271247461902,26.248809496813372,25.495097567963924,26.1725046566048,21.93171219946131,17.4928556845359,15.811388300841896,13.92838827718412,11.045361017187261,1697810849.137882
32.64965543462902,24.698178070456937,33.24154027718932,28.0178514522438,33.97057550292606,23.853720883753127,28.42534080710379,25.495097567963924,28.30194339616981,22.203603311174515,25.942243542145697,25.80697580112788,20.518284528683193,16.970562748477143,17.0,20.0,14.317821063276352,5.099019513592785,14.0356688476182,14.0356688476182,14.560219778561038,5.099019513592785,11.180339887498949,14.317821063276352,13.601470508735444,11.40175425099138,7.615773105863909,13.341664064126334,16.0312195418814,16.278820596099706,15.811388300841898,15.811388300841898,10.04987562112089,4.123105625617661,3.1622776601683795,9.848857801796104,13.341664064126334,15.652475842498529,20.39607805437114,20.39607805437114,21.0,22.472205054244235,20.6155281280883,30.23243291566195,21.95449840010015,18.788294228055936,23.769728648009426,21.931712199461305,14.317821063276352,15.811388300841896,10.0,8.54400374531753,1697810849.1746209
25.96150997149434,32.28002478313795,33.24154027718932,29.732137494637012,31.622776601683796,26.476404589747453,30.364452901377952,24.041630560342615,21.377558326431952,22.360679774997898,27.202941017470888,23.086792761230395,26.076809620810597,19.313207915827967,14.317821063276352,14.0356688476182,12.041594578792294,11.0,7.810249675906654,6.324555320336759,10.295630140987,9.219544457292889,11.180339887498949,13.038404810405298,13.416407864998739,11.704699910719626,10.63014581273465,16.278820596099706,11.40175425099138,10.63014581273465,15.264337522473749,16.401219466856727,11.6619037896906,5.099019513592785,2.23606797749979,10.816653826391969,18.788294228055936,18.0,19.6468827043885,18.248287590894655,18.439088914585778,23.769728648009423,23.53720459187964,22.561028345356952,22.20360331117452,22.561028345356952,17.46424919657298,14.866068747318506,11.40175425099138,11.40175425099138,8.246211251235321,3.1622776601683795,1697810849.2169755
26.92582403567252,29.732137494637012,28.844410203711917,33.015148038438355,39.35733730830886,33.24154027718932,15.264337522473749,8.06225774829855,26.019223662515373,26.019223662515373,22.561028345356952,24.020824298928627,19.235384061671347,12.165525060596437,21.840329667841555,16.1245154965971,13.0,11.40175425099138,10.816653826391969,13.601470508735444,10.63014581273465,16.15549442140351,10.770329614269007,12.529964086141668,17.0,14.317821063276352,14.866068747318504,17.804493814764854,17.69180601295413,15.231546211727817,11.704699910719626,15.231546211727817,17.08800749063506,10.295630140987,3.1622776601683795,9.055385138137417,14.142135623730951,16.278820596099706,18.439088914585778,20.223748416156685,16.278820596099706,14.142135623730951,18.973665961010276,19.313207915827967,20.09975124224178,16.0,17.0,13.038404810405298,9.486832980505138,5.0,4.123105625617661,2.0,1697810849.3268828
18.60107523773827,21.18962010041709,26.400757564888174,23.194827009486403,18.867962264113206,21.931712199461305,25.553864678361276,23.769728648009426,22.203603311174515,23.3238075793812,22.80350850198276,20.12461179749811,16.1245154965971,15.620499351813308,14.422205101855958,15.811388300841896,12.649110640673518,10.44030650891055,9.055385138137417,9.0,9.219544457292889,9.848857801796104,11.180339887498949,12.529964086141668,13.601470508735444,11.40175425099138,12.649110640673518,14.317821063276352,13.152946437965904,14.0,14.0356688476182,14.0356688476182,11.0,7.0,5.0,7.0710678118654755,11.045361017187261,12.0,15.132745950421555,16.0312195418814,14.142135623730951,14.560219778561038,17.46424919657298,16.55294535724685,15.811388300841898,14.317821063276352,13.601470508735444,9.219544457292889,8.246211251235321,4.123105625617661,2.8284271247461903,3.1622776601683795,1697810849.4564857
19.697715603592208,21.540659228538015,25.63201123595259,23.769728648009423,19.235384061671343,19.924858845171276,20.8806130178211,19.697715603592208,23.194827009486403,23.3238075793812,19.235384061671343,14.142135623730951,17.46424919657298,10.19803902718557,16.492422502470642,13.152946437965904,14.0,12.36931687685298,8.0,3.6055512754639896,11.180339887498949,8.602325267042627,11.6619037896906,8.06225774829855,12.806248474865697,9.433981132056603,12.36931687685298,15.620499351813308,14.317821063276352,18.35755975068582,14.317821063276352,12.806248474865697,12.529964086141668,8.06225774829855,9.055385138137417,9.899494936611665,6.708203932499369,8.54400374531753,13.892443989449806,17.204650534085253,17.204650534085253,9.433981132056603,17.204650534085253,17.804493814764854,13.453624047073712,14.866068747318504,12.727922061357857,6.4031242374328485,10.0,7.810249675906654,7.810249675906654,3.1622776601683795,1697810849.4832869
22.360679774997898,26.907248094147423,9.055385138137417,15.297058540778355,24.16609194718914,10.295630140987,26.627053911388693,16.643316977093235,21.93171219946131,20.518284528683193,18.60107523773827,16.1245154965971,22.627416997969522,14.7648230602334,16.278820596099706,10.0,12.206555615733702,10.63014581273465,13.0,17.029386365926403,13.0,18.248287590894655,6.708203932499369,19.1049731745428,18.439088914585778,24.08318915758459,12.36931687685298,6.708203932499369,15.231546211727817,14.142135623730951,19.0,7.0710678118654755,18.027756377319946,13.038404810405298,6.324555320336759,7.280109889280519,12.165525060596437,10.63014581273465,13.152946437965904,15.811388300841898,18.110770276274835,16.1245154965971,15.03329637837291,16.15549442140351,15.524174696260024,16.15549442140351,15.03329637837291,16.278820596099706,12.529964086141668,15.0,10.04987562112089,8.54400374531753,1697810849.522308
12.206555615733702,19.313207915827967,27.80287754891569,23.430749027719962,25.80697580112788,27.202941017470888,32.28002478313795,19.1049731745428,24.596747752497688,21.633307652783937,26.400757564888174,25.495097567963924,21.540659228538015,19.209372712298546,14.7648230602334,21.633307652783937,11.40175425099138,17.029386365926403,13.152946437965904,6.0,10.816653826391969,11.0,16.1245154965971,16.1245154965971,19.1049731745428,15.0,16.15549442140351,20.248456731316587,14.560219778561038,17.08800749063506,18.38477631085024,18.681541692269406,17.11724276862369,12.08304597359457,7.810249675906654,9.219544457292887,14.212670403551895,20.248456731316587,24.413111231467404,15.264337522473749,20.248456731316587,19.026297590440446,26.1725046566048,19.6468827043885,23.345235059857504,19.4164878389476,19.4164878389476,15.231546211727817,13.341664064126334,6.0827625302982185,11.045361017187261,7.0710678118654755,1697810849.544019
22.847319317591726,23.3238075793812,21.400934559032695,22.825424421026653,22.47220505424423,25.059928172283335,24.413111231467404,21.095023109728988,18.788294228055936,21.470910553583888,23.60084744241189,23.430749027719962,19.209372712298546,15.264337522473749,15.620499351813308,20.248456731316587,11.40175425099138,15.811388300841898,11.704699910719626,13.0,8.246211251235321,22.135943621178658,9.486832980505138,13.038404810405298,12.529964086141668,13.892443989449806,14.317821063276352,12.041594578792294,14.0,14.142135623730951,14.142135623730951,13.152946437965904,9.0,8.06225774829855,7.615773105863909,10.19803902718557,12.041594578792294,14.317821063276352,15.297058540778355,12.165525060596437,24.041630560342615,17.26267650163207,22.135943621178658,28.160255680657446,17.720045146669353,19.6468827043885,18.110770276274835,15.132745950421555,13.038404810405298,10.0,7.0710678118654755,5.0,1697810849.5510209
34.66987164671943,23.769728648009423,25.495097567963924,15.03329637837291,24.73863375370596,25.0,25.553864678361276,19.313207915827967,20.8806130178211,23.259406699226012,29.5296461204668,24.16609194718914,26.832815729997478,18.973665961010276,10.295630140987,21.400934559032695,18.867962264113206,17.46424919657298,12.806248474865697,14.866068747318506,10.295630140987,11.045361017187261,16.0,15.297058540778355,17.720045146669353,11.704699910719626,17.26267650163207,20.248456731316587,16.278820596099706,17.26267650163207,14.317821063276352,14.317821063276352,13.0,9.055385138137417,3.6055512754639896,10.44030650891055,15.297058540778355,17.11724276862369,20.39607805437114,19.235384061671347,19.026297590440446,19.924858845171276,21.540659228538015,24.351591323771842,21.18962010041709,18.867962264113206,18.681541692269406,15.132745950421555,13.341664064126334,11.40175425099138,7.615773105863909,6.4031242374328485,1697810849.5590198
16.492422502470642,27.294688127912362,28.0,24.020824298928627,24.083189157584588,26.305892875931807,26.019223662515373,18.248287590894655,22.360679774997898,21.095023109728984,27.459060435491963,15.264337522473749,18.439088914585778,7.280109889280519,24.041630560342615,31.38470965295043,20.39607805437114,16.643316977093235,14.0356688476182,6.708203932499369,7.280109889280519,19.1049731745428,18.35755975068582,10.770329614269007,18.35755975068582,16.278820596099706,17.804493814764854,18.681541692269406,15.264337522473749,13.416407864998739,16.0312195418814,6.708203932499369,14.560219778561038,10.63014581273465,10.0,18.110770276274835,17.720045146669353,16.1245154965971,21.931712199461305,20.8806130178211,17.0,17.0,22.203603311174515,21.095023109728988,25.553864678361276,20.591260281974,22.472205054244235,15.811388300841898,13.92838827718412,11.180339887498949,6.708203932499369,7.0710678118654755,1697810849.5658793
23.706539182259394,26.870057685088806,20.248456731316587,24.413111231467404,22.47220505424423,28.31960451701259,25.80697580112788,17.4928556845359,27.65863337187866,23.60084744241189,22.80350850198276,19.1049731745428,15.652475842498529,11.180339887498949,18.248287590894655,34.43835071544513,24.207436873820413,19.1049731745428,14.0356688476182,15.0,12.649110640673518,18.0,11.180339887498949,17.0,23.086792761230395,17.4928556845359,14.142135623730951,13.601470508735444,12.08304597359457,17.26267650163207,12.649110640673518,12.041594578792294,20.024984394500787,9.848857801796104,5.8309518948453,11.045361017187261,16.492422502470642,24.16609194718914,20.0,18.027756377319946,18.248287590894655,19.0,20.024984394500787,19.026297590440446,22.80350850198276,20.09975124224178,16.0,23.08679276123039,19.026297590440446,10.295630140987,7.0,5.656854249492381,1697810849.573911
25.495097567963924,23.769728648009423,23.53720459187964,25.059928172283335,28.178005607210743,21.540659228538015,19.723082923316017,19.313207915827967,26.0,22.80350850198276,26.1725046566048,19.4164878389476,17.4928556845359,19.313207915827967,18.110770276274835,22.80350850198276,18.681541692269406,15.132745950421555,15.652475842498529,17.11724276862369,6.0827625302982185,11.6619037896906,16.76305461424021,18.38477631085024,17.029386365926403,19.4164878389476,12.165525060596437,16.0,12.36931687685298,15.620499351813308,18.35755975068582,15.652475842498529,10.770329614269007,4.123105625617661,9.055385138137417,4.123105625617661,9.055385138137417,12.806248474865697,20.518284528683193,19.209372712298546,14.866068747318504,22.47220505424423,22.135943621178658,22.360679774997898,18.35755975068582,22.80350850198276,18.38477631085024,17.804493814764854,11.6619037896906,11.180339887498949,5.099019513592785,7.280109889280519,1697810849.5799098
37.013511046643494,16.401219466856727,26.419689627245813,28.0178514522438,25.495097567963924,22.203603311174515,23.60084744241189,21.095023109728988,20.518284528683193,24.207436873820413,21.213203435596427,25.238858928247925,18.867962264113206,21.633307652783937,17.804493814764854,21.93171219946131,15.231546211727817,16.1245154965971,14.560219778561038,15.03329637837291,18.681541692269406,13.341664064126334,22.090722034374522,9.219544457292887,19.1049731745428,13.341664064126334,14.0356688476182,14.142135623730951,11.0,17.88854381999832,12.529964086141668,14.422205101855958,12.041594578792294,9.219544457292889,2.8284271247461903,8.0,12.08304597359457,16.76305461424021,17.720045146669353,17.88854381999832,17.804493814764854,18.439088914585774,23.3452350598575,21.93171219946131,21.2602916254693,19.849433241279208,20.518284528683193,17.69180601295413,14.866068747318504,11.313708498984761,7.810249675906654,5.385164807134504,1697810849.5858545
23.706539182259394,22.472205054244235,21.587033144922902,19.6468827043885,21.840329667841555,23.345235059857504,24.331050121192874,21.095023109728984,23.769728648009423,25.709920264364882,30.80584360149873,31.40063693621516,25.709920264364882,20.6155281280883,27.730849247724095,31.906112267087636,21.840329667841555,26.419689627245813,22.847319317591726,27.658633371878665,20.615528128088304,20.248456731316587,22.671568097509265,32.89376840679706,15.132745950421555,12.165525060596437,10.816653826391969,14.212670403551895,8.06225774829855,12.529964086141668,11.6619037896906,7.0710678118654755,12.206555615733702,8.246211251235321,6.0827625302982185,9.219544457292889,15.0,14.142135623730951,15.620499351813308,20.0,21.02379604162864,22.561028345356952,28.160255680657446,27.892651361962706,27.892651361962706,28.284271247461902,28.861739379323623,26.476404589747453,25.495097567963924,22.20360331117452,18.110770276274835,15.297058540778355,1697810849.6414165
17.029386365926403,19.313207915827967,20.248456731316587,14.317821063276352,21.095023109728984,19.924858845171276,18.38477631085024,22.135943621178658,23.706539182259394,24.698178070456937,27.892651361962706,24.73863375370596,24.041630560342615,23.086792761230395,26.076809620810597,24.020824298928627,25.709920264364882,23.345235059857504,16.643316977093235,18.788294228055936,17.720045146669353,26.476404589747453,14.422205101855958,12.806248474865697,17.08800749063506,5.8309518948453,9.433981132056603,7.211102550927979,11.40175425099138,10.19803902718557,13.038404810405298,11.6619037896906,12.529964086141668,5.099019513592785,4.0,6.708203932499369,11.0,10.63014581273465,13.0,17.26267650163207,18.681541692269406,16.55294535724685,24.0,21.095023109728984,22.090722034374522,24.020824298928627,25.079872407968907,22.02271554554524,20.024984394500787,23.0,15.0,10.295630140987,1697810849.648416
3.1622776601683795,12.529964086141668,12.0,12.206555615733702,17.88854381999832,14.317821063276352,18.38477631085024,13.341664064126334,17.204650534085253,16.1245154965971,19.4164878389476,21.93171219946131,24.16609194718914,13.601470508735444,33.28663395418647,21.2602916254693,15.231546211727817,13.453624047073712,13.892443989449806,12.806248474865697,18.867962264113206,19.849433241279208,12.165525060596437,12.727922061357857,9.055385138137417,3.1622776601683795,10.295630140987,14.866068747318504,9.848857801796104,19.313207915827967,14.212670403551895,7.0710678118654755,18.027756377319946,5.385164807134504,6.708203932499369,1.0,2.8284271247461903,5.0,13.892443989449806,13.416407864998739,5.8309518948453,14.212670403551895,14.866068747318504,15.556349186104047,18.439088914585774,17.4928556845359,20.0,18.60107523773827,16.1245154965971,16.15549442140351,13.341664064126334,8.06225774829855,1697810849.6583982
8.246211251235321,3.1622776601683795,8.06225774829855,6.4031242374328485,9.219544457292887,15.132745950421555,7.0710678118654755,7.810249675906654,14.7648230602334,15.811388300841898,15.652475842498529,19.313207915827967,20.248456731316587,14.212670403551895,19.4164878389476,21.93171219946131,14.866068747318504,19.849433241279208,14.866068747318504,12.649110640673518,15.652475842498529,14.142135623730951,10.816653826391969,11.40175425099138,10.0,5.8309518948453,3.1622776601683795,5.385164807134504,1.4142135623730951,19.1049731745428,7.211102550927979,5.0,4.242640687119286,5.385164807134504,1.4142135623730951,1.4142135623730951,8.94427190999916,7.615773105863909,5.8309518948453,15.620499351813308,10.770329614269007,12.727922061357857,11.180339887498949,12.727922061357857,16.278820596099706,15.620499351813308,17.69180601295413,19.209372712298546,17.69180601295413,15.620499351813308,13.038404810405298,11.6619037896906,1697810849.6719227
16.15549442140351,9.433981132056603,12.727922061357857,12.08304597359457,12.529964086141668,15.132745950421555,20.0,19.0,15.132745950421555,15.297058540778355,27.294688127912362,29.017236257093817,28.017851452243796,23.769728648009426,28.178005607210743,24.698178070456937,23.40939982143925,26.419689627245813,24.698178070456937,20.248456731316587,17.69180601295413,17.204650534085253,13.152946437965904,17.4928556845359,9.219544457292889,5.385164807134504,4.242640687119286,2.8284271247461903,3.1622776601683795,5.099019513592785,5.0,6.4031242374328485,7.211102550927979,7.280109889280519,5.0,5.8309518948453,5.656854249492381,9.219544457292889,12.649110640673518,14.0356688476182,16.0312195418814,16.76305461424021,20.8806130178211,21.18962010041709,23.08679276123039,22.847319317591726,26.248809496813376,24.351591323771842,24.698178070456937,21.540659228538015,17.88854381999832,15.620499351813308,1697810849.6789138
19.924858845171276,11.0,2.23606797749979,12.806248474865697,15.264337522473749,15.524174696260024,15.0,15.132745950421555,20.024984394500787,20.0,23.194827009486403,25.01999200639361,24.020824298928627,26.076809620810597,25.63201123595259,21.840329667841555,20.223748416156685,21.095023109728984,21.540659228538015,21.02379604162864,16.0312195418814,12.041594578792296,16.1245154965971,19.313207915827967,11.704699910719626,6.4031242374328485,5.8309518948453,5.0,2.0,5.099019513592785,8.06225774829855,6.0827625302982185,8.54400374531753,5.656854249492381,3.1622776601683795,7.0710678118654755,2.23606797749979,8.94427190999916,13.038404810405298,14.142135623730951,13.416407864998739,14.866068747318506,17.88854381999832,18.38477631085024,20.591260281974,22.47220505424423,25.612496949731394,21.400934559032695,21.400934559032695,18.60107523773827,18.38477631085024,14.317821063276352,1697810849.6858964
13.92838827718412,12.0,10.44030650891055,8.06225774829855,8.54400374531753,11.313708498984761,17.029386365926403,15.620499351813308,16.278820596099706,15.556349186104047,25.80697580112788,24.08318915758459,22.671568097509265,17.69180601295413,21.470910553583888,27.29468812791236,21.95449840010015,23.021728866442675,21.470910553583888,14.422205101855958,16.492422502470642,13.0,14.317821063276352,10.19803902718557,10.0,3.6055512754639896,3.6055512754639896,3.6055512754639896,5.0,4.242640687119286,5.8309518948453,5.8309518948453,6.708203932499369,5.385164807134504,3.1622776601683795,10.0,8.06225774829855,10.19803902718557,11.40175425099138,14.866068747318504,13.038404810405298,17.69180601295413,17.46424919657298,18.788294228055936,20.591260281974,21.540659228538015,22.847319317591726,21.02379604162864,21.18962010041709,17.720045146669353,15.297058540778355,14.0,1697810849.691904
12.36931687685298,11.180339887498949,12.041594578792296,10.19803902718557,13.0,11.180339887498949,15.811388300841896,14.0356688476182,6.4031242374328485,22.360679774997898,37.65634076752546,21.470910553583888,18.439088914585774,21.0,25.179356624028344,24.020824298928627,25.0,17.720045146669353,22.20360331117452,13.152946437965904,12.806248474865697,16.15549442140351,14.422205101855958,13.416407864998739,6.708203932499369,3.1622776601683795,5.0,4.47213595499958,3.0,3.0,6.324555320336759,10.04987562112089,2.23606797749979,11.40175425099138,4.123105625617661,12.08304597359457,18.027756377319946,10.04987562112089,10.295630140987,25.495097567963924,9.486832980505138,17.88854381999832,23.40939982143925,29.1547594742265,26.0,18.027756377319946,33.24154027718932,23.086792761230395,15.03329637837291,23.430749027719962,19.697715603592208,19.723082923316017,1697810849.6999338
12.529964086141668,11.6619037896906,9.055385138137417,10.0,14.0,15.811388300841898,17.88854381999832,17.88854381999832,19.235384061671343,19.697715603592208,24.73863375370596,28.792360097775934,26.400757564888174,25.0,24.73863375370596,29.832867780352593,28.460498941515414,26.0,17.46424919657298,22.360679774997898,19.697715603592208,13.92838827718412,10.295630140987,15.620499351813308,11.313708498984761,4.0,3.1622776601683795,6.0827625302982185,5.385164807134504,6.0,9.486832980505138,8.0,10.04987562112089,4.242640687119286,4.0,7.615773105863909,4.242640687119286,9.219544457292889,17.720045146669353,14.317821063276352,16.55294535724685,18.681541692269406,23.3238075793812,22.360679774997898,24.596747752497688,26.92582403567252,27.29468812791236,26.400757564888174,23.706539182259394,18.60107523773827,21.213203435596427,15.811388300841896,1697810849.705898
12.165525060596437,12.206555615733702,12.727922061357857,5.656854249492381,17.029386365926403,16.0,18.439088914585778,19.1049731745428,20.39607805437114,21.587033144922902,25.298221281347036,29.61418578992169,26.92582403567252,25.079872407968903,28.65309756378881,30.463092423455635,25.079872407968903,26.832815729997478,21.540659228538015,21.02379604162864,21.840329667841555,17.46424919657298,20.615528128088304,11.6619037896906,12.041594578792294,3.1622776601683795,4.0,3.6055512754639896,5.8309518948453,7.280109889280519,9.219544457292887,12.206555615733702,6.324555320336759,10.44030650891055,5.8309518948453,5.099019513592785,8.06225774829855,3.6055512754639896,18.027756377319946,14.317821063276352,17.46424919657298,17.46424919657298,23.086792761230395,24.020824298928627,24.331050121192874,27.0,27.073972741361768,29.068883707497264,25.079872407968907,20.024984394500787,12.206555615733702,19.235384061671347,1697810849.7129142
8.602325267042627,10.19803902718557,8.06225774829855,7.280109889280519,17.69180601295413,13.341664064126334,20.518284528683193,15.264337522473749,16.643316977093235,17.029386365926403,23.853720883753127,27.58622844826744,26.870057685088806,22.825424421026653,24.596747752497688,27.459060435491963,25.80697580112788,29.120439557122076,12.041594578792296,15.652475842498529,17.08800749063506,11.704699910719626,13.038404810405298,13.601470508735444,10.04987562112089,2.23606797749979,3.0,4.123105625617661,6.4031242374328485,3.0,5.0,8.06225774829855,5.099019513592785,7.0710678118654755,7.0710678118654755,4.0,5.099019513592785,6.0827625302982185,11.704699910719626,14.142135623730951,14.866068747318506,15.231546211727817,20.808652046684813,23.021728866442675,25.495097567963924,26.419689627245813,26.92582403567252,29.68164415931166,28.0178514522438,18.439088914585774,24.08318915758459,19.1049731745428,1697810849.7188618
13.0,8.06225774829855,13.416407864998739,5.0,14.866068747318504,15.264337522473749,16.278820596099706,16.278820596099706,19.313207915827967,21.540659228538015,24.186773244895647,27.313000567495326,26.248809496813376,22.022715545545243,18.788294228055936,30.23243291566195,22.360679774997898,26.076809620810597,11.6619037896906,17.46424919657298,21.02379604162864,16.15549442140351,6.324555320336759,9.219544457292889,9.219544457292887,3.1622776601683795,1.0,4.0,3.0,3.0,4.123105625617661,12.649110640673518,5.0,9.486832980505138,10.44030650891055,8.246211251235321,5.8309518948453,7.211102550927979,12.529964086141668,12.727922061357857,14.212670403551895,18.788294228055936,19.4164878389476,22.671568097509265,27.459060435491963,22.80350850198276,27.65863337187866,26.400757564888174,24.758836806279895,20.591260281974,18.973665961010276,15.231546211727817,1697810849.726076
12.649110640673518,5.8309518948453,6.708203932499369,5.8309518948453,10.770329614269007,14.0356688476182,15.264337522473749,16.55294535724685,18.248287590894655,15.297058540778355,21.095023109728984,23.345235059857504,23.086792761230395,23.021728866442675,25.709920264364882,22.02271554554524,20.248456731316587,18.973665961010276,17.26267650163207,17.26267650163207,14.317821063276352,8.246211251235321,10.295630140987,14.0356688476182,1.0,2.23606797749979,1.0,3.1622776601683795,5.385164807134504,2.8284271247461903,5.099019513592785,7.280109889280519,5.0,10.19803902718557,3.1622776601683795,6.0827625302982185,3.1622776601683795,4.123105625617661,10.816653826391969,20.248456731316587,12.165525060596437,12.649110640673518,20.6155281280883,18.788294228055936,21.18962010041709,20.248456731316587,21.02379604162864,26.248809496813376,23.853720883753127,7.810249675906654,10.63014581273465,19.209372712298546,1697810849.7310781
9.219544457292889,7.280109889280519,10.770329614269007,10.19803902718557,8.06225774829855,16.76305461424021,19.924858845171276,20.223748416156685,21.023796041628636,22.472205054244235,24.73863375370596,26.019223662515373,24.0,29.1547594742265,24.73863375370596,30.14962686336267,25.63201123595259,25.0,21.377558326431952,21.095023109728984,25.317977802344327,15.652475842498529,16.643316977093235,26.248809496813376,7.280109889280519,1.0,3.1622776601683795,2.0,3.1622776601683795,8.246211251235321,6.0,5.656854249492381,7.0,8.485281374238571,7.211102550927979,4.0,5.0,9.486832980505138,12.649110640673518,15.132745950421555,18.110770276274835,17.029386365926403,21.840329667841555,26.076809620810597,23.769728648009423,24.041630560342615,26.570660511172843,22.02271554554524,28.635642126552703,22.472205054244235,16.76305461424021,15.811388300841898,1697810849.738076
17.804493814764854,5.8309518948453,8.94427190999916,7.615773105863909,5.0,20.0,21.18962010041709,25.63201123595259,18.248287590894655,23.08679276123039,27.459060435491963,32.2490309931942,32.31098884280702,30.886890422961002,29.966648127543394,30.870698080866262,29.732137494637012,28.30194339616981,30.0,27.730849247724095,16.55294535724685,14.142135623730951,16.401219466856727,13.892443989449806,11.40175425099138,5.385164807134504,3.6055512754639896,1.0,9.219544457292887,3.1622776601683795,11.0,11.40175425099138,12.165525060596437,12.041594578792296,7.211102550927979,3.1622776601683795,8.94427190999916,7.615773105863909,11.180339887498949,17.720045146669353,16.15549442140351,21.377558326431952,25.079872407968903,26.92582403567252,27.313000567495326,29.5296461204668,33.24154027718932,36.05551275463989,28.635642126552703,29.5296461204668,19.235384061671343,22.47220505424423,1697810849.7449133
16.492422502470642,12.165525060596437,7.280109889280519,14.0,8.94427190999916,13.152946437965904,15.231546211727817,15.03329637837291,19.6468827043885,22.0,29.832867780352593,28.442925306655788,30.01666203960727,17.029386365926403,25.079872407968903,33.54101966249685,19.026297590440446,20.0,15.620499351813308,18.439088914585778,16.15549442140351,11.0,7.280109889280519,16.643316977093235,3.1622776601683795,2.23606797749979,2.8284271247461903,2.23606797749979,9.848857801796104,5.0,7.0710678118654755,7.615773105863909,8.94427190999916,12.529964086141668,14.142135623730951,5.0,0.0,7.211102550927979,12.806248474865697,15.03329637837291,15.524174696260024,19.924858845171276,22.02271554554524,25.179356624028344,27.073972741361768,28.160255680657446,28.017851452243796,30.413812651491096,28.0713376952364,25.01999200639361,27.018512172212592,19.235384061671347,1697810849.7508981
16.278820596099706,5.099019513592785,11.045361017187261,14.422205101855958,5.0,9.0,12.165525060596437,19.723082923316017,12.529964086141668,18.973665961010276,25.495097567963924,25.079872407968903,21.931712199461305,24.16609194718914,24.16609194718914,26.248809496813376,24.041630560342615,18.788294228055936,15.620499351813308,20.39607805437114,14.0356688476182,10.770329614269007,13.0,9.848857801796104,5.0,3.6055512754639896,3.1622776601683795,3.1622776601683795,6.324555320336759,8.0,8.94427190999916,12.08304597359457,8.246211251235321,11.40175425099138,5.8309518948453,6.0827625302982185,2.0,5.8309518948453,9.433981132056603,13.416407864998739,13.416407864998739,18.38477631085024,19.849433241279208,21.93171219946131,23.430749027719962,27.202941017470888,26.1725046566048,27.80287754891569,22.022715545545243,24.413111231467404,16.643316977093235,17.08800749063506,1697810849.7568665
4.0,3.6055512754639896,2.0,6.0827625302982185,7.211102550927979,8.54400374531753,9.219544457292887,9.219544457292887,11.40175425099138,12.206555615733702,15.620499351813308,15.811388300841896,16.970562748477143,10.63014581273465,12.041594578792296,14.422205101855958,12.529964086141668,9.219544457292887,11.40175425099138,10.44030650891055,7.810249675906654,5.0,7.211102550927979,5.099019513592785,4.0,8.54400374531753,3.6055512754639896,5.656854249492381,3.1622776601683795,4.0,7.615773105863909,9.219544457292889,8.54400374531753,5.385164807134504,10.816653826391969,7.810249675906654,7.211102550927979,2.23606797749979,8.06225774829855,10.816653826391969,8.485281374238571,10.295630140987,12.529964086141668,14.212670403551895,16.970562748477143,15.811388300841896,14.142135623730951,13.453624047073712,12.041594578792296,16.643316977093235,11.704699910719626,12.041594578792296,1697810849.8018863
6.4031242374328485,9.848857801796104,18.681541692269406,8.246211251235321,12.041594578792296,18.788294228055936,22.561028345356952,20.09975124224178,20.8806130178211,23.259406699226012,31.780497164141405,33.95585369269929,30.26549190084311,27.658633371878665,26.92582403567252,29.154759474226502,25.96150997149434,22.090722034374522,19.723082923316017,23.769728648009426,15.03329637837291,8.485281374238571,12.165525060596437,16.15549442140351,10.816653826391969,5.8309518948453,14.317821063276352,13.601470508735444,10.0,12.08304597359457,14.560219778561038,16.15549442140351,17.46424919657298,20.248456731316587,13.601470508735444,7.280109889280519,8.94427190999916,12.041594578792296,14.142135623730951,14.422205101855958,17.88854381999832,19.924858845171276,24.351591323771842,24.351591323771842,25.709920264364882,28.160255680657446,29.427877939124325,32.984845004941285,29.154759474226502,21.377558326431952,28.017851452243796,25.317977802344327,1697810849.8104622
5.099019513592785,10.0,14.212670403551895,10.63014581273465,14.212670403551895,16.278820596099706,18.867962264113206,19.849433241279208,21.93171219946131,24.08318915758459,27.58622844826744,34.828149534536,27.58622844826744,31.622776601683793,30.870698080866262,34.88552708502481,27.313000567495326,25.0,20.12461179749811,19.6468827043885,15.264337522473749,15.231546211727817,13.601470508735444,9.219544457292887,7.615773105863909,11.045361017187261,12.041594578792294,13.0,13.892443989449806,15.264337522473749,15.264337522473749,20.591260281974,18.973665961010276,13.92838827718412,16.0312195418814,12.08304597359457,14.212670403551895,15.0,10.63014581273465,19.6468827043885,19.4164878389476,18.439088914585778,23.345235059857504,25.495097567963924,25.709920264364882,27.202941017470888,28.160255680657446,30.463092423455635,27.51363298439521,24.73863375370596,23.769728648009423,23.345235059857504,1697810849.8595612
11.6619037896906,5.099019513592785,11.704699910719626,9.055385138137417,15.811388300841896,14.142135623730951,19.1049731745428,20.248456731316587,22.847319317591726,24.186773244895647,25.059928172283335,31.304951684997057,30.364452901377952,22.80350850198276,24.351591323771842,24.515301344262525,19.924858845171276,19.026297590440446,20.024984394500787,23.021728866442675,14.0,9.433981132056603,11.045361017187261,12.165525060596437,6.4031242374328485,8.246211251235321,9.055385138137417,12.165525060596437,10.0,12.165525060596437,13.92838827718412,19.924858845171276,17.88854381999832,11.40175425099138,21.023796041628636,10.04987562112089,12.529964086141668,12.806248474865697,9.848857801796104,12.649110640673518,15.231546211727817,15.811388300841898,24.083189157584588,24.515301344262525,26.476404589747453,27.459060435491963,23.08679276123039,26.92582403567252,26.0,22.80350850198276,20.8806130178211,21.587033144922902,1697810849.8658748
7.810249675906654,8.94427190999916,16.492422502470642,15.524174696260024,15.811388300841898,16.1245154965971,22.135943621178658,23.345235059857504,26.076809620810597,26.68332812825267,29.61418578992169,36.68787265568829,32.69556544854363,32.69556544854363,32.202484376209235,29.966648127543394,29.68164415931166,27.80287754891569,20.0,22.47220505424423,19.723082923316017,17.0,12.041594578792296,11.180339887498949,10.04987562112089,12.08304597359457,13.892443989449806,13.453624047073712,14.866068747318504,15.652475842498529,14.7648230602334,19.723082923316017,19.4164878389476,20.518284528683193,17.204650534085253,14.212670403551895,12.36931687685298,11.704699910719626,13.152946437965904,16.492422502470642,18.439088914585778,18.681541692269406,21.470910553583888,23.706539182259394,27.730849247724095,30.016662039607265,28.460498941515414,28.460498941515414,28.160255680657446,21.840329667841555,23.40939982143925,24.16609194718914,1697810849.885884
6.4031242374328485,7.810249675906654,13.0,15.524174696260024,8.06225774829855,15.264337522473749,13.601470508735444,17.0,20.248456731316587,17.46424919657298,25.495097567963924,28.460498941515414,25.96150997149434,26.476404589747453,26.476404589747453,23.345235059857504,23.021728866442675,22.0,20.223748416156685,16.1245154965971,13.601470508735444,13.152946437965904,11.704699910719626,6.324555320336759,6.4031242374328485,8.602325267042627,10.770329614269007,11.045361017187261,11.0,11.045361017187261,13.152946437965904,17.11724276862369,19.235384061671347,17.11724276862369,11.045361017187261,9.0,8.94427190999916,9.219544457292887,10.816653826391969,16.1245154965971,15.231546211727817,14.866068747318506,21.18962010041709,18.027756377319946,21.931712199461305,18.027756377319946,22.847319317591726,22.47220505424423,16.76305461424021,19.6468827043885,20.248456731316587,18.681541692269406,1697810849.8928998
5.385164807134504,6.4031242374328485,8.602325267042627,10.63014581273465,10.816653826391969,13.038404810405298,14.7648230602334,15.811388300841896,16.643316977093235,19.723082923316017,23.853720883753127,23.021728866442675,23.3452350598575,24.041630560342618,22.671568097509265,23.430749027719962,20.808652046684813,18.027756377319946,16.643316977093235,15.264337522473749,13.601470508735444,11.40175425099138,10.0,8.485281374238571,8.54400374531753,9.055385138137417,11.045361017187261,9.219544457292889,11.180339887498949,9.219544457292887,11.180339887498949,14.422205101855958,18.35755975068582,13.601470508735444,11.6619037896906,7.615773105863909,7.0710678118654755,8.602325267042627,8.246211251235321,13.038404810405298,12.165525060596437,13.038404810405298,16.0,17.11724276862369,19.026297590440446,18.110770276274835,21.023796041628636,20.223748416156685,20.09975124224178,18.027756377319946,17.0,17.11724276862369,1697810849.897953
11.313708498984761,5.385164807134504,10.63014581273465,15.231546211727817,13.601470508735444,9.433981132056603,19.723082923316017,21.2602916254693,22.360679774997898,29.20616373302047,29.68164415931166,32.7566787083184,28.284271247461902,30.4138126514911,25.495097567963924,29.068883707497267,27.58622844826744,21.93171219946131,22.80350850198276,16.401219466856727,13.601470508735444,15.620499351813308,15.811388300841896,9.433981132056603,14.0,10.816653826391969,10.770329614269007,12.806248474865697,10.295630140987,13.601470508735444,13.0,14.422205101855958,23.60084744241189,18.027756377319946,16.15549442140351,10.0,9.055385138137417,15.811388300841898,14.142135623730951,37.16180835212409,27.202941017470888,7.810249675906654,26.570660511172843,25.96150997149434,27.202941017470888,23.430749027719962,25.238858928247925,24.413111231467404,24.69817807045694,24.69817807045694,20.518284528683193,18.38477631085024,1697810849.904976
10.63014581273465,6.0,15.132745950421555,16.278820596099706,18.027756377319946,16.0,20.0,18.681541692269406,23.086792761230395,27.459060435491963,33.37663853655727,28.635642126552703,31.780497164141405,26.68332812825267,27.658633371878665,30.364452901377952,25.059928172283335,23.853720883753127,22.47220505424423,17.88854381999832,12.806248474865697,15.297058540778355,15.652475842498529,12.08304597359457,7.0710678118654755,10.44030650891055,12.727922061357857,12.206555615733702,13.453624047073712,16.401219466856727,13.416407864998739,13.92838827718412,17.204650534085253,18.867962264113206,14.317821063276352,12.08304597359457,11.704699910719626,12.041594578792294,13.038404810405298,12.649110640673518,16.278820596099706,16.1245154965971,21.633307652783937,19.723082923316017,26.419689627245813,26.832815729997478,25.942243542145697,25.298221281347036,24.698178070456937,21.95449840010015,21.540659228538015,20.591260281974,1697810849.9109602
17.4928556845359,11.6619037896906,18.248287590894655,19.4164878389476,18.439088914585778,25.298221281347036,21.633307652783937,23.853720883753127,24.73863375370596,26.570660511172843,29.61418578992169,36.40054944640259,21.023796041628636,34.132096331752024,30.01666203960727,29.068883707497264,30.01666203960727,28.017851452243796,21.023796041628636,16.0,16.1245154965971,16.0312195418814,15.132745950421555,13.601470508735444,9.219544457292887,10.816653826391969,13.0,13.038404810405298,14.560219778561038,15.132745950421555,13.152946437965904,18.110770276274835,19.6468827043885,15.297058540778355,24.16609194718914,12.041594578792296,13.92838827718412,14.560219778561038,7.211102550927979,14.212670403551895,13.601470508735444,15.811388300841896,18.60107523773827,20.808652046684813,24.186773244895647,23.60084744241189,24.207436873820413,26.076809620810597,24.186773244895647,23.706539182259394,17.69180601295413,19.849433241279208,1697810849.917398
8.06225774829855,9.055385138137417,15.297058540778355,17.46424919657298,18.248287590894655,18.027756377319946,19.026297590440446,21.587033144922902,24.73863375370596,27.658633371878665,34.92849839314596,38.89730067755345,35.90264614203249,29.732137494637012,36.235341863986875,36.71511950137164,33.60059523282288,34.9857113690718,26.076809620810597,21.2602916254693,18.35755975068582,18.027756377319946,15.556349186104047,11.180339887498949,9.055385138137417,13.92838827718412,14.7648230602334,15.811388300841896,16.970562748477143,14.422205101855958,14.866068747318504,19.849433241279208,19.1049731745428,20.808652046684813,17.029386365926403,17.204650534085253,13.038404810405298,14.317821063276352,14.0356688476182,19.026297590440446,15.132745950421555,20.615528128088304,23.769728648009423,23.53720459187964,25.298221281347036,27.202941017470888,29.27456233660889,28.442925306655788,28.284271247461902,26.076809620810597,24.331050121192874,23.08679276123039,1697810849.923753
8.06225774829855,9.219544457292887,12.727922061357857,14.212670403551895,13.601470508735444,15.620499351813308,14.866068747318504,19.209372712298546,19.1049731745428,18.60107523773827,22.80350850198276,27.58622844826744,24.69817807045694,24.207436873820413,23.60084744241189,26.92582403567252,23.706539182259394,19.697715603592208,20.591260281974,16.15549442140351,14.422205101855958,13.892443989449806,10.770329614269007,12.041594578792296,7.810249675906654,8.0,9.0,12.041594578792294,12.0,13.152946437965904,14.0356688476182,15.132745950421555,15.132745950421555,14.0356688476182,14.0,9.0,8.602325267042627,9.433981132056603,10.816653826391969,12.08304597359457,11.180339887498949,14.560219778561038,15.297058540778355,16.278820596099706,17.720045146669353,17.720045146669353,19.723082923316017,20.12461179749811,21.470910553583888,20.248456731316587,16.55294535724685,15.297058540778355,1697810849.932803
7.615773105863909,9.486832980505138,19.4164878389476,15.0,26.832815729997478,16.15549442140351,26.400757564888174,24.69817807045694,19.849433241279208,42.5440947723653,30.0,52.201532544552755,29.966648127543394,35.4682957019364,26.476404589747453,37.69615364994153,23.40939982143925,28.442925306655788,28.460498941515414,17.46424919657298,19.313207915827967,15.297058540778355,22.20360331117452,9.219544457292887,19.209372712298546,12.041594578792294,10.04987562112089,18.027756377319946,14.0356688476182,22.135943621178658,17.26267650163207,17.46424919657298,22.02271554554524,19.235384061671343,16.278820596099706,25.63201123595259,10.19803902718557,18.35755975068582,7.810249675906654,18.973665961010276,18.867962264113206,19.1049731745428,23.08679276123039,26.305892875931807,29.427877939124325,31.144823004794876,32.984845004941285,30.083217912982647,33.24154027718932,25.079872407968903,27.459060435491963,21.840329667841555,1697810849.9397733
11.40175425099138,12.165525060596437,15.264337522473749,13.038404810405298,19.6468827043885,12.041594578792296,23.60084744241189,17.4928556845359,22.203603311174515,23.3238075793812,27.018512172212596,28.23118842698621,29.1547594742265,26.400757564888174,30.413812651491096,31.016124838541646,24.73863375370596,24.515301344262525,24.020824298928627,15.132745950421555,17.26267650163207,16.278820596099706,12.36931687685298,13.601470508735444,13.416407864998739,11.40175425099138,11.40175425099138,13.601470508735444,12.165525060596437,15.03329637837291,12.165525060596437,17.26267650163207,16.0312195418814,21.095023109728984,18.027756377319946,14.0356688476182,9.433981132056603,13.038404810405298,12.08304597359457,14.866068747318504,10.295630140987,12.806248474865697,17.029386365926403,17.46424919657298,23.40939982143925,23.769728648009426,23.769728648009426,25.059928172283335,24.186773244895647,21.931712199461305,23.769728648009423,17.46424919657298,1697810849.9704387
8.246211251235321,10.295630140987,13.453624047073712,10.44030650891055,15.556349186104047,20.6155281280883,16.55294535724685,21.2602916254693,23.021728866442675,25.612496949731394,30.4138126514911,32.64965543462902,33.015148038438355,30.4138126514911,26.627053911388693,34.66987164671943,27.29468812791236,23.40939982143925,24.698178070456937,12.36931687685298,15.811388300841896,15.652475842498529,9.433981132056603,12.529964086141668,7.615773105863909,12.649110640673518,12.165525060596437,14.0356688476182,14.0356688476182,14.317821063276352,13.601470508735444,17.720045146669353,20.615528128088304,17.08800749063506,13.152946437965904,13.152946437965904,11.6619037896906,11.40175425099138,12.206555615733702,15.264337522473749,17.88854381999832,17.08800749063506,20.8806130178211,23.08679276123039,23.194827009486403,23.40939982143925,27.730849247724095,26.832815729997478,28.30194339616981,27.313000567495326,21.470910553583888,21.18962010041709,1697810849.9820492
6.0,13.416407864998739,15.231546211727817,26.832815729997478,21.095023109728984,10.44030650891055,26.400757564888174,25.495097567963924,25.079872407968903,21.18962010041709,30.26549190084311,42.941821107167776,30.886890422961002,38.07886552931954,30.016662039607265,33.28663395418647,29.410882339705484,29.832867780352593,25.612496949731394,19.697715603592208,18.867962264113206,19.1049731745428,12.041594578792294,11.704699910719626,9.055385138137417,16.1245154965971,15.524174696260024,14.317821063276352,16.15549442140351,14.7648230602334,15.231546211727817,19.235384061671343,20.12461179749811,15.620499351813308,18.027756377319946,11.180339887498949,10.295630140987,15.652475842498529,9.848857801796104,11.180339887498949,15.297058540778355,12.36931687685298,17.0,24.083189157584588,21.023796041628636,27.459060435491963,25.96150997149434,27.51363298439521,24.351591323771842,26.68332812825267,22.561028345356952,19.6468827043885,1697810849.9890642
13.601470508735444,11.180339887498949,5.0,6.0827625302982185,14.422205101855958,15.556349186104047,19.313207915827967,26.400757564888174,27.313000567495326,23.853720883753127,24.351591323771842,30.886890422961002,27.459060435491963,27.018512172212596,28.42534080710379,29.698484809834998,26.419689627245813,24.08318915758459,17.69180601295413,18.867962264113206,21.93171219946131,16.278820596099706,12.206555615733702,8.06225774829855,10.44030650891055,8.94427190999916,15.231546211727817,14.866068747318506,12.08304597359457,10.63014581273465,13.0,16.1245154965971,16.278820596099706,12.041594578792296,20.248456731316587,13.601470508735444,9.486832980505138,13.416407864998739,13.0,9.486832980505138,14.560219778561038,16.15549442140351,18.027756377319946,22.20360331117452,22.360679774997898,28.284271247461902,26.1725046566048,25.01999200639361,25.01999200639361,25.317977802344327,22.090722034374522,20.024984394500787,1697810849.9958975
10.19803902718557,8.06225774829855,12.041594578792296,15.0,16.55294535724685,19.849433241279208,25.238858928247925,24.041630560342618,24.186773244895647,28.0178514522438,31.622776601683793,34.058772731852805,33.941125496954285,33.24154027718932,33.28663395418647,36.05551275463989,28.844410203711917,28.65309756378881,24.186773244895647,23.259406699226012,20.808652046684813,20.0,17.029386365926403,14.212670403551895,11.180339887498949,14.142135623730951,15.297058540778355,16.0312195418814,16.0,17.11724276862369,15.297058540778355,18.439088914585778,19.4164878389476,18.110770276274835,18.248287590894655,15.132745950421555,13.0,11.6619037896906,12.727922061357857,15.0,16.643316977093235,18.788294228055936,20.6155281280883,21.540659228538015,26.0,26.832815729997478,26.92582403567252,31.89043743820395,30.23243291566195,27.459060435491963,24.69817807045694,23.706539182259394,1697810850.0119803
7.0710678118654755,8.485281374238571,13.038404810405298,16.278820596099706,18.248287590894655,18.973665961010276,22.360679774997898,23.40939982143925,26.68332812825267,21.840329667841555,32.7566787083184,38.01315561749642,35.84689665786984,34.132096331752024,25.079872407968903,37.36308338453881,28.42534080710379,28.600699292150182,20.615528128088304,23.853720883753127,19.6468827043885,16.643316977093235,24.596747752497688,17.0,15.524174696260024,18.681541692269406,10.295630140987,24.839484696748443,9.0,10.0,11.6619037896906,10.295630140987,12.36931687685298,24.186773244895647,22.80350850198276,12.529964086141668,10.770329614269007,9.0,14.317821063276352,13.038404810405298,13.416407864998739,23.40939982143925,21.840329667841555,22.80350850198276,27.892651361962706,29.120439557122076,28.442925306655788,27.294688127912362,25.96150997149434,28.284271247461902,25.317977802344327,24.73863375370596,1697810850.0346112
12.08304597359457,8.602325267042627,21.095023109728988,15.264337522473749,10.44030650891055,15.0,11.704699910719626,22.360679774997898,29.832867780352593,26.92582403567252,36.235341863986875,32.64965543462902,33.24154027718932,36.124783736376884,28.31960451701259,32.526911934581186,24.16609194718914,21.931712199461305,24.73863375370596,26.870057685088806,12.806248474865697,18.027756377319946,12.165525060596437,9.899494936611665,6.324555320336759,12.36931687685298,15.524174696260024,14.0,16.1245154965971,16.76305461424021,15.297058540778355,19.1049731745428,17.720045146669353,10.04987562112089,20.39607805437114,10.04987562112089,7.280109889280519,18.867962264113206,15.264337522473749,16.643316977093235,21.633307652783937,22.203603311174515,21.633307652783937,25.80697580112788,25.0,26.907248094147423,29.832867780352593,28.42534080710379,28.42534080710379,24.758836806279895,24.08318915758459,25.495097567963924,1697810850.040613
7.810249675906654,6.4031242374328485,8.602325267042627,15.811388300841896,13.601470508735444,20.615528128088304,23.3238075793812,21.931712199461305,25.80697580112788,29.410882339705484,29.1547594742265,33.61547262794323,29.966648127543394,30.675723300355937,30.083217912982647,32.31098884280702,25.01999200639361,27.16615541441225,19.026297590440446,17.11724276862369,19.0,14.317821063276352,15.524174696260024,12.36931687685298,13.453624047073712,15.652475842498529,14.317821063276352,14.560219778561038,15.811388300841898,14.0356688476182,14.0356688476182,17.029386365926403,18.110770276274835,20.09975124224178,17.0,15.03329637837291,10.770329614269007,11.704699910719626,13.892443989449806,17.029386365926403,18.38477631085024,21.213203435596427,21.93171219946131,23.60084744241189,27.202941017470888,27.65863337187866,27.58622844826744,31.89043743820395,29.20616373302047,26.907248094147423,22.627416997969522,24.758836806279895,1697810850.0478868
18.027756377319946,14.317821063276352,30.14962686336267,39.84971769034255,13.601470508735444,20.615528128088304,23.3238075793812,21.931712199461305,25.80697580112788,29.410882339705484,29.1547594742265,33.61547262794323,29.966648127543394,30.675723300355937,30.083217912982647,32.31098884280702,25.01999200639361,27.16615541441225,19.026297590440446,17.11724276862369,19.0,14.317821063276352,15.524174696260024,39.319206502674994,37.20215047547654,15.652475842498529,14.317821063276352,14.560219778561038,15.811388300841898,14.0356688476182,14.0356688476182,17.029386365926403,18.110770276274835,20.09975124224178,17.0,15.03329637837291,10.770329614269007,31.40063693621516,13.892443989449806,17.029386365926403,18.38477631085024,21.213203435596427,21.93171219946131,23.60084744241189,27.202941017470888,27.65863337187866,27.58622844826744,31.89043743820395,29.20616373302047,26.907248094147423,22.627416997969522,24.758836806279895,1697810850.0578954
8.246211251235321,8.602325267042627,12.206555615733702,17.029386365926403,14.317821063276352,15.264337522473749,18.60107523773827,23.021728866442675,22.80350850198276,28.284271247461902,31.240998703626616,31.89043743820395,30.0,27.58622844826744,29.20616373302047,29.410882339705484,26.0,22.135943621178658,17.88854381999832,16.55294535724685,17.204650534085253,17.69180601295413,13.892443989449806,9.899494936611665,8.94427190999916,11.180339887498949,14.0356688476182,14.0356688476182,13.152946437965904,14.317821063276352,12.649110640673518,16.55294535724685,17.46424919657298,17.08800749063506,14.866068747318506,13.0,10.63014581273465,11.40175425099138,13.416407864998739,17.08800749063506,18.027756377319946,19.4164878389476,23.53720459187964,24.515301344262525,27.658633371878665,27.892651361962706,28.635642126552703,28.792360097775934,27.51363298439521,24.698178070456937,24.698178070456937,23.769728648009423,1697810850.0698988
6.0827625302982185,6.0827625302982185,1.4142135623730951,11.313708498984761,6.708203932499369,10.770329614269007,17.46424919657298,17.720045146669353,16.278820596099706,18.439088914585778,21.587033144922902,23.021728866442675,21.0,22.02271554554524,21.213203435596427,22.20360331117452,18.439088914585778,16.278820596099706,14.317821063276352,14.560219778561038,13.341664064126334,12.0,10.19803902718557,8.0,6.708203932499369,9.219544457292887,9.899494936611665,10.0,10.0,8.94427190999916,9.848857801796104,11.704699910719626,12.08304597359457,10.770329614269007,13.341664064126334,11.045361017187261,9.055385138137417,8.246211251235321,9.433981132056603,11.40175425099138,13.038404810405298,14.212670403551895,16.970562748477143,15.620499351813308,17.69180601295413,17.69180601295413,20.615528128088304,19.4164878389476,19.4164878389476,18.439088914585774,17.804493814764854,16.970562748477143,1697810850.0759058
8.246211251235321,6.4031242374328485,9.219544457292887,11.313708498984761,16.401219466856727,15.811388300841896,21.633307652783937,22.022715545545243,24.08318915758459,24.839484696748443,30.479501308256342,32.526911934581186,29.20616373302047,32.01562118716424,26.627053911388693,30.870698080866262,26.248809496813376,21.931712199461305,18.35755975068582,18.027756377319946,18.027756377319946,18.35755975068582,12.206555615733702,13.038404810405298,10.770329614269007,13.152946437965904,13.152946437965904,15.03329637837291,15.132745950421555,15.03329637837291,14.560219778561038,17.46424919657298,18.439088914585778,15.297058540778355,17.720045146669353,12.08304597359457,11.6619037896906,11.40175425099138,13.416407864998739,16.15549442140351,18.38477631085024,19.924858845171276,21.840329667841555,20.8806130178211,24.73863375370596,26.92582403567252,28.792360097775934,28.635642126552703,26.92582403567252,24.698178070456937,24.351591323771842,25.96150997149434,1697810850.0829039
4.123105625617661,6.324555320336759,8.06225774829855,16.643316977093235,17.804493814764854,14.422205101855958,25.0,25.0,26.248809496813372,24.413111231467404,30.610455730027933,31.827660925679098,29.698484809834998,25.455844122715714,30.80584360149873,33.28663395418647,24.413111231467404,26.0,22.825424421026653,16.401219466856727,17.69180601295413,16.278820596099706,8.94427190999916,12.08304597359457,13.341664064126334,12.08304597359457,14.560219778561038,14.0356688476182,15.132745950421555,14.142135623730951,15.524174696260024,16.278820596099706,16.1245154965971,16.55294535724685,18.867962264113206,13.601470508735444,13.601470508735444,10.63014581273465,8.602325267042627,13.416407864998739,16.76305461424021,18.681541692269406,22.360679774997898,19.6468827043885,24.041630560342615,25.079872407968903,27.29468812791236,25.495097567963924,25.238858928247925,25.059928172283335,21.931712199461305,23.08679276123039,1697810850.0923946
4.0,7.0710678118654755,10.770329614269007,13.416407864998739,14.317821063276352,18.027756377319946,22.472205054244235,18.973665961010276,24.698178070456937,22.80350850198276,27.202941017470888,32.2490309931942,31.0,26.305892875931807,28.160255680657446,30.06659275674582,23.769728648009423,22.20360331117452,17.0,22.0,14.0,16.0312195418814,12.041594578792294,14.142135623730951,11.180339887498949,12.041594578792296,13.453624047073712,13.416407864998739,13.038404810405298,11.40175425099138,16.0312195418814,17.029386365926403,17.26267650163207,11.40175425099138,15.0,18.027756377319946,14.317821063276352,17.11724276862369,15.652475842498529,19.1049731745428,16.278820596099706,16.970562748477143,19.4164878389476,26.400757564888174,22.671568097509265,30.016662039607265,30.413812651491096,25.612496949731394,23.60084744241189,24.186773244895647,23.853720883753127,25.612496949731394,1697810850.1043997
7.211102550927979,9.433981132056603,8.602325267042627,11.704699910719626,15.0,16.643316977093235,21.931712199461305,20.248456731316587,25.63201123595259,23.40939982143925,30.675723300355937,31.622776601683796,28.284271247461902,28.442925306655788,28.0713376952364,26.076809620810597,25.01999200639361,22.561028345356952,23.086792761230395,18.027756377319946,19.235384061671347,17.08800749063506,8.94427190999916,12.165525060596437,9.219544457292887,13.892443989449806,12.806248474865697,12.206555615733702,13.601470508735444,13.152946437965904,14.317821063276352,17.11724276862369,16.492422502470642,16.278820596099706,14.866068747318506,12.041594578792294,7.280109889280519,11.704699910719626,12.529964086141668,15.0,14.866068747318504,20.0,21.633307652783937,22.671568097509265,24.08318915758459,26.1725046566048,26.907248094147423,24.08318915758459,26.1725046566048,24.041630560342618,22.022715545545243,22.80350850198276,1697810850.1108859
5.385164807134504,9.055385138137417,14.317821063276352,17.46424919657298,12.649110640673518,19.4164878389476,21.840329667841555,24.331050121192874,29.120439557122076,26.68332812825267,32.7566787083184,35.05709628591621,32.38826948140329,30.26549190084311,32.2490309931942,32.0624390837628,27.658633371878665,22.135943621178658,15.297058540778355,17.11724276862369,18.681541692269406,19.026297590440446,16.0312195418814,12.36931687685298,9.219544457292887,10.63014581273465,12.806248474865697,15.231546211727817,9.848857801796104,13.0,16.492422502470642,15.297058540778355,19.313207915827967,14.142135623730951,16.55294535724685,9.055385138137417,10.816653826391969,12.165525060596437,13.453624047073712,19.209372712298546,16.401219466856727,19.1049731745428,22.80350850198276,22.022715545545243,26.248809496813372,28.31960451701259,29.0,30.4138126514911,27.65863337187866,24.08318915758459,25.612496949731394,25.0,1697810850.118791
22.472205054244235,14.560219778561038,16.1245154965971,19.723082923316017,15.652475842498529,28.844410203711917,33.54101966249685,30.80584360149873,29.120439557122076,26.68332812825267,50.774009099144415,35.05709628591621,51.088159097779204,30.26549190084311,32.2490309931942,32.0624390837628,52.0,22.135943621178658,40.19950248448356,17.11724276862369,40.45985664828782,19.026297590440446,21.377558326431952,21.633307652783937,10.04987562112089,22.847319317591726,24.0,15.231546211727817,29.120439557122076,17.0,8.06225774829855,15.297058540778355,19.313207915827967,14.142135623730951,7.615773105863909,9.055385138137417,18.027756377319946,9.433981132056603,16.15549442140351,25.079872407968903,30.06659275674582,20.8806130178211,33.61547262794323,30.364452901377952,37.65634076752546,46.32493928760188,46.270941205037104,30.4138126514911,27.65863337187866,24.08318915758459,25.612496949731394,25.0,1697810850.1610277
11.045361017187261,9.899494936611665,8.54400374531753,13.601470508735444,11.40175425099138,11.40175425099138,21.0,18.110770276274835,20.0,24.020824298928627,27.018512172212592,28.160255680657446,34.0,26.400757564888174,21.095023109728984,30.083217912982647,32.984845004941285,23.345235059857504,16.1245154965971,13.152946437965904,24.186773244895647,16.1245154965971,13.92838827718412,3.6055512754639896,12.649110640673518,6.0827625302982185,6.324555320336759,6.324555320336759,13.892443989449806,8.485281374238571,10.63014581273465,15.652475842498529,13.453624047073712,14.422205101855958,15.0,11.40175425099138,7.211102550927979,5.656854249492381,4.47213595499958,9.848857801796104,13.601470508735444,11.704699910719626,17.804493814764854,22.671568097509265,18.60107523773827,21.095023109728988,26.1725046566048,25.612496949731394,18.867962264113206,21.93171219946131,19.209372712298546,21.95449840010015,1697810850.1828892
38.94868418830089,39.623225512317894,41.23105625617661,35.38361202590826,36.796738985948195,33.30165161069342,37.80211634287161,32.64965543462902,33.28663395418647,34.058772731852805,33.941125496954285,30.80584360149873,19.4164878389476,20.0,20.12461179749811,23.345235059857504,19.4164878389476,19.4164878389476,14.317821063276352,25.0,24.758836806279895,35.4682957019364,26.832815729997478,32.202484376209235,34.205262752974136,26.248809496813372,29.068883707497267,25.96150997149434,25.079872407968907,27.294688127912362,26.305892875931807,21.213203435596427,12.649110640673518,7.211102550927979,7.615773105863909,18.35755975068582,26.92582403567252,29.1547594742265,32.449961479175904,35.0,34.40930106817051,31.89043743820395,34.713109915419565,31.89043743820395,29.0,28.31960451701259,25.612496949731394,22.47220505424423,15.652475842498529,11.6619037896906,8.485281374238571,9.486832980505138,1697810850.3329272
29.966648127543394,30.886890422961002,26.832815729997478,32.69556544854363,27.51363298439521,26.0,31.780497164141405,26.0,25.553864678361276,28.844410203711917,28.0,19.313207915827967,14.0356688476182,9.899494936611665,6.0827625302982185,9.219544457292889,1.4142135623730951,7.0,6.4031242374328485,7.0,9.433981132056603,16.401219466856727,16.1245154965971,18.60107523773827,21.93171219946131,22.671568097509265,18.027756377319946,18.788294228055936,21.470910553583888,22.20360331117452,18.439088914585778,17.029386365926403,11.045361017187261,8.602325267042627,14.866068747318506,16.55294535724685,20.39607805437114,22.090722034374522,26.1725046566048,25.63201123595259,26.248809496813376,22.80350850198276,25.317977802344327,22.561028345356952,21.18962010041709,18.681541692269406,16.15549442140351,13.601470508735444,9.433981132056603,5.656854249492381,5.099019513592785,5.099019513592785,1697810850.405452
24.207436873820413,29.68164415931166,32.64965543462902,30.870698080866262,31.906112267087636,24.73863375370596,29.1547594742265,37.12142238654117,21.02379604162864,23.853720883753127,20.12461179749811,22.090722034374522,9.433981132056603,10.816653826391969,4.123105625617661,4.123105625617661,6.4031242374328485,7.0710678118654755,12.165525060596437,16.1245154965971,18.110770276274835,18.681541692269406,24.186773244895647,27.658633371878665,28.23118842698621,22.472205054244235,22.80350850198276,23.021728866442675,26.907248094147423,24.839484696748443,19.849433241279208,17.029386365926403,13.038404810405298,12.165525060596437,15.620499351813308,18.788294228055936,27.80287754891569,24.186773244895647,28.0178514522438,31.906112267087636,30.23243291566195,30.23243291566195,30.528675044947498,27.29468812791236,22.825424421026653,21.470910553583888,15.652475842498529,12.08304597359457,7.810249675906654,5.8309518948453,5.385164807134504,6.708203932499369,1697810850.4433854
26.419689627245813,28.178005607210743,29.154759474226502,27.730849247724095,28.635642126552703,25.63201123595259,26.570660511172843,24.351591323771842,24.698178070456937,22.80350850198276,20.39607805437114,15.03329637837291,9.486832980505138,8.602325267042627,5.0,2.0,5.385164807134504,9.848857801796104,11.704699910719626,14.866068747318506,16.76305461424021,20.615528128088304,21.840329667841555,25.0,27.51363298439521,24.351591323771842,22.090722034374522,23.021728866442675,20.0,23.021728866442675,18.0,20.024984394500787,13.152946437965904,9.848857801796104,10.770329614269007,18.027756377319946,22.360679774997898,24.698178070456937,22.80350850198276,28.23118842698621,26.832815729997478,25.0,26.832815729997478,23.08679276123039,14.866068747318504,19.723082923316017,15.620499351813308,14.317821063276352,5.8309518948453,6.0,2.23606797749979,5.099019513592785,1697810850.4642427
28.160255680657446,29.966648127543394,31.304951684997057,30.886890422961002,29.966648127543394,27.29468812791236,28.30194339616981,23.706539182259394,24.596747752497688,24.186773244895647,15.811388300841898,16.278820596099706,17.11724276862369,6.0,11.045361017187261,2.23606797749979,9.848857801796104,9.848857801796104,17.11724276862369,18.027756377319946,19.026297590440446,21.0,19.1049731745428,23.194827009486403,29.017236257093817,24.331050121192874,22.02271554554524,25.298221281347036,22.561028345356952,20.39607805437114,18.439088914585778,22.135943621178658,16.492422502470642,9.433981132056603,17.26267650163207,18.110770276274835,22.360679774997898,19.235384061671347,25.079872407968907,26.92582403567252,22.847319317591726,25.079872407968903,26.92582403567252,20.6155281280883,17.720045146669353,17.08800749063506,13.601470508735444,10.295630140987,9.0,5.099019513592785,5.385164807134504,6.0827625302982185,1697810850.5029287
39.56008088970497,24.041630560342618,25.238858928247925,29.68164415931166,31.953090617340916,16.278820596099706,24.08318915758459,25.238858928247925,20.0,20.808652046684813,20.615528128088304,13.453624047073712,8.94427190999916,9.433981132056603,10.816653826391969,3.6055512754639896,8.602325267042627,10.295630140987,19.0,13.152946437965904,23.021728866442675,22.20360331117452,32.64965543462902,26.076809620810597,30.0,22.135943621178658,16.76305461424021,17.08800749063506,16.76305461424021,19.924858845171276,11.704699910719626,11.6619037896906,18.439088914585774,16.401219466856727,7.0710678118654755,19.0,20.09975124224178,14.560219778561038,18.973665961010276,19.0,24.186773244895647,16.0,21.213203435596427,24.186773244895647,16.1245154965971,12.36931687685298,7.0710678118654755,12.165525060596437,9.219544457292889,6.0,7.615773105863909,2.23606797749979,1697810850.534429
32.28002478313795,34.713109915419565,35.22782990761707,35.05709628591621,35.22782990761707,33.0,34.0,28.0,28.017851452243796,25.079872407968907,25.079872407968907,22.02271554554524,12.165525060596437,18.439088914585778,12.529964086141668,11.704699910719626,9.486832980505138,15.132745950421555,16.1245154965971,18.439088914585778,19.235384061671347,22.561028345356952,21.377558326431952,29.1547594742265,29.1547594742265,27.0,22.360679774997898,23.769728648009426,20.8806130178211,22.847319317591726,21.18962010041709,19.697715603592208,17.08800749063506,10.816653826391969,15.652475842498529,22.80350850198276,25.317977802344327,27.658633371878665,24.73863375370596,25.96150997149434,21.18962010041709,25.96150997149434,26.92582403567252,21.18962010041709,19.723082923316017,21.02379604162864,16.1245154965971,11.704699910719626,6.324555320336759,8.06225774829855,4.123105625617661,6.324555320336759,1697810850.5529423
29.1547594742265,28.178005607210743,30.870698080866262,28.23118842698621,29.154759474226502,25.298221281347036,25.63201123595259,24.351591323771842,24.351591323771842,24.041630560342615,21.377558326431952,16.1245154965971,12.649110640673518,11.6619037896906,8.602325267042627,7.615773105863909,8.06225774829855,11.40175425099138,13.0,16.1245154965971,17.88854381999832,21.095023109728988,21.470910553583888,23.3238075793812,25.942243542145697,22.847319317591726,20.808652046684813,22.671568097509265,20.518284528683193,20.518284528683193,17.69180601295413,16.278820596099706,15.811388300841896,11.180339887498949,14.142135623730951,19.235384061671347,21.023796041628636,21.023796041628636,23.086792761230395,23.021728866442675,22.02271554554524,22.20360331117452,25.179356624028344,22.0,20.09975124224178,17.029386365926403,14.142135623730951,10.04987562112089,8.06225774829855,6.708203932499369,7.211102550927979,5.8309518948453,1697810850.5639946
25.079872407968903,27.202941017470888,38.05259518088089,28.017851452243796,33.24154027718932,32.01562118716424,24.020824298928627,32.55764119219941,25.079872407968907,27.018512172212592,22.02271554554524,19.1049731745428,15.132745950421555,11.40175425099138,9.848857801796104,7.615773105863909,5.8309518948453,13.601470508735444,17.0,16.55294535724685,22.80350850198276,23.769728648009423,21.931712199461305,23.706539182259394,30.413812651491096,24.041630560342615,24.186773244895647,25.238858928247925,21.400934559032695,26.248809496813372,19.849433241279208,16.970562748477143,16.643316977093235,13.0,16.1245154965971,22.360679774997898,24.331050121192874,25.0,24.331050121192874,28.0713376952364,27.16615541441225,25.179356624028344,26.68332812825267,25.079872407968907,22.0,18.0,14.0356688476182,11.180339887498949,9.219544457292889,8.06225774829855,8.485281374238571,6.4031242374328485,1697810850.5698848
26.019223662515373,28.160255680657446,34.48187929913333,28.0713376952364,29.61418578992169,25.709920264364882,24.041630560342615,24.351591323771842,26.476404589747453,21.540659228538015,26.248809496813376,18.439088914585774,13.0,13.152946437965904,3.6055512754639896,9.848857801796104,8.54400374531753,12.36931687685298,12.529964086141668,16.278820596099706,19.026297590440446,22.02271554554524,14.560219778561038,23.53720459187964,26.92582403567252,22.80350850198276,20.615528128088304,22.02271554554524,20.09975124224178,19.026297590440446,17.0,19.1049731745428,15.0,19.0,11.40175425099138,19.1049731745428,21.400934559032695,13.416407864998739,22.671568097509265,26.248809496813372,21.213203435596427,22.80350850198276,24.207436873820413,22.627416997969522,20.808652046684813,18.867962264113206,13.038404810405298,10.63014581273465,9.219544457292887,7.211102550927979,8.06225774829855,7.211102550927979,1697810850.5778913
29.427877939124325,32.01562118716424,34.785054261852174,33.52610922848042,32.57299494980467,30.675723300355937,30.083217912982644,27.313000567495326,29.5296461204668,28.23118842698621,25.612496949731394,22.47220505424423,15.524174696260024,12.165525060596437,11.045361017187261,10.19803902718557,8.246211251235321,13.601470508735444,16.278820596099706,17.720045146669353,22.360679774997898,25.63201123595259,23.769728648009426,28.23118842698621,30.083217912982644,26.400757564888174,24.331050121192874,25.179356624028344,22.20360331117452,25.079872407968907,21.023796041628636,19.0,16.278820596099706,13.0,17.029386365926403,21.2602916254693,25.612496949731394,26.870057685088806,29.0,26.1725046566048,24.758836806279895,26.1725046566048,28.284271247461902,22.671568097509265,21.400934559032695,18.027756377319946,14.422205101855958,10.63014581273465,8.94427190999916,7.0710678118654755,7.0,7.0710678118654755,1697810850.6228707
21.02379604162864,23.3238075793812,24.596747752497688,22.825424421026653,23.3238075793812,18.60107523773827,22.627416997969522,16.278820596099706,19.1049731745428,20.615528128088304,21.400934559032695,15.264337522473749,8.485281374238571,10.816653826391969,8.06225774829855,6.0827625302982185,6.708203932499369,10.295630140987,13.453624047073712,12.206555615733702,14.866068747318504,16.970562748477143,18.788294228055936,18.38477631085024,24.207436873820413,21.2602916254693,19.1049731745428,20.615528128088304,16.970562748477143,17.4928556845359,15.811388300841896,12.806248474865697,8.54400374531753,12.08304597359457,11.180339887498949,16.0,20.0,22.20360331117452,22.090722034374522,23.086792761230395,23.086792761230395,20.39607805437114,21.023796041628636,19.026297590440446,17.26267650163207,15.03329637837291,11.180339887498949,8.94427190999916,8.246211251235321,4.47213595499958,5.385164807134504,11.313708498984761,1697810850.6299088
30.01666203960727,27.018512172212592,31.064449134018133,30.06659275674582,29.068883707497264,27.16615541441225,25.495097567963924,23.021728866442675,25.01999200639361,18.788294228055936,18.439088914585774,13.416407864998739,10.0,11.180339887498949,8.06225774829855,3.6055512754639896,7.280109889280519,8.602325267042627,13.601470508735444,20.39607805437114,21.840329667841555,23.086792761230395,19.026297590440446,23.53720459187964,26.019223662515373,24.083189157584588,23.53720459187964,23.345235059857504,23.769728648009423,18.788294228055936,20.591260281974,15.297058540778355,16.401219466856727,11.6619037896906,13.92838827718412,18.248287590894655,25.079872407968903,21.540659228538015,27.51363298439521,31.304951684997057,22.47220505424423,26.248809496813376,29.546573405388315,23.259406699226012,20.6155281280883,17.029386365926403,13.892443989449806,11.704699910719626,9.055385138137417,8.54400374531753,8.06225774829855,9.486832980505138,1697810850.6368783
19.026297590440446,17.11724276862369,23.021728866442675,19.235384061671347,21.023796041628636,21.0,17.11724276862369,18.788294228055936,16.1245154965971,14.560219778561038,20.248456731316587,11.180339887498949,6.324555320336759,9.0,7.280109889280519,3.0,12.0,7.810249675906654,8.54400374531753,12.206555615733702,19.924858845171276,16.0312195418814,13.152946437965904,22.090722034374522,16.278820596099706,16.0312195418814,16.1245154965971,15.811388300841898,17.46424919657298,16.15549442140351,15.231546211727817,9.848857801796104,15.0,7.211102550927979,14.422205101855958,13.0,18.248287590894655,16.643316977093235,18.681541692269406,17.720045146669353,15.811388300841898,16.492422502470642,17.720045146669353,15.231546211727817,15.231546211727817,12.08304597359457,11.40175425099138,8.54400374531753,6.0,5.8309518948453,5.385164807134504,5.8309518948453,1697810850.6448736
29.410882339705488,31.04834939252005,33.24154027718932,31.57530680769389,31.144823004794876,29.017236257093817,32.0624390837628,25.01999200639361,28.017851452243796,28.017851452243796,24.186773244895647,22.20360331117452,9.055385138137417,13.341664064126334,8.94427190999916,10.63014581273465,8.06225774829855,10.04987562112089,17.0,19.1049731745428,19.0,22.02271554554524,25.179356624028344,26.019223662515373,30.01666203960727,25.01999200639361,24.083189157584588,25.01999200639361,22.02271554554524,21.213203435596427,19.4164878389476,19.4164878389476,14.866068747318506,10.816653826391969,15.620499351813308,21.095023109728988,24.69817807045694,21.93171219946131,26.400757564888174,26.248809496813372,24.839484696748443,25.612496949731394,26.248809496813372,23.3452350598575,20.518284528683193,16.970562748477143,14.866068747318504,12.041594578792296,10.295630140987,7.280109889280519,8.06225774829855,8.06225774829855,1697810850.672804
25.455844122715714,27.80287754891569,28.42534080710379,27.459060435491963,27.29468812791236,24.596747752497688,21.470910553583888,24.186773244895647,21.931712199461305,26.248809496813376,22.135943621178658,16.492422502470642,13.892443989449806,12.206555615733702,15.0,10.770329614269007,10.04987562112089,10.44030650891055,11.180339887498949,11.40175425099138,17.0,24.515301344262525,19.0,28.0713376952364,32.69556544854363,27.658633371878665,27.16615541441225,30.59411708155671,18.439088914585778,31.827660925679098,22.20360331117452,20.808652046684813,16.278820596099706,8.246211251235321,19.313207915827967,23.853720883753127,19.209372712298546,18.38477631085024,25.612496949731394,22.80350850198276,24.08318915758459,22.203603311174515,22.671568097509265,23.430749027719962,19.1049731745428,16.401219466856727,12.806248474865697,10.63014581273465,10.0,9.055385138137417,6.324555320336759,9.0,1697810850.6808388
29.832867780352593,28.0178514522438,34.0,32.7566787083184,30.016662039607265,32.64965543462902,27.85677655436824,28.635642126552703,29.068883707497267,27.202941017470888,26.248809496813376,20.024984394500787,17.720045146669353,15.0,12.529964086141668,9.899494936611665,8.246211251235321,7.280109889280519,15.132745950421555,16.55294535724685,18.681541692269406,19.697715603592208,21.540659228538015,25.059928172283335,29.120439557122076,25.96150997149434,27.202941017470888,25.63201123595259,25.079872407968903,23.259406699226012,21.02379604162864,18.788294228055936,16.1245154965971,13.453624047073712,13.416407864998739,19.924858845171276,23.40939982143925,22.472205054244235,25.0,25.63201123595259,23.769728648009426,23.40939982143925,25.298221281347036,22.847319317591726,20.12461179749811,18.35755975068582,13.892443989449806,11.180339887498949,9.055385138137417,8.06225774829855,8.54400374531753,8.246211251235321,1697810850.7339067
23.08679276123039,22.0,29.068883707497264,32.38826948140329,36.6742416417845,20.09975124224178,23.021728866442675,25.01999200639361,22.02271554554524,28.160255680657446,22.561028345356952,18.439088914585778,15.132745950421555,9.848857801796104,8.06225774829855,9.219544457292887,7.810249675906654,10.04987562112089,14.317821063276352,17.11724276862369,17.11724276862369,20.09975124224178,22.0,23.086792761230395,27.018512172212592,25.079872407968907,23.021728866442675,24.020824298928627,21.023796041628636,20.024984394500787,19.026297590440446,18.110770276274835,17.26267650163207,12.08304597359457,15.0,15.556349186104047,19.849433241279208,20.518284528683193,23.60084744241189,22.671568097509265,21.93171219946131,21.93171219946131,23.3452350598575,21.2602916254693,18.35755975068582,17.029386365926403,13.453624047073712,12.041594578792296,9.848857801796104,10.19803902718557,9.219544457292889,8.246211251235321,1697810850.7429056
28.0713376952364,27.16615541441225,31.256999216175565,30.06659275674582,30.01666203960727,27.073972741361768,25.495097567963924,26.476404589747453,29.427877939124325,24.73863375370596,24.73863375370596,18.38477631085024,12.649110640673518,13.601470508735444,8.0,6.324555320336759,7.0710678118654755,10.63014581273465,10.19803902718557,13.038404810405298,13.038404810405298,16.0,18.248287590894655,23.086792761230395,23.086792761230395,21.095023109728984,22.0,22.02271554554524,21.023796041628636,17.11724276862369,19.026297590440446,18.027756377319946,12.649110640673518,11.704699910719626,14.866068747318504,16.643316977093235,20.0,23.430749027719962,23.021728866442675,21.2602916254693,19.849433241279208,19.209372712298546,22.022715545545243,21.213203435596427,18.439088914585774,17.029386365926403,12.041594578792296,10.63014581273465,9.848857801796104,9.055385138137417,8.0,9.0,1697810850.7720263
30.14962686336267,32.0624390837628,31.256999216175565,32.0624390837628,30.01666203960727,31.016124838541643,32.0,27.073972741361768,29.068883707497264,29.27456233660889,24.351591323771842,21.540659228538015,14.142135623730951,12.041594578792294,10.19803902718557,10.295630140987,5.8309518948453,7.0710678118654755,10.0,19.026297590440446,18.110770276274835,23.086792761230395,23.194827009486403,26.076809620810597,28.442925306655788,26.476404589747453,25.179356624028344,25.079872407968907,23.021728866442675,23.0,21.0,20.024984394500787,17.11724276862369,13.601470508735444,14.866068747318504,19.79898987322333,24.041630560342618,22.627416997969522,25.455844122715714,25.495097567963924,24.08318915758459,24.041630560342618,25.455844122715714,23.430749027719962,21.400934559032695,18.439088914585774,15.0,12.041594578792296,9.433981132056603,9.486832980505138,9.055385138137417,9.219544457292889,1697810850.787973
27.16615541441225,31.32091952673165,21.587033144922902,29.427877939124325,23.769728648009423,20.248456731316587,29.120439557122076,28.861739379323623,28.160255680657446,21.023796041628636,27.658633371878665,19.235384061671343,13.416407864998739,10.44030650891055,5.099019513592785,6.4031242374328485,4.47213595499958,9.219544457292889,13.341664064126334,23.08679276123039,24.596747752497688,25.079872407968907,23.706539182259394,29.27456233660889,21.213203435596427,23.345235059857504,25.079872407968907,24.351591323771842,24.041630560342615,24.351591323771842,23.345235059857504,23.769728648009423,16.492422502470642,14.866068747318506,22.022715545545243,12.806248474865697,21.95449840010015,25.63201123595259,27.018512172212596,20.591260281974,18.681541692269406,17.804493814764854,18.027756377319946,19.924858845171276,17.69180601295413,15.231546211727817,12.206555615733702,10.19803902718557,8.06225774829855,7.0,8.06225774829855,5.0,1697810850.8130312
46.22769732530488,31.32091952673165,21.587033144922902,29.427877939124325,23.769728648009423,20.248456731316587,29.120439557122076,39.92492955535426,28.160255680657446,43.41658669218482,45.39823785126466,28.0713376952364,31.40063693621516,11.40175425099138,17.4928556845359,4.47213595499958,17.0,11.704699910719626,29.832867780352593,20.808652046684813,26.248809496813376,25.079872407968907,35.510561809129406,29.27456233660889,42.1070065428546,23.345235059857504,25.079872407968907,24.351591323771842,34.52535300326414,18.0,27.0,28.31960451701259,31.38470965295043,14.866068747318506,26.400757564888174,12.806248474865697,21.95449840010015,22.627416997969522,34.20526275297414,27.29468812791236,18.681541692269406,17.804493814764854,22.825424421026653,19.924858845171276,28.792360097775934,31.0,11.180339887498949,25.455844122715714,11.6619037896906,7.211102550927979,11.180339887498949,12.041594578792294,1697810850.8236647
26.92582403567252,27.202941017470888,28.861739379323623,28.861739379323623,27.658633371878665,27.16615541441225,26.1725046566048,26.076809620810597,25.079872407968907,25.0,23.021728866442675,17.46424919657298,12.165525060596437,7.615773105863909,10.770329614269007,4.47213595499958,6.324555320336759,6.0827625302982185,12.165525060596437,8.94427190999916,19.313207915827967,15.132745950421555,21.840329667841555,22.472205054244235,22.360679774997898,23.194827009486403,22.090722034374522,18.681541692269406,26.68332812825267,25.317977802344327,20.615528128088304,23.769728648009426,14.317821063276352,12.041594578792296,13.892443989449806,14.560219778561038,17.204650534085253,20.591260281974,22.135943621178658,18.60107523773827,18.027756377319946,18.027756377319946,20.12461179749811,17.4928556845359,14.422205101855958,13.601470508735444,12.206555615733702,7.810249675906654,8.246211251235321,6.0,6.0827625302982185,6.324555320336759,1697810850.8365216
29.1547594742265,23.021728866442675,36.22154055254967,28.017851452243796,32.14031735997639,29.068883707497264,25.079872407968907,27.459060435491963,28.460498941515414,26.92582403567252,29.120439557122076,17.720045146669353,12.529964086141668,10.0,8.246211251235321,8.06225774829855,9.0,10.0,10.770329614269007,15.297058540778355,19.0,24.020824298928627,22.090722034374522,26.019223662515373,28.0,25.079872407968907,22.0,24.020824298928627,19.026297590440446,19.4164878389476,18.110770276274835,18.027756377319946,13.038404810405298,13.601470508735444,13.038404810405298,18.027756377319946,23.021728866442675,21.95449840010015,21.095023109728988,21.93171219946131,25.612496949731394,19.4164878389476,23.3238075793812,20.615528128088304,19.1049731745428,14.142135623730951,18.027756377319946,8.54400374531753,3.6055512754639896,5.8309518948453,6.0,6.0827625302982185,1697810850.8785179
29.1547594742265,23.021728866442675,36.22154055254967,28.017851452243796,32.14031735997639,29.068883707497264,25.079872407968907,27.459060435491963,28.460498941515414,26.92582403567252,29.120439557122076,42.638011210655684,24.413111231467404,32.2490309931942,30.80584360149873,17.0,13.601470508735444,28.0713376952364,25.317977802344327,33.060550509633075,40.607881008493905,24.020824298928627,22.090722034374522,26.019223662515373,28.0,25.079872407968907,22.0,24.020824298928627,34.23448553724738,19.4164878389476,18.110770276274835,18.027756377319946,30.4138126514911,24.207436873820413,21.213203435596427,18.027756377319946,23.021728866442675,21.95449840010015,32.14031735997639,21.93171219946131,25.612496949731394,19.4164878389476,23.3238075793812,42.20189569201839,35.84689665786984,36.22154055254967,28.442925306655788,25.709920264364882,18.35755975068582,10.19803902718557,23.345235059857504,14.317821063276352,1697810850.8950768
24.0,17.46424919657298,33.83784863137726,29.27456233660889,33.37663853655727,31.622776601683796,25.63201123595259,26.570660511172843,31.32091952673165,26.0,21.400934559032695,12.529964086141668,10.770329614269007,9.219544457292889,6.324555320336759,6.0827625302982185,3.1622776601683795,8.602325267042627,7.0,17.46424919657298,13.038404810405298,16.1245154965971,20.024984394500787,23.0,22.0,23.08679276123039,21.377558326431952,23.086792761230395,16.0312195418814,21.213203435596427,16.0312195418814,15.132745950421555,15.03329637837291,11.313708498984761,10.295630140987,16.278820596099706,22.360679774997898,23.259406699226012,15.811388300841896,24.041630560342618,18.973665961010276,21.470910553583888,24.758836806279895,20.518284528683193,19.723082923316017,15.620499351813308,11.6619037896906,10.63014581273465,6.0827625302982185,6.0827625302982185,5.656854249492381,6.0,1697810850.914408
33.61547262794322,28.0713376952364,24.041630560342615,22.847319317591726,28.178005607210743,29.5296461204668,27.294688127912362,32.984845004941285,29.410882339705488,24.083189157584588,27.073972741361768,13.152946437965904,10.19803902718557,14.317821063276352,10.770329614269007,8.94427190999916,10.44030650891055,10.04987562112089,15.132745950421555,11.40175425099138,14.0356688476182,15.297058540778355,13.601470508735444,27.459060435491963,28.442925306655788,26.400757564888174,20.12461179749811,20.39607805437114,19.697715603592208,21.540659228538015,15.264337522473749,18.027756377319946,10.295630140987,13.892443989449806,13.341664064126334,19.0,18.973665961010276,21.587033144922902,19.235384061671347,26.92582403567252,20.223748416156685,21.587033144922902,20.024984394500787,21.377558326431952,15.297058540778355,11.40175425099138,11.40175425099138,6.0,9.219544457292889,3.1622776601683795,7.280109889280519,7.810249675906654,1697810850.9599504
33.61547262794322,28.0713376952364,24.041630560342615,22.847319317591726,28.178005607210743,29.5296461204668,27.294688127912362,32.984845004941285,29.410882339705488,24.083189157584588,27.073972741361768,13.152946437965904,42.57933771208753,38.470768123342694,31.016124838541646,25.942243542145697,19.026297590440446,24.083189157584588,23.53720459187964,38.01315561749642,14.0356688476182,15.297058540778355,13.601470508735444,27.459060435491963,28.442925306655788,26.400757564888174,20.12461179749811,20.39607805437114,19.697715603592208,21.540659228538015,15.264337522473749,18.027756377319946,10.295630140987,30.0,13.341664064126334,19.0,18.973665961010276,21.587033144922902,19.235384061671347,26.92582403567252,20.223748416156685,21.587033144922902,20.024984394500787,21.377558326431952,15.297058540778355,43.18564576337837,37.33630940518894,23.0,18.38477631085024,12.806248474865697,20.8806130178211,21.840329667841555,1697810850.9976475
31.304951684997057,31.304951684997057,33.28663395418647,30.413812651491096,28.844410203711917,29.068883707497267,35.805027579936315,29.698484809834998,33.97057550292606,26.400757564888174,26.1725046566048,19.4164878389476,12.529964086141668,12.041594578792296,16.55294535724685,11.313708498984761,7.810249675906654,7.615773105863909,17.804493814764854,10.19803902718557,15.524174696260024,19.0,14.142135623730951,19.723082923316017,34.0,21.93171219946131,21.400934559032695,20.39607805437114,20.0,21.633307652783937,15.231546211727817,19.235384061671347,20.8806130178211,14.866068747318506,15.231546211727817,19.209372712298546,19.79898987322333,16.55294535724685,23.853720883753127,27.78488797889961,22.47220505424423,19.849433241279208,23.430749027719962,22.472205054244235,19.6468827043885,14.866068747318504,12.649110640673518,9.848857801796104,5.8309518948453,5.099019513592785,8.54400374531753,7.0710678118654755,1697810851.0086503
27.459060435491963,24.331050121192874,25.495097567963924,33.734255586866006,37.21558813185679,31.04834939252005,24.596747752497688,21.931712199461305,26.0,23.021728866442675,20.248456731316587,20.615528128088304,15.264337522473749,11.180339887498949,9.055385138137417,12.041594578792296,7.0,10.816653826391969,12.0,11.6619037896906,17.46424919657298,17.26267650163207,17.720045146669353,16.278820596099706,22.561028345356952,25.0,16.0312195418814,15.0,19.924858845171276,18.027756377319946,12.36931687685298,16.278820596099706,11.40175425099138,7.211102550927979,11.180339887498949,15.0,17.88854381999832,21.93171219946131,22.627416997969522,19.849433241279208,20.518284528683193,23.3452350598575,20.0,20.0,13.0,15.620499351813308,11.704699910719626,6.4031242374328485,5.8309518948453,8.54400374531753,6.708203932499369,3.6055512754639896,1697810851.0290933
29.017236257093817,29.068883707497264,29.61418578992169,28.160255680657446,30.0,26.305892875931807,31.622776601683796,24.331050121192874,26.076809620810597,25.709920264364882,27.78488797889961,17.46424919657298,13.892443989449806,14.560219778561038,11.704699910719626,8.54400374531753,11.313708498984761,13.341664064126334,9.0,12.36931687685298,12.649110640673518,16.55294535724685,23.021728866442675,24.041630560342615,21.023796041628636,20.09975124224178,20.39607805437114,22.360679774997898,21.587033144922902,20.09975124224178,18.110770276274835,13.601470508735444,13.92838827718412,13.92838827718412,12.806248474865697,18.60107523773827,17.4928556845359,20.248456731316587,20.248456731316587,22.47220505424423,20.0,18.788294228055936,21.095023109728988,15.620499351813308,17.804493814764854,14.422205101855958,15.652475842498529,28.178005607210743,10.816653826391969,8.06225774829855,5.385164807134504,6.4031242374328485,1697810851.0526805
22.0,23.40939982143925,24.020824298928627,38.63935817272331,39.11521443121589,37.21558813185679,28.635642126552703,27.018512172212592,27.073972741361768,29.017236257093817,23.086792761230395,21.377558326431952,13.601470508735444,14.0356688476182,14.142135623730951,8.602325267042627,2.23606797749979,9.219544457292889,13.92838827718412,10.19803902718557,9.486832980505138,23.53720459187964,22.135943621178658,22.80350850198276,26.570660511172843,15.03329637837291,18.788294228055936,24.186773244895647,16.492422502470642,20.248456731316587,13.038404810405298,18.35755975068582,14.317821063276352,9.055385138137417,12.041594578792294,17.46424919657298,17.804493814764854,18.027756377319946,13.601470508735444,24.698178070456937,24.16609194718914,22.135943621178658,19.697715603592208,15.231546211727817,13.92838827718412,10.19803902718557,10.44030650891055,8.06225774829855,9.219544457292889,5.8309518948453,7.810249675906654,5.0,1697810851.0644062
33.421549934136806,48.414873747640826,22.671568097509265,38.8329756778952,29.20616373302047,42.5205832509386,37.53664875824692,33.30165161069342,35.805027579936315,30.23243291566195,26.419689627245813,31.622776601683796,20.39607805437114,15.811388300841896,20.518284528683193,12.041594578792296,6.4031242374328485,7.0,10.04987562112089,8.06225774829855,9.486832980505138,15.264337522473749,24.413111231467404,16.970562748477143,26.400757564888174,21.400934559032695,25.80697580112788,28.31960451701259,23.430749027719962,25.495097567963924,20.518284528683193,19.1049731745428,17.204650534085253,18.027756377319946,19.026297590440446,22.472205054244235,18.027756377319946,16.492422502470642,20.09975124224178,27.51363298439521,18.027756377319946,26.92582403567252,23.021728866442675,21.0,13.341664064126334,14.0,11.180339887498949,8.246211251235321,5.385164807134504,3.0,7.0710678118654755,7.810249675906654,1697810851.0724115
12.806248474865697,26.870057685088806,22.022715545545243,26.400757564888174,31.827660925679098,34.828149534536,31.016124838541646,20.591260281974,25.238858928247925,20.12461179749811,21.540659228538015,22.47220505424423,15.264337522473749,13.601470508735444,12.041594578792296,9.433981132056603,9.055385138137417,8.602325267042627,6.0,15.620499351813308,7.211102550927979,15.231546211727817,14.212670403551895,22.80350850198276,26.0,19.1049731745428,22.825424421026653,22.472205054244235,23.0,15.811388300841898,17.4928556845359,20.615528128088304,10.0,13.038404810405298,13.453624047073712,14.142135623730951,21.18962010041709,24.186773244895647,23.021728866442675,25.0,20.6155281280883,19.313207915827967,18.027756377319946,16.492422502470642,18.110770276274835,11.180339887498949,10.19803902718557,7.280109889280519,6.4031242374328485,5.656854249492381,9.0,5.0,1697810851.1019342
28.792360097775934,29.1547594742265,34.23448553724738,27.073972741361768,26.68332812825267,26.305892875931807,28.017851452243796,27.018512172212592,26.076809620810597,25.0,30.06659275674582,18.027756377319946,17.0,12.041594578792294,8.246211251235321,7.0,6.4031242374328485,6.324555320336759,10.0,11.40175425099138,13.0,18.439088914585774,17.029386365926403,17.204650534085253,24.596747752497688,23.3238075793812,24.413111231467404,22.80350850198276,24.08318915758459,17.69180601295413,21.93171219946131,14.422205101855958,14.866068747318504,14.422205101855958,11.180339887498949,16.1245154965971,22.20360331117452,19.1049731745428,22.360679774997898,22.090722034374522,21.095023109728984,21.023796041628636,22.090722034374522,19.0,19.0,14.0356688476182,13.0,9.219544457292889,6.324555320336759,5.656854249492381,5.8309518948453,5.656854249492381,1697810851.1337292
36.235341863986875,27.202941017470888,23.021728866442675,32.2490309931942,37.12142238654117,35.805027579936315,33.015148038438355,33.734255586866006,26.832815729997478,34.539832078341085,29.154759474226502,23.345235059857504,21.470910553583888,18.0,17.88854381999832,3.0,10.770329614269007,6.324555320336759,9.433981132056603,16.1245154965971,18.027756377319946,22.825424421026653,18.788294228055936,20.223748416156685,25.63201123595259,25.495097567963924,19.0,28.42534080710379,11.180339887498949,26.0,19.924858845171276,23.086792761230395,11.180339887498949,13.416407864998739,14.212670403551895,19.924858845171276,26.248809496813372,14.866068747318504,27.459060435491963,24.839484696748443,19.209372712298546,23.853720883753127,25.942243542145697,20.0,18.867962264113206,13.453624047073712,14.866068747318504,9.219544457292887,6.0,5.099019513592785,2.23606797749979,9.848857801796104,1697810851.1584747
36.05551275463989,23.40939982143925,28.30194339616981,17.4928556845359,18.681541692269406,19.4164878389476,32.89376840679706,29.154759474226502,21.587033144922902,25.059928172283335,25.238858928247925,18.60107523773827,8.485281374238571,5.385164807134504,6.4031242374328485,6.0827625302982185,10.816653826391969,9.219544457292887,6.324555320336759,14.422205101855958,11.40175425099138,14.422205101855958,15.811388300841898,24.698178070456937,30.80584360149873,20.591260281974,21.095023109728988,21.213203435596427,14.212670403551895,21.213203435596427,21.400934559032695,17.204650534085253,11.40175425099138,11.40175425099138,13.601470508735444,17.88854381999832,19.4164878389476,18.439088914585778,24.515301344262525,25.298221281347036,22.135943621178658,19.313207915827967,25.942243542145697,23.021728866442675,19.313207915827967,15.03329637837291,12.08304597359457,9.0,6.4031242374328485,7.0710678118654755,6.0,7.810249675906654,1697810851.2739716
27.80287754891569,30.610455730027933,29.73213749463701,29.0,25.495097567963924,28.0178514522438,25.059928172283335,22.472205054244235,19.1049731745428,20.518284528683193,13.0,10.19803902718557,8.602325267042627,5.0,8.54400374531753,3.1622776601683795,4.123105625617661,12.36931687685298,15.811388300841898,16.0312195418814,18.973665961010276,19.924858845171276,24.0,25.298221281347036,25.179356624028344,24.331050121192874,19.697715603592208,21.931712199461305,20.248456731316587,20.591260281974,16.643316977093235,19.723082923316017,14.866068747318504,12.727922061357857,11.40175425099138,18.027756377319946,22.360679774997898,21.18962010041709,17.46424919657298,22.561028345356952,24.515301344262525,25.079872407968907,25.709920264364882,20.0,16.1245154965971,15.524174696260024,13.038404810405298,9.486832980505138,7.211102550927979,1.0,9.219544457292889,6.0,1697810851.3038116
23.086792761230395,18.110770276274835,19.0,22.02271554554524,24.515301344262525,23.194827009486403,15.297058540778355,22.360679774997898,14.142135623730951,18.027756377319946,14.317821063276352,9.848857801796104,14.422205101855958,4.242640687119286,4.123105625617661,9.0,2.0,10.19803902718557,15.0,13.341664064126334,10.63014581273465,19.1049731745428,16.401219466856727,20.518284528683193,29.5296461204668,19.1049731745428,19.1049731745428,21.400934559032695,19.79898987322333,17.08800749063506,14.7648230602334,16.401219466856727,9.055385138137417,10.04987562112089,5.0,17.720045146669353,14.317821063276352,18.38477631085024,19.6468827043885,19.235384061671343,19.6468827043885,14.317821063276352,14.212670403551895,12.649110640673518,13.416407864998739,11.180339887498949,7.280109889280519,8.602325267042627,2.23606797749979,1.0,3.0,3.6055512754639896,1697810851.312816
35.440090293338706,34.058772731852805,4.47213595499958,28.0178514522438,29.0,27.51363298439521,33.37663853655727,25.495097567963924,26.076809620810597,16.55294535724685,19.6468827043885,18.027756377319946,10.0,8.06225774829855,5.8309518948453,12.08304597359457,15.03329637837291,12.36931687685298,19.235384061671347,15.297058540778355,23.021728866442675,28.0713376952364,24.69817807045694,21.633307652783937,34.17601498127012,24.041630560342615,22.20360331117452,25.01999200639361,19.6468827043885,25.079872407968907,18.248287590894655,19.026297590440446,21.023796041628636,14.422205101855958,17.46424919657298,22.825424421026653,22.360679774997898,20.518284528683193,27.730849247724095,28.600699292150182,23.769728648009426,22.80350850198276,28.844410203711917,13.601470508735444,14.212670403551895,10.63014581273465,9.486832980505138,12.041594578792296,6.4031242374328485,5.385164807134504,5.099019513592785,5.656854249492381,1697810851.3508022
35.510561809129406,32.449961479175904,31.38470965295043,30.23243291566195,28.844410203711917,24.186773244895647,21.18962010041709,22.80350850198276,21.2602916254693,21.18962010041709,18.973665961010276,12.041594578792294,4.47213595499958,2.8284271247461903,3.6055512754639896,13.416407864998739,14.866068747318506,19.723082923316017,18.35755975068582,20.808652046684813,24.186773244895647,27.78488797889961,26.419689627245813,30.479501308256342,32.64965543462902,27.202941017470888,25.63201123595259,24.041630560342615,20.615528128088304,20.024984394500787,16.1245154965971,14.0356688476182,7.280109889280519,11.40175425099138,11.045361017187261,21.095023109728984,27.16615541441225,24.515301344262525,28.861739379323623,22.090722034374522,24.020824298928627,24.73863375370596,24.0,18.0,19.1049731745428,14.317821063276352,9.055385138137417,6.0827625302982185,2.8284271247461903,2.8284271247461903,5.385164807134504,5.099019513592785,1697810851.3830402
35.0,32.01562118716424,30.26549190084311,31.064449134018133,26.0,26.0,24.020824298928627,18.0,19.026297590440446,16.0,14.317821063276352,11.40175425099138,6.708203932499369,5.099019513592785,9.433981132056603,9.433981132056603,25.612496949731394,25.455844122715714,26.419689627245813,27.78488797889961,25.612496949731394,34.20526275297414,28.844410203711917,37.80211634287161,35.22782990761707,30.528675044947498,29.698484809834998,27.202941017470888,25.238858928247925,26.0,21.931712199461305,19.313207915827967,12.36931687685298,9.486832980505138,12.806248474865697,19.924858845171276,25.80697580112788,22.847319317591726,26.400757564888174,21.633307652783937,25.059928172283335,22.825424421026653,21.18962010041709,18.681541692269406,15.297058540778355,12.08304597359457,8.06225774829855,6.0827625302982185,2.8284271247461903,2.23606797749979,2.0,1.0,1697810851.403786
24.16609194718914,21.95449840010015,21.931712199461305,22.472205054244235,16.643316977093235,13.341664064126334,15.811388300841898,17.11724276862369,11.180339887498949,14.0356688476182,9.848857801796104,8.485281374238571,8.06225774829855,3.1622776601683795,2.0,9.899494936611665,12.041594578792294,15.524174696260024,15.0,29.068883707497267,13.416407864998739,25.059928172283335,22.135943621178658,26.627053911388693,25.495097567963924,18.867962264113206,18.248287590894655,21.095023109728988,14.0,19.235384061671347,19.235384061671347,17.11724276862369,10.770329614269007,5.099019513592785,6.0,5.8309518948453,15.620499351813308,13.92838827718412,24.73863375370596,21.587033144922902,15.811388300841898,14.142135623730951,15.0,13.038404810405298,13.601470508735444,6.0,6.324555320336759,4.47213595499958,2.23606797749979,2.23606797749979,3.1622776601683795,5.099019513592785,1697810851.4117987
17.46424919657298,23.430749027719962,26.400757564888174,21.400934559032695,23.3238075793812,24.69817807045694,17.029386365926403,15.0,8.602325267042627,15.811388300841898,14.317821063276352,11.40175425099138,20.248456731316587,13.453624047073712,8.602325267042627,16.1245154965971,21.0,17.26267650163207,14.0356688476182,13.038404810405298,14.866068747318506,11.40175425099138,17.11724276862369,22.472205054244235,23.259406699226012,13.152946437965904,14.7648230602334,12.806248474865697,8.06225774829855,12.529964086141668,14.317821063276352,8.602325267042627,5.0,4.47213595499958,3.1622776601683795,11.40175425099138,7.810249675906654,9.848857801796104,16.0,14.142135623730951,7.615773105863909,5.8309518948453,16.1245154965971,9.0,11.40175425099138,9.055385138137417,9.219544457292889,7.0710678118654755,2.0,5.8309518948453,1.0,6.0827625302982185,1697810851.4535604
15.231546211727817,22.360679774997898,14.142135623730951,16.55294535724685,22.090722034374522,25.01999200639361,25.0,19.723082923316017,18.110770276274835,17.720045146669353,20.39607805437114,27.202941017470888,23.430749027719962,13.453624047073712,17.4928556845359,27.313000567495326,21.93171219946131,29.410882339705484,26.92582403567252,23.3452350598575,25.612496949731394,28.178005607210743,29.410882339705488,30.364452901377952,29.732137494637012,27.85677655436824,16.278820596099706,18.681541692269406,17.46424919657298,19.209372712298546,18.027756377319946,11.045361017187261,12.206555615733702,3.1622776601683795,2.0,14.560219778561038,15.811388300841896,17.46424919657298,20.39607805437114,13.92838827718412,13.0,17.0,18.027756377319946,15.132745950421555,17.46424919657298,13.038404810405298,13.341664064126334,11.045361017187261,6.0,8.06225774829855,12.165525060596437,7.280109889280519,1697810851.4849546
19.1049731745428,11.40175425099138,17.204650534085253,18.973665961010276,13.892443989449806,15.231546211727817,12.649110640673518,11.40175425099138,12.36931687685298,10.63014581273465,19.849433241279208,18.788294228055936,15.524174696260024,18.35755975068582,14.212670403551895,20.0,18.027756377319946,17.204650534085253,20.8806130178211,19.209372712298546,18.027756377319946,22.80350850198276,24.020824298928627,22.472205054244235,30.0,12.529964086141668,13.416407864998739,13.0,10.44030650891055,9.055385138137417,9.055385138137417,8.246211251235321,4.123105625617661,1.4142135623730951,3.6055512754639896,9.219544457292887,11.313708498984761,11.40175425099138,13.453624047073712,12.806248474865697,11.40175425099138,10.63014581273465,12.529964086141668,12.529964086141668,12.529964086141668,12.529964086141668,11.6619037896906,10.816653826391969,8.06225774829855,7.280109889280519,6.0827625302982185,5.099019513592785,1697810851.5019546
14.317821063276352,31.38470965295043,28.42534080710379,25.059928172283335,19.924858845171276,13.341664064126334,30.364452901377952,5.0,15.811388300841896,17.46424919657298,25.298221281347036,32.7566787083184,31.57530680769389,33.83784863137726,34.132096331752024,24.16609194718914,27.073972741361768,27.018512172212592,7.280109889280519,17.4928556845359,20.248456731316587,17.88854381999832,19.6468827043885,14.317821063276352,18.439088914585778,14.317821063276352,14.866068747318504,16.55294535724685,12.36931687685298,10.816653826391969,11.313708498984761,9.899494936611665,2.23606797749979,4.47213595499958,8.06225774829855,7.211102550927979,13.601470508735444,19.026297590440446,18.38477631085024,24.73863375370596,18.248287590894655,13.92838827718412,15.620499351813308,10.770329614269007,10.770329614269007,16.278820596099706,14.422205101855958,16.15549442140351,7.211102550927979,7.810249675906654,9.486832980505138,17.0,1697810851.5099628
22.022715545545243,22.825424421026653,24.16609194718914,23.769728648009426,23.769728648009426,23.08679276123039,23.769728648009423,22.561028345356952,22.847319317591726,24.596747752497688,29.5296461204668,31.953090617340916,25.298221281347036,23.259406699226012,23.706539182259394,26.92582403567252,26.0,24.351591323771842,23.08679276123039,22.135943621178658,20.8806130178211,23.08679276123039,20.615528128088304,20.8806130178211,21.213203435596427,16.1245154965971,13.416407864998739,13.892443989449806,12.206555615733702,12.041594578792296,12.727922061357857,10.295630140987,6.708203932499369,0.0,4.242640687119286,10.0,21.095023109728984,17.029386365926403,20.024984394500787,21.095023109728984,19.026297590440446,19.235384061671347,21.840329667841555,24.351591323771842,23.769728648009423,24.041630560342615,22.80350850198276,19.924858845171276,15.231546211727817,14.212670403551895,12.806248474865697,12.36931687685298,1697810851.529492
9.219544457292889,21.2602916254693,19.1049731745428,21.18962010041709,17.88854381999832,21.93171219946131,26.627053911388693,18.60107523773827,20.12461179749811,24.186773244895647,28.178005607210743,27.51363298439521,21.213203435596427,13.416407864998739,21.18962010041709,18.788294228055936,21.095023109728988,25.709920264364882,22.825424421026653,14.142135623730951,8.54400374531753,14.0356688476182,11.40175425099138,14.317821063276352,15.620499351813308,11.6619037896906,10.295630140987,12.08304597359457,9.433981132056603,10.770329614269007,10.19803902718557,11.6619037896906,7.211102550927979,1.0,5.0,11.045361017187261,15.0,16.0,21.095023109728984,18.110770276274835,20.024984394500787,21.540659228538015,25.495097567963924,23.194827009486403,24.351591323771842,25.079872407968903,21.633307652783937,21.93171219946131,18.027756377319946,17.029386365926403,14.212670403551895,14.560219778561038,1697810851.5804071
20.248456731316587,27.730849247724095,23.3238075793812,21.633307652783937,23.60084744241189,23.021728866442675,21.93171219946131,21.2602916254693,24.08318915758459,25.455844122715714,27.58622844826744,26.419689627245813,21.95449840010015,18.60107523773827,17.204650534085253,19.4164878389476,17.46424919657298,14.560219778561038,12.165525060596437,13.0,12.165525060596437,13.341664064126334,12.529964086141668,14.422205101855958,15.620499351813308,13.453624047073712,13.038404810405298,14.7648230602334,14.317821063276352,16.15549442140351,14.317821063276352,13.416407864998739,10.295630140987,6.0,5.0,11.045361017187261,15.132745950421555,16.278820596099706,20.09975124224178,22.20360331117452,22.0,22.20360331117452,26.92582403567252,25.709920264364882,25.96150997149434,26.248809496813376,24.351591323771842,21.540659228538015,17.4928556845359,16.970562748477143,15.264337522473749,15.811388300841898,1697810851.6657703
36.61966684720111,31.57530680769389,40.11234224026316,14.212670403551895,11.40175425099138,33.83784863137726,30.23243291566195,27.85677655436824,23.259406699226012,24.020824298928627,27.073972741361768,34.132096331752024,23.853720883753127,21.213203435596427,21.587033144922902,20.09975124224178,23.086792761230395,16.0312195418814,11.313708498984761,11.180339887498949,25.942243542145697,26.419689627245813,21.400934559032695,5.0,16.401219466856727,21.0,25.317977802344327,1.4142135623730951,24.041630560342615,10.44030650891055,10.770329614269007,14.142135623730951,7.615773105863909,1.0,5.0,7.0710678118654755,16.278820596099706,21.840329667841555,23.430749027719962,20.0,19.4164878389476,24.515301344262525,27.202941017470888,30.083217912982644,26.248809496813376,28.442925306655788,23.53720459187964,20.223748416156685,14.0,14.866068747318506,21.93171219946131,16.1245154965971,1697810851.6877732
16.1245154965971,16.401219466856727,19.209372712298546,16.401219466856727,18.38477631085024,20.615528128088304,19.209372712298546,20.0,16.643316977093235,15.264337522473749,18.248287590894655,20.223748416156685,13.601470508735444,18.0,8.246211251235321,16.0312195418814,12.36931687685298,10.44030650891055,9.055385138137417,11.40175425099138,8.94427190999916,12.806248474865697,8.54400374531753,11.40175425099138,13.416407864998739,13.416407864998739,13.0,12.041594578792296,11.313708498984761,13.453624047073712,13.453624047073712,10.0,6.4031242374328485,7.211102550927979,6.4031242374328485,10.295630140987,16.401219466856727,12.206555615733702,15.652475842498529,19.697715603592208,20.6155281280883,21.023796041628636,20.024984394500787,20.223748416156685,21.213203435596427,20.09975124224178,18.110770276274835,19.235384061671347,8.246211251235321,14.317821063276352,14.422205101855958,15.556349186104047,1697810851.6947718
11.045361017187261,15.231546211727817,17.26267650163207,15.652475842498529,24.351591323771842,20.223748416156685,21.587033144922902,11.045361017187261,26.076809620810597,24.186773244895647,26.476404589747453,18.973665961010276,19.6468827043885,13.416407864998739,10.04987562112089,15.811388300841896,13.152946437965904,17.69180601295413,4.47213595499958,22.022715545545243,11.40175425099138,13.601470508735444,13.0,10.0,9.899494936611665,15.297058540778355,16.1245154965971,9.219544457292887,8.94427190999916,14.422205101855958,12.806248474865697,12.041594578792296,10.63014581273465,7.810249675906654,7.0710678118654755,8.94427190999916,13.601470508735444,14.0,15.231546211727817,19.0,18.681541692269406,10.44030650891055,19.235384061671343,17.08800749063506,17.46424919657298,15.231546211727817,21.95449840010015,16.15549442140351,14.142135623730951,10.295630140987,11.704699910719626,10.04987562112089,1697810851.713775
15.264337522473749,16.76305461424021,21.377558326431952,15.811388300841898,17.720045146669353,25.179356624028344,13.601470508735444,17.46424919657298,21.18962010041709,22.561028345356952,21.931712199461305,20.248456731316587,20.6155281280883,10.44030650891055,16.278820596099706,15.231546211727817,12.041594578792294,14.0,7.0710678118654755,12.165525060596437,10.63014581273465,10.816653826391969,6.4031242374328485,12.206555615733702,11.40175425099138,9.433981132056603,11.6619037896906,12.08304597359457,9.848857801796104,10.04987562112089,9.219544457292889,11.180339887498949,6.0827625302982185,8.06225774829855,3.6055512754639896,5.8309518948453,9.219544457292887,8.246211251235321,15.0,20.6155281280883,14.142135623730951,14.422205101855958,16.643316977093235,15.811388300841896,19.723082923316017,18.35755975068582,20.6155281280883,18.35755975068582,13.038404810405298,10.19803902718557,6.4031242374328485,12.806248474865697,1697810851.723284
21.931712199461305,23.086792761230395,28.284271247461902,23.194827009486403,23.0,24.0,24.331050121192874,17.46424919657298,22.090722034374522,28.0713376952364,26.076809620810597,24.515301344262525,20.09975124224178,21.213203435596427,19.1049731745428,20.09975124224178,21.095023109728984,16.1245154965971,16.76305461424021,7.810249675906654,16.0312195418814,11.6619037896906,16.55294535724685,12.206555615733702,11.6619037896906,11.180339887498949,7.0710678118654755,11.313708498984761,13.0,14.212670403551895,11.6619037896906,15.620499351813308,6.4031242374328485,3.0,5.8309518948453,10.04987562112089,12.041594578792294,14.0,20.09975124224178,22.090722034374522,22.090722034374522,20.8806130178211,26.832815729997478,23.853720883753127,25.238858928247925,29.73213749463701,24.413111231467404,23.60084744241189,14.866068747318504,18.38477631085024,13.601470508735444,17.029386365926403,1697810851.7446544
19.924858845171276,18.35755975068582,23.345235059857504,19.1049731745428,19.697715603592208,14.866068747318506,20.024984394500787,25.01999200639361,24.083189157584588,27.018512172212592,25.01999200639361,18.027756377319946,23.08679276123039,20.615528128088304,13.0,23.08679276123039,19.026297590440446,18.681541692269406,16.401219466856727,16.643316977093235,9.433981132056603,12.529964086141668,11.180339887498949,16.970562748477143,6.4031242374328485,12.36931687685298,6.708203932499369,13.038404810405298,14.7648230602334,11.6619037896906,12.806248474865697,5.385164807134504,4.123105625617661,5.656854249492381,1.4142135623730951,6.0827625302982185,14.560219778561038,23.3238075793812,24.0,21.931712199461305,13.0,22.561028345356952,20.024984394500787,23.53720459187964,19.026297590440446,23.53720459187964,20.6155281280883,19.1049731745428,18.38477631085024,15.0,11.6619037896906,12.727922061357857,1697810851.7566533
19.6468827043885,6.4031242374328485,8.94427190999916,21.587033144922902,27.29468812791236,17.46424919657298,32.38826948140329,22.20360331117452,17.26267650163207,24.083189157584588,21.840329667841555,23.08679276123039,17.720045146669353,17.4928556845359,27.80287754891569,16.76305461424021,11.40175425099138,13.416407864998739,11.704699910719626,12.806248474865697,8.0,11.40175425099138,13.892443989449806,12.0,11.40175425099138,5.385164807134504,7.615773105863909,9.486832980505138,5.099019513592785,5.385164807134504,5.0,6.0827625302982185,3.0,6.324555320336759,5.0,12.529964086141668,9.848857801796104,5.8309518948453,20.615528128088304,15.0,17.46424919657298,17.4928556845359,27.018512172212596,25.455844122715714,20.518284528683193,18.439088914585774,21.93171219946131,19.849433241279208,16.401219466856727,18.35755975068582,15.03329637837291,16.278820596099706,1697810851.7748213
25.0,22.80350850198276,22.671568097509265,23.853720883753127,20.6155281280883,22.47220505424423,26.1725046566048,22.022715545545243,19.313207915827967,24.69817807045694,26.1725046566048,24.207436873820413,19.209372712298546,20.248456731316587,23.3452350598575,26.92582403567252,23.769728648009423,27.313000567495326,12.649110640673518,15.620499351813308,23.021728866442675,14.0,20.808652046684813,12.649110640673518,19.026297590440446,14.560219778561038,12.08304597359457,11.180339887498949,13.453624047073712,13.0,16.401219466856727,11.40175425099138,7.615773105863909,2.23606797749979,6.324555320336759,11.180339887498949,14.142135623730951,15.556349186104047,21.2602916254693,24.08318915758459,22.022715545545243,25.238858928247925,29.966648127543394,29.966648127543394,28.65309756378881,28.861739379323623,23.259406699226012,23.769728648009426,19.4164878389476,18.110770276274835,15.652475842498529,15.556349186104047,1697810851.804215
19.235384061671347,21.095023109728984,21.540659228538015,20.248456731316587,19.209372712298546,21.931712199461305,23.3238075793812,18.788294228055936,21.095023109728988,24.207436873820413,26.419689627245813,25.455844122715714,18.60107523773827,25.612496949731394,20.808652046684813,24.758836806279895,21.095023109728988,18.788294228055936,15.652475842498529,17.46424919657298,18.027756377319946,16.55294535724685,12.0,15.132745950421555,16.0,12.041594578792294,11.045361017187261,11.0,11.40175425099138,12.649110640673518,12.08304597359457,12.36931687685298,13.038404810405298,5.0,9.055385138137417,8.485281374238571,20.808652046684813,12.206555615733702,24.186773244895647,24.758836806279895,29.0,15.620499351813308,38.07886552931954,30.610455730027933,35.84689665786985,28.284271247461902,26.400757564888174,27.202941017470888,21.095023109728988,16.76305461424021,18.027756377319946,16.1245154965971,1697810851.817217
15.524174696260024,21.095023109728984,14.142135623730951,15.03329637837291,11.045361017187261,12.08304597359457,14.560219778561038,16.492422502470642,19.235384061671347,18.0,19.6468827043885,19.4164878389476,20.248456731316587,12.041594578792294,15.132745950421555,11.6619037896906,7.810249675906654,13.892443989449806,18.38477631085024,19.849433241279208,11.40175425099138,14.317821063276352,11.180339887498949,8.485281374238571,11.180339887498949,4.47213595499958,11.6619037896906,13.892443989449806,9.486832980505138,11.313708498984761,9.433981132056603,11.180339887498949,9.0,8.54400374531753,5.8309518948453,3.0,13.152946437965904,15.620499351813308,19.6468827043885,21.587033144922902,16.492422502470642,21.023796041628636,25.01999200639361,24.0,24.083189157584588,22.02271554554524,17.0,21.095023109728984,18.681541692269406,12.649110640673518,10.816653826391969,12.206555615733702,1697810851.8265705
21.587033144922902,20.615528128088304,18.867962264113206,17.204650534085253,20.248456731316587,20.808652046684813,21.02379604162864,12.041594578792296,13.152946437965904,22.360679774997898,21.540659228538015,24.08318915758459,21.931712199461305,18.60107523773827,19.723082923316017,16.970562748477143,22.47220505424423,15.652475842498529,16.0312195418814,15.297058540778355,14.0356688476182,16.15549442140351,13.038404810405298,12.529964086141668,14.317821063276352,9.848857801796104,7.280109889280519,6.0827625302982185,16.1245154965971,12.806248474865697,12.206555615733702,11.6619037896906,8.54400374531753,9.219544457292889,6.0,11.40175425099138,11.313708498984761,16.55294535724685,11.180339887498949,17.029386365926403,17.204650534085253,11.180339887498949,23.430749027719962,25.455844122715714,31.240998703626616,20.6155281280883,23.430749027719962,27.78488797889961,17.4928556845359,17.26267650163207,16.1245154965971,16.76305461424021,1697810851.8405693
16.401219466856727,19.1049731745428,19.1049731745428,15.620499351813308,17.029386365926403,17.804493814764854,16.55294535724685,13.601470508735444,15.264337522473749,15.811388300841896,20.591260281974,23.853720883753127,18.110770276274835,15.811388300841896,13.892443989449806,16.1245154965971,16.492422502470642,18.439088914585778,14.212670403551895,16.643316977093235,12.649110640673518,15.0,9.055385138137417,12.165525060596437,7.280109889280519,6.0827625302982185,7.615773105863909,11.045361017187261,9.0,8.0,13.038404810405298,12.36931687685298,7.0710678118654755,6.0827625302982185,6.708203932499369,9.433981132056603,15.556349186104047,13.601470508735444,18.38477631085024,19.6468827043885,12.649110640673518,19.849433241279208,23.430749027719962,20.518284528683193,22.022715545545243,22.203603311174515,22.825424421026653,22.671568097509265,17.08800749063506,14.866068747318506,14.142135623730951,13.341664064126334,1697810851.8508875
22.203603311174515,19.79898987322333,18.027756377319946,16.278820596099706,15.811388300841896,18.60107523773827,13.038404810405298,19.4164878389476,19.723082923316017,14.212670403551895,19.235384061671343,26.419689627245813,13.92838827718412,20.6155281280883,20.248456731316587,28.600699292150182,19.697715603592208,20.12461179749811,16.0312195418814,14.866068747318506,15.297058540778355,14.317821063276352,2.0,12.165525060596437,13.038404810405298,10.19803902718557,8.06225774829855,7.280109889280519,11.40175425099138,14.317821063276352,9.055385138137417,11.0,11.045361017187261,2.23606797749979,7.0710678118654755,5.0,9.219544457292889,21.400934559032695,17.204650534085253,16.15549442140351,24.839484696748443,19.1049731745428,26.1725046566048,22.203603311174515,24.758836806279895,25.238858928247925,19.79898987322333,17.69180601295413,18.027756377319946,16.15549442140351,8.54400374531753,14.317821063276352,1697810851.868881
18.110770276274835,17.029386365926403,10.63014581273465,15.0,8.485281374238571,9.219544457292889,14.212670403551895,13.453624047073712,23.08679276123039,22.627416997969522,23.021728866442675,23.769728648009426,15.264337522473749,22.135943621178658,16.0312195418814,21.400934559032695,10.295630140987,13.601470508735444,14.866068747318504,19.0,21.95449840010015,12.165525060596437,8.0,18.027756377319946,12.08304597359457,8.94427190999916,8.0,9.848857801796104,10.63014581273465,12.36931687685298,8.94427190999916,12.36931687685298,10.63014581273465,3.0,5.0,6.0827625302982185,16.55294535724685,11.40175425099138,12.0,18.027756377319946,13.92838827718412,15.264337522473749,21.400934559032695,25.455844122715714,23.3452350598575,20.615528128088304,21.2602916254693,16.278820596099706,15.0,13.038404810405298,15.652475842498529,10.44030650891055,1697810851.8788896
19.235384061671343,18.38477631085024,18.60107523773827,14.866068747318504,15.0,21.400934559032695,14.142135623730951,20.0,13.038404810405298,19.849433241279208,24.839484696748443,27.018512172212596,20.591260281974,25.80697580112788,24.69817807045694,23.3452350598575,20.12461179749811,26.0,16.401219466856727,13.341664064126334,11.40175425099138,17.69180601295413,10.63014581273465,10.63014581273465,9.219544457292889,4.47213595499958,10.816653826391969,8.06225774829855,9.219544457292887,11.313708498984761,8.602325267042627,8.246211251235321,9.486832980505138,8.485281374238571,5.656854249492381,4.242640687119286,7.280109889280519,13.601470508735444,15.132745950421555,19.697715603592208,20.39607805437114,23.0,28.442925306655788,23.345235059857504,22.80350850198276,27.294688127912362,21.377558326431952,23.53720459187964,14.317821063276352,11.313708498984761,13.92838827718412,13.601470508735444,1697810851.885881
13.0,7.280109889280519,5.099019513592785,11.40175425099138,10.04987562112089,10.295630140987,16.970562748477143,16.278820596099706,17.804493814764854,24.596747752497688,22.203603311174515,29.068883707497267,26.907248094147423,27.65863337187866,29.698484809834998,35.35533905932738,36.87817782917155,31.827660925679098,24.186773244895647,23.40939982143925,16.76305461424021,21.023796041628636,24.351591323771842,16.15549442140351,12.806248474865697,7.211102550927979,3.6055512754639896,6.324555320336759,7.0710678118654755,7.0710678118654755,5.099019513592785,11.40175425099138,13.416407864998739,14.212670403551895,13.92838827718412,11.40175425099138,10.19803902718557,7.280109889280519,3.1622776601683795,10.0,10.63014581273465,13.892443989449806,17.46424919657298,17.0,18.681541692269406,21.540659228538015,22.847319317591726,25.079872407968903,22.203603311174515,14.866068747318506,17.88854381999832,16.278820596099706,1697810852.5703456
13.92838827718412,4.47213595499958,8.94427190999916,13.601470508735444,11.40175425099138,12.649110640673518,19.4164878389476,17.029386365926403,23.021728866442675,26.305892875931807,27.892651361962706,34.713109915419565,35.35533905932738,35.12833614050059,36.345563690772494,41.43669871020132,34.132096331752024,41.19465984809196,36.49657518178931,27.85677655436824,21.587033144922902,12.36931687685298,21.213203435596427,18.0,11.045361017187261,8.94427190999916,8.485281374238571,6.0827625302982185,7.280109889280519,8.54400374531753,8.602325267042627,12.806248474865697,17.029386365926403,14.422205101855958,14.422205101855958,8.94427190999916,6.4031242374328485,6.0827625302982185,6.708203932499369,11.6619037896906,13.601470508735444,14.866068747318504,19.209372712298546,20.615528128088304,22.671568097509265,24.207436873820413,26.1725046566048,26.1725046566048,23.3452350598575,22.022715545545243,19.4164878389476,17.46424919657298,1697810852.5878232
11.045361017187261,5.385164807134504,5.099019513592785,11.045361017187261,11.0,12.165525060596437,13.92838827718412,16.76305461424021,19.313207915827967,23.259406699226012,27.29468812791236,31.38470965295043,31.622776601683796,31.622776601683796,31.32091952673165,35.73513677041127,32.55764119219941,31.256999216175565,29.1547594742265,26.019223662515373,22.02271554554524,22.02271554554524,17.029386365926403,15.0,10.04987562112089,7.211102550927979,6.708203932499369,6.0,7.615773105863909,8.94427190999916,7.810249675906654,12.041594578792296,14.866068747318504,14.422205101855958,13.892443989449806,9.486832980505138,7.0710678118654755,6.0827625302982185,7.280109889280519,11.704699910719626,11.180339887498949,15.264337522473749,16.278820596099706,16.278820596099706,18.439088914585774,18.60107523773827,20.615528128088304,26.419689627245813,25.238858928247925,21.2602916254693,16.278820596099706,10.295630140987,1697810852.6020703
5.0,13.038404810405298,9.848857801796104,4.47213595499958,19.6468827043885,7.810249675906654,6.0827625302982185,16.401219466856727,22.360679774997898,15.0,21.587033144922902,23.08679276123039,31.016124838541646,28.0713376952364,29.27456233660889,30.59411708155671,23.194827009486403,29.068883707497264,27.073972741361768,28.0713376952364,16.0,17.26267650163207,12.0,7.0,13.038404810405298,8.06225774829855,5.8309518948453,6.4031242374328485,10.63014581273465,5.8309518948453,10.63014581273465,6.4031242374328485,18.60107523773827,6.0827625302982185,16.643316977093235,12.0,7.280109889280519,10.04987562112089,7.0710678118654755,13.0,14.422205101855958,19.924858845171276,19.6468827043885,16.76305461424021,18.867962264113206,20.8806130178211,20.615528128088304,23.08679276123039,21.095023109728984,19.723082923316017,22.022715545545243,12.206555615733702,1697810852.6330965
9.219544457292887,19.313207915827967,8.94427190999916,11.180339887498949,15.524174696260024,27.018512172212596,23.08679276123039,24.698178070456937,24.0,24.351591323771842,25.0,19.026297590440446,27.0,21.213203435596427,19.723082923316017,35.90264614203249,29.017236257093817,31.064449134018133,20.248456731316587,26.68332812825267,17.08800749063506,17.4928556845359,12.36931687685298,22.090722034374522,5.0,5.0,3.1622776601683795,4.0,9.055385138137417,8.06225774829855,4.123105625617661,14.0356688476182,15.652475842498529,14.142135623730951,19.723082923316017,3.6055512754639896,11.6619037896906,2.23606797749979,8.94427190999916,8.0,19.697715603592208,11.045361017187261,21.02379604162864,24.041630560342615,17.26267650163207,25.63201123595259,19.313207915827967,27.51363298439521,20.248456731316587,23.40939982143925,12.649110640673518,15.620499351813308,1697810852.891578
6.324555320336759,1.0,5.385164807134504,5.099019513592785,10.0,11.045361017187261,14.0,14.0,17.11724276862369,20.223748416156685,23.53720459187964,28.017851452243796,28.017851452243796,27.0,26.019223662515373,31.016124838541643,28.0,27.294688127912362,24.331050121192874,22.360679774997898,20.39607805437114,19.4164878389476,14.560219778561038,12.165525060596437,8.06225774829855,5.385164807134504,4.47213595499958,4.0,5.385164807134504,6.708203932499369,7.0710678118654755,10.0,12.041594578792296,11.40175425099138,10.816653826391969,7.211102550927979,3.6055512754639896,3.0,6.4031242374328485,9.899494936611665,12.806248474865697,21.095023109728988,18.788294228055936,15.652475842498529,18.867962264113206,19.723082923316017,20.248456731316587,20.0,18.35755975068582,17.46424919657298,15.231546211727817,14.317821063276352,1697810852.9045877
14.212670403551895,8.06225774829855,6.4031242374328485,5.099019513592785,7.0710678118654755,3.0,10.63014581273465,16.492422502470642,14.560219778561038,18.439088914585778,22.02271554554524,22.02271554554524,24.186773244895647,25.495097567963924,23.194827009486403,31.016124838541643,24.020824298928627,24.515301344262525,25.709920264364882,17.029386365926403,21.95449840010015,17.46424919657298,17.029386365926403,13.0,9.433981132056603,4.47213595499958,5.8309518948453,4.123105625617661,5.656854249492381,7.0710678118654755,6.4031242374328485,10.63014581273465,10.816653826391969,9.219544457292889,7.615773105863909,3.1622776601683795,2.0,7.211102550927979,5.385164807134504,8.485281374238571,16.76305461424021,14.866068747318506,18.681541692269406,20.8806130178211,24.331050121192874,26.92582403567252,26.0,27.313000567495326,23.40939982143925,19.235384061671347,18.0,17.720045146669353,1697810853.1006656
9.899494936611665,9.219544457292887,12.529964086141668,10.770329614269007,14.212670403551895,18.248287590894655,12.529964086141668,9.433981132056603,13.601470508735444,17.029386365926403,23.53720459187964,17.46424919657298,19.1049731745428,16.492422502470642,22.02271554554524,18.027756377319946,21.213203435596427,17.26267650163207,14.0356688476182,12.165525060596437,14.317821063276352,13.152946437965904,9.848857801796104,9.848857801796104,4.0,7.280109889280519,2.23606797749979,3.1622776601683795,3.6055512754639896,3.6055512754639896,5.099019513592785,5.656854249492381,9.433981132056603,5.656854249492381,5.0,4.123105625617661,2.23606797749979,4.242640687119286,4.242640687119286,5.8309518948453,11.180339887498949,11.40175425099138,15.0,17.804493814764854,15.811388300841896,18.60107523773827,18.60107523773827,16.401219466856727,14.422205101855958,15.132745950421555,17.11724276862369,14.317821063276352,1697810853.1332397
12.806248474865697,11.180339887498949,9.486832980505138,9.055385138137417,9.486832980505138,11.40175425099138,12.806248474865697,12.041594578792296,17.69180601295413,19.723082923316017,24.413111231467404,26.248809496813372,24.758836806279895,23.60084744241189,24.69817807045694,29.68164415931166,27.018512172212596,26.400757564888174,24.207436873820413,20.808652046684813,18.027756377319946,18.027756377319946,15.556349186104047,13.453624047073712,10.816653826391969,7.615773105863909,6.708203932499369,7.0,7.0710678118654755,8.246211251235321,9.055385138137417,10.295630140987,11.6619037896906,7.211102550927979,5.385164807134504,2.23606797749979,5.0,8.06225774829855,11.6619037896906,16.1245154965971,16.15549442140351,17.4928556845359,20.808652046684813,22.671568097509265,24.758836806279895,26.1725046566048,25.455844122715714,24.758836806279895,20.615528128088304,17.0,15.811388300841898,14.0356688476182,1697810853.1590493
31.57530680769389,29.5296461204668,24.08318915758459,21.93171219946131,26.076809620810597,26.92582403567252,27.294688127912362,27.0,31.256999216175565,36.6742416417845,47.67598976424087,26.248809496813372,50.24937810560445,51.35172830587107,47.853944456021594,29.68164415931166,51.0098029794274,26.400757564888174,48.010415536631214,42.19004621945797,37.12142238654117,42.755116652863904,25.079872407968907,32.01562118716424,31.40063693621516,21.840329667841555,21.02379604162864,18.867962264113206,25.495097567963924,20.615528128088304,21.93171219946131,22.825424421026653,20.8806130178211,11.180339887498949,7.0,7.0,18.110770276274835,24.083189157584588,32.0,16.1245154965971,35.35533905932738,17.4928556845359,20.808652046684813,22.671568097509265,24.758836806279895,26.1725046566048,25.455844122715714,24.758836806279895,20.615528128088304,38.41874542459709,34.20526275297414,34.014702703389894,1697810853.1978722
13.601470508735444,16.278820596099706,9.486832980505138,11.704699910719626,13.601470508735444,13.0,13.038404810405298,14.142135623730951,15.03329637837291,19.0,24.020824298928627,27.459060435491963,23.194827009486403,25.01999200639361,25.179356624028344,31.144823004794876,29.120439557122076,27.51363298439521,29.120439557122076,20.09975124224178,16.492422502470642,24.041630560342615,16.76305461424021,20.8806130178211,19.235384061671343,12.206555615733702,13.892443989449806,12.806248474865697,10.816653826391969,10.0,12.727922061357857,10.816653826391969,10.63014581273465,10.770329614269007,2.8284271247461903,6.324555320336759,7.615773105863909,11.0,13.038404810405298,17.0,19.026297590440446,19.6468827043885,23.40939982143925,24.698178070456937,26.832815729997478,26.419689627245813,27.29468812791236,25.553864678361276,20.808652046684813,17.69180601295413,16.55294535724685,16.278820596099706,1697810853.218401
14.422205101855958,14.142135623730951,15.264337522473749,13.601470508735444,15.524174696260024,9.486832980505138,9.219544457292889,10.0,12.165525060596437,17.46424919657298,24.186773244895647,24.0,15.132745950421555,22.360679774997898,24.186773244895647,27.459060435491963,22.0,26.476404589747453,23.021728866442675,23.40939982143925,15.524174696260024,15.811388300841898,20.12461179749811,15.132745950421555,11.313708498984761,14.317821063276352,9.486832980505138,9.486832980505138,10.295630140987,9.433981132056603,12.649110640673518,11.180339887498949,11.40175425099138,2.23606797749979,5.8309518948453,4.0,10.295630140987,18.38477631085024,14.422205101855958,21.023796041628636,18.973665961010276,21.540659228538015,21.2602916254693,23.40939982143925,24.041630560342618,27.58622844826744,23.3452350598575,21.93171219946131,21.213203435596427,13.92838827718412,14.0356688476182,17.029386365926403,1697810853.2308457
21.93171219946131,15.231546211727817,10.44030650891055,13.892443989449806,13.601470508735444,16.492422502470642,13.152946437965904,19.026297590440446,12.08304597359457,20.39607805437114,17.720045146669353,20.12461179749811,19.235384061671347,15.524174696260024,22.360679774997898,34.48187929913333,30.083217912982644,39.21734310225516,19.235384061671343,22.80350850198276,13.341664064126334,13.92838827718412,14.866068747318504,22.47220505424423,19.79898987322333,10.63014581273465,9.219544457292887,13.453624047073712,11.40175425099138,9.219544457292889,10.295630140987,8.94427190999916,13.0,8.0,5.8309518948453,4.47213595499958,11.180339887498949,9.055385138137417,14.560219778561038,20.248456731316587,13.601470508735444,13.416407864998739,23.021728866442675,24.698178070456937,22.80350850198276,24.596747752497688,21.633307652783937,20.248456731316587,19.79898987322333,12.041594578792296,15.231546211727817,16.492422502470642,1697810853.2449017
18.973665961010276,21.0,17.029386365926403,17.029386365926403,11.180339887498949,14.560219778561038,18.027756377319946,21.023796041628636,20.39607805437114,32.984845004941285,29.1547594742265,27.073972741361768,21.095023109728984,25.0,23.021728866442675,23.021728866442675,22.20360331117452,24.16609194718914,19.1049731745428,26.305892875931807,12.649110640673518,16.1245154965971,16.492422502470642,18.110770276274835,15.297058540778355,13.0,9.219544457292889,14.0356688476182,11.704699910719626,10.770329614269007,8.602325267042627,6.4031242374328485,15.03329637837291,1.4142135623730951,15.652475842498529,11.180339887498949,11.40175425099138,24.413111231467404,16.76305461424021,16.492422502470642,19.1049731745428,18.788294228055936,21.2602916254693,24.207436873820413,24.08318915758459,24.041630560342618,25.942243542145697,23.706539182259394,15.297058540778355,13.92838827718412,9.055385138137417,15.556349186104047,1697810853.2518337
18.38477631085024,21.095023109728984,12.041594578792294,13.0,17.26267650163207,17.11724276862369,13.601470508735444,16.1245154965971,16.492422502470642,18.027756377319946,24.041630560342615,25.80697580112788,15.0,18.867962264113206,21.400934559032695,20.6155281280883,18.60107523773827,26.419689627245813,15.0,19.79898987322333,16.278820596099706,14.142135623730951,12.727922061357857,14.422205101855958,16.643316977093235,8.94427190999916,11.6619037896906,10.0,9.486832980505138,11.313708498984761,9.433981132056603,9.433981132056603,9.486832980505138,6.0827625302982185,7.0,4.123105625617661,6.708203932499369,10.770329614269007,13.341664064126334,18.439088914585778,18.027756377319946,23.194827009486403,20.223748416156685,25.495097567963924,29.0,26.68332812825267,23.345235059857504,22.360679774997898,20.248456731316587,15.811388300841898,14.142135623730951,11.6619037896906,1697810853.2592373
19.6468827043885,18.110770276274835,16.278820596099706,18.027756377319946,16.0312195418814,19.4164878389476,12.041594578792294,16.0312195418814,17.0,19.026297590440446,21.377558326431952,27.073972741361768,12.806248474865697,18.38477631085024,17.46424919657298,17.0,21.02379604162864,23.3238075793812,19.79898987322333,17.08800749063506,10.816653826391969,12.806248474865697,16.76305461424021,10.816653826391969,22.360679774997898,13.038404810405298,10.63014581273465,8.246211251235321,13.453624047073712,10.63014581273465,17.804493814764854,14.212670403551895,8.0,12.529964086141668,3.6055512754639896,1.4142135623730951,8.602325267042627,10.04987562112089,14.142135623730951,18.973665961010276,16.1245154965971,16.55294535724685,20.591260281974,21.095023109728988,22.203603311174515,22.671568097509265,22.022715545545243,20.615528128088304,17.69180601295413,13.892443989449806,11.704699910719626,13.038404810405298,1697810853.2841442
18.439088914585774,19.79898987322333,19.235384061671343,18.38477631085024,17.4928556845359,12.529964086141668,16.76305461424021,18.439088914585774,16.970562748477143,18.788294228055936,22.203603311174515,23.53720459187964,15.811388300841898,21.18962010041709,20.024984394500787,16.278820596099706,11.704699910719626,14.317821063276352,14.560219778561038,11.704699910719626,8.94427190999916,14.866068747318504,15.0,11.40175425099138,13.601470508735444,8.485281374238571,15.297058540778355,14.7648230602334,12.806248474865697,10.295630140987,13.416407864998739,15.231546211727817,11.40175425099138,1.0,5.0,7.280109889280519,12.529964086141668,12.36931687685298,18.60107523773827,20.808652046684813,19.849433241279208,18.38477631085024,22.847319317591726,23.345235059857504,23.345235059857504,25.0,19.924858845171276,22.847319317591726,19.924858845171276,12.165525060596437,9.055385138137417,16.401219466856727,1697810853.3734038
21.540659228538015,21.840329667841555,21.377558326431952,21.587033144922902,21.213203435596427,20.223748416156685,19.4164878389476,19.235384061671347,21.540659228538015,22.847319317591726,25.298221281347036,26.476404589747453,21.095023109728984,19.4164878389476,23.08679276123039,21.095023109728984,18.681541692269406,17.46424919657298,13.892443989449806,15.0,12.206555615733702,16.278820596099706,14.212670403551895,16.643316977093235,19.1049731745428,14.7648230602334,7.211102550927979,16.643316977093235,15.0,12.649110640673518,16.278820596099706,14.142135623730951,7.615773105863909,8.06225774829855,1.0,9.219544457292889,12.0,15.0,19.026297590440446,22.02271554554524,22.0,24.083189157584588,27.202941017470888,27.202941017470888,27.51363298439521,29.546573405388315,27.85677655436824,25.495097567963924,21.470910553583888,17.029386365926403,13.601470508735444,15.297058540778355,1697810853.3814034
23.40939982143925,23.706539182259394,22.847319317591726,20.591260281974,21.470910553583888,22.203603311174515,20.12461179749811,18.788294228055936,21.587033144922902,24.041630560342615,29.068883707497267,23.706539182259394,23.706539182259394,20.518284528683193,16.1245154965971,20.518284528683193,19.79898987322333,18.027756377319946,9.433981132056603,21.840329667841555,16.76305461424021,6.324555320336759,13.038404810405298,15.297058540778355,17.11724276862369,15.811388300841898,15.132745950421555,14.142135623730951,16.1245154965971,15.524174696260024,15.524174696260024,9.848857801796104,9.219544457292889,4.47213595499958,8.602325267042627,11.180339887498949,13.453624047073712,16.278820596099706,23.430749027719962,23.60084744241189,21.2602916254693,23.3238075793812,26.92582403567252,26.570660511172843,27.892651361962706,25.96150997149434,26.92582403567252,25.298221281347036,19.4164878389476,17.029386365926403,12.36931687685298,12.806248474865697,1697810853.387846
21.213203435596427,24.839484696748443,24.758836806279895,25.0,20.615528128088304,23.3452350598575,17.804493814764854,25.942243542145697,25.238858928247925,19.235384061671343,27.730849247724095,29.73213749463701,21.93171219946131,20.248456731316587,21.93171219946131,24.08318915758459,20.591260281974,17.46424919657298,15.811388300841898,13.038404810405298,20.024984394500787,16.1245154965971,17.46424919657298,17.26267650163207,19.026297590440446,15.132745950421555,13.152946437965904,13.152946437965904,18.60107523773827,15.264337522473749,13.601470508735444,14.422205101855958,9.848857801796104,3.1622776601683795,10.295630140987,5.656854249492381,13.341664064126334,13.601470508735444,21.18962010041709,16.492422502470642,21.587033144922902,25.0,26.476404589747453,21.840329667841555,21.377558326431952,19.6468827043885,18.0,18.439088914585778,10.770329614269007,6.708203932499369,9.433981132056603,10.04987562112089,1697810853.584514
17.11724276862369,18.0,18.0,16.278820596099706,19.235384061671347,15.811388300841898,19.6468827043885,18.867962264113206,22.847319317591726,21.02379604162864,21.633307652783937,23.769728648009423,13.0,23.08679276123039,17.720045146669353,19.6468827043885,18.439088914585778,10.0,9.486832980505138,19.026297590440446,11.180339887498949,18.027756377319946,17.26267650163207,12.0,14.422205101855958,11.313708498984761,12.041594578792294,11.045361017187261,8.06225774829855,10.295630140987,8.602325267042627,13.92838827718412,5.0,7.810249675906654,3.0,10.63014581273465,11.180339887498949,18.248287590894655,14.866068747318506,18.439088914585774,19.235384061671343,15.132745950421555,19.1049731745428,20.223748416156685,18.027756377319946,17.11724276862369,15.03329637837291,12.041594578792294,13.038404810405298,7.280109889280519,7.0,6.0827625302982185,1697810853.60957
18.027756377319946,18.38477631085024,19.723082923316017,18.788294228055936,18.38477631085024,17.46424919657298,17.08800749063506,16.76305461424021,18.439088914585778,18.681541692269406,20.615528128088304,21.540659228538015,18.788294228055936,17.46424919657298,16.55294535724685,18.35755975068582,15.556349186104047,14.866068747318504,14.212670403551895,13.038404810405298,12.08304597359457,12.529964086141668,12.08304597359457,13.416407864998739,14.317821063276352,10.770329614269007,11.40175425099138,12.806248474865697,11.313708498984761,11.40175425099138,10.0,11.40175425099138,7.810249675906654,2.8284271247461903,1.4142135623730951,7.280109889280519,10.0,12.0,15.0,15.297058540778355,18.027756377319946,13.601470508735444,18.973665961010276,16.492422502470642,19.235384061671347,14.866068747318506,18.110770276274835,21.540659228538015,14.142135623730951,7.280109889280519,11.6619037896906,9.219544457292887,1697810853.6243062
21.931712199461305,21.470910553583888,23.706539182259394,20.248456731316587,22.472205054244235,20.248456731316587,19.6468827043885,18.681541692269406,21.095023109728984,23.194827009486403,22.80350850198276,22.135943621178658,19.313207915827967,20.8806130178211,18.973665961010276,20.8806130178211,15.264337522473749,17.88854381999832,17.804493814764854,15.231546211727817,16.970562748477143,17.720045146669353,16.278820596099706,16.278820596099706,19.4164878389476,17.08800749063506,14.7648230602334,17.029386365926403,12.206555615733702,7.810249675906654,15.297058540778355,16.15549442140351,9.219544457292887,7.0710678118654755,2.0,5.099019513592785,9.848857801796104,14.7648230602334,17.0,16.15549442140351,13.892443989449806,18.35755975068582,19.849433241279208,16.643316977093235,20.0,12.806248474865697,14.866068747318506,13.416407864998739,11.045361017187261,9.055385138137417,6.0,1.0,1697810853.670609
18.027756377319946,14.317821063276352,10.816653826391969,13.416407864998739,13.892443989449806,13.0,15.0,14.866068747318504,16.643316977093235,19.849433241279208,23.3452350598575,24.839484696748443,22.022715545545243,21.213203435596427,21.213203435596427,25.495097567963924,20.615528128088304,21.2602916254693,20.518284528683193,20.0,16.278820596099706,17.804493814764854,12.041594578792296,12.041594578792296,14.212670403551895,11.40175425099138,9.219544457292887,8.94427190999916,11.40175425099138,13.892443989449806,11.40175425099138,13.453624047073712,10.295630140987,6.0,2.0,3.0,6.324555320336759,7.280109889280519,9.433981132056603,14.0,13.038404810405298,17.46424919657298,21.540659228538015,24.186773244895647,29.154759474226502,24.041630560342615,21.95449840010015,24.041630560342618,18.35755975068582,12.041594578792296,10.770329614269007,11.0,1697810853.9682653
18.439088914585778,18.788294228055936,19.4164878389476,32.202484376209235,19.697715603592208,17.4928556845359,15.0,20.0,18.788294228055936,22.360679774997898,27.459060435491963,28.600699292150182,26.627053911388693,19.79898987322333,33.421549934136806,29.068883707497267,29.068883707497267,28.30194339616981,23.3452350598575,19.209372712298546,16.278820596099706,16.278820596099706,14.317821063276352,17.4928556845359,13.601470508735444,9.848857801796104,10.816653826391969,10.295630140987,9.899494936611665,15.652475842498529,15.811388300841896,16.643316977093235,11.180339887498949,7.0710678118654755,5.385164807134504,2.0,9.219544457292889,10.04987562112089,13.0,16.0,18.0,17.029386365926403,20.6155281280883,24.041630560342615,23.769728648009423,19.313207915827967,23.259406699226012,23.706539182259394,18.027756377319946,16.643316977093235,14.560219778561038,16.0,1697810853.9942658
17.029386365926403,16.1245154965971,13.601470508735444,14.560219778561038,18.027756377319946,10.44030650891055,20.0,18.38477631085024,18.027756377319946,18.38477631085024,17.88854381999832,19.849433241279208,22.472205054244235,15.811388300841898,37.48332962798263,15.297058540778355,22.022715545545243,19.1049731745428,21.18962010041709,26.68332812825267,15.0,14.422205101855958,11.40175425099138,12.041594578792296,13.038404810405298,7.211102550927979,8.94427190999916,5.099019513592785,7.280109889280519,13.601470508735444,15.811388300841898,16.401219466856727,6.324555320336759,5.8309518948453,3.6055512754639896,4.123105625617661,8.06225774829855,10.19803902718557,11.045361017187261,11.0,14.560219778561038,14.142135623730951,19.313207915827967,19.697715603592208,21.540659228538015,20.248456731316587,21.931712199461305,21.213203435596427,17.46424919657298,13.453624047073712,10.770329614269007,11.0,1697810854.0002663
15.132745950421555,17.720045146669353,17.46424919657298,16.0312195418814,12.36931687685298,16.1245154965971,12.649110640673518,14.142135623730951,15.0,14.0,20.615528128088304,24.413111231467404,25.709920264364882,14.866068747318506,24.16609194718914,17.204650534085253,19.849433241279208,20.6155281280883,22.472205054244235,19.697715603592208,12.529964086141668,13.0,10.770329614269007,18.027756377319946,15.264337522473749,14.0,9.219544457292889,9.055385138137417,8.54400374531753,6.324555320336759,10.04987562112089,13.601470508735444,3.6055512754639896,3.6055512754639896,13.453624047073712,4.123105625617661,8.54400374531753,8.485281374238571,18.027756377319946,14.560219778561038,14.560219778561038,9.848857801796104,20.518284528683193,23.021728866442675,21.633307652783937,19.849433241279208,17.88854381999832,16.76305461424021,11.180339887498949,17.11724276862369,9.486832980505138,14.317821063276352,1697810854.0477872
16.401219466856727,15.620499351813308,15.524174696260024,12.529964086141668,12.08304597359457,12.806248474865697,8.94427190999916,13.601470508735444,16.15549442140351,20.8806130178211,26.305892875931807,25.079872407968907,28.160255680657446,26.476404589747453,18.027756377319946,29.427877939124325,29.1547594742265,31.016124838541643,28.442925306655788,21.213203435596427,22.090722034374522,19.6468827043885,16.278820596099706,12.36931687685298,11.180339887498949,13.341664064126334,3.6055512754639896,5.0,9.219544457292889,9.055385138137417,14.422205101855958,16.278820596099706,7.810249675906654,15.231546211727817,8.54400374531753,3.6055512754639896,6.4031242374328485,7.211102550927979,13.038404810405298,17.0,12.165525060596437,12.806248474865697,20.615528128088304,23.3452350598575,26.400757564888174,24.207436873820413,24.207436873820413,22.360679774997898,22.561028345356952,17.720045146669353,20.024984394500787,18.439088914585778,1697810854.0887854
13.152946437965904,14.317821063276352,15.0,14.142135623730951,14.212670403551895,15.0,17.204650534085253,18.867962264113206,21.095023109728988,24.186773244895647,27.730849247724095,29.732137494637012,27.202941017470888,25.298221281347036,24.351591323771842,26.92582403567252,23.769728648009423,20.39607805437114,17.46424919657298,16.278820596099706,13.152946437965904,11.180339887498949,9.0,7.280109889280519,7.211102550927979,5.385164807134504,3.0,5.385164807134504,8.54400374531753,8.94427190999916,11.180339887498949,14.317821063276352,14.317821063276352,11.0,8.0,2.23606797749979,5.0,9.899494936611665,14.866068747318504,18.439088914585774,18.439088914585774,19.849433241279208,23.853720883753127,25.059928172283335,27.29468812791236,27.730849247724095,28.635642126552703,27.730849247724095,23.40939982143925,20.09975124224178,20.09975124224178,20.248456731316587,1697810854.2193654
13.152946437965904,14.422205101855958,13.453624047073712,12.041594578792296,13.601470508735444,13.416407864998739,16.15549442140351,16.76305461424021,18.973665961010276,21.840329667841555,24.515301344262525,27.16615541441225,24.331050121192874,23.194827009486403,22.360679774997898,26.305892875931807,23.086792761230395,20.024984394500787,22.20360331117452,17.029386365926403,17.26267650163207,13.92838827718412,24.839484696748443,14.212670403551895,12.36931687685298,5.8309518948453,5.385164807134504,5.0,9.433981132056603,10.0,10.816653826391969,12.529964086141668,13.0,11.40175425099138,5.0,0.0,7.810249675906654,10.816653826391969,15.0,19.209372712298546,17.204650534085253,18.788294228055936,24.041630560342615,25.0,25.96150997149434,27.658633371878665,27.459060435491963,27.459060435491963,23.021728866442675,20.223748416156685,18.973665961010276,18.027756377319946,1697810854.274739
17.4928556845359,15.231546211727817,12.649110640673518,11.6619037896906,7.810249675906654,15.524174696260024,19.313207915827967,14.212670403551895,22.47220505424423,21.02379604162864,24.08318915758459,28.42534080710379,28.284271247461902,22.022715545545243,8.485281374238571,25.298221281347036,27.459060435491963,12.649110640673518,20.615528128088304,13.341664064126334,9.219544457292887,9.0,8.06225774829855,6.0,8.246211251235321,9.486832980505138,4.47213595499958,7.280109889280519,9.486832980505138,8.485281374238571,10.770329614269007,6.708203932499369,14.317821063276352,5.0,8.54400374531753,3.1622776601683795,6.324555320336759,17.26267650163207,15.524174696260024,21.377558326431952,19.4164878389476,18.248287590894655,24.515301344262525,28.160255680657446,21.18962010041709,26.0,26.570660511172843,24.16609194718914,25.495097567963924,18.38477631085024,16.278820596099706,19.235384061671343,1697810854.306739
14.0356688476182,17.720045146669353,14.212670403551895,8.485281374238571,17.804493814764854,18.027756377319946,16.55294535724685,12.041594578792296,18.867962264113206,21.540659228538015,22.627416997969522,22.671568097509265,26.400757564888174,10.44030650891055,13.453624047073712,14.142135623730951,6.708203932499369,15.556349186104047,5.8309518948453,13.601470508735444,2.23606797749979,2.8284271247461903,5.385164807134504,4.123105625617661,9.219544457292887,10.04987562112089,6.324555320336759,5.8309518948453,6.324555320336759,8.602325267042627,4.0,10.19803902718557,12.08304597359457,10.0,1.4142135623730951,2.23606797749979,8.06225774829855,11.0,16.643316977093235,15.620499351813308,12.806248474865697,16.401219466856727,24.596747752497688,11.180339887498949,22.20360331117452,25.079872407968903,32.57299494980467,27.073972741361768,18.788294228055936,16.492422502470642,11.313708498984761,14.422205101855958,1697810854.6262887
15.620499351813308,17.204650534085253,17.46424919657298,16.15549442140351,17.08800749063506,17.720045146669353,19.4164878389476,18.248287590894655,21.377558326431952,23.086792761230395,27.018512172212592,28.160255680657446,23.345235059857504,21.023796041628636,20.09975124224178,21.213203435596427,17.46424919657298,12.0,16.278820596099706,16.492422502470642,11.6619037896906,8.54400374531753,6.708203932499369,7.615773105863909,8.06225774829855,6.708203932499369,5.385164807134504,8.06225774829855,9.219544457292889,10.0,10.0,11.045361017187261,9.848857801796104,7.0,3.1622776601683795,7.280109889280519,11.0,8.06225774829855,15.03329637837291,21.023796041628636,19.235384061671347,21.587033144922902,27.313000567495326,28.0178514522438,32.7566787083184,24.413111231467404,28.23118842698621,29.410882339705484,21.93171219946131,19.79898987322333,18.60107523773827,19.723082923316017,1697810854.6333802
11.704699910719626,7.280109889280519,12.806248474865697,14.422205101855958,15.811388300841896,9.219544457292887,20.12461179749811,11.313708498984761,15.264337522473749,20.248456731316587,19.4164878389476,22.203603311174515,17.88854381999832,19.4164878389476,15.556349186104047,15.264337522473749,18.248287590894655,8.54400374531753,9.055385138137417,6.324555320336759,9.0,8.0,4.47213595499958,7.615773105863909,6.4031242374328485,7.0710678118654755,6.324555320336759,7.0710678118654755,8.485281374238571,6.4031242374328485,9.219544457292887,8.602325267042627,8.602325267042627,5.8309518948453,2.8284271247461903,4.47213595499958,7.810249675906654,9.433981132056603,10.770329614269007,13.416407864998739,14.7648230602334,14.317821063276352,18.681541692269406,16.76305461424021,19.1049731745428,18.110770276274835,19.1049731745428,18.0,15.0,13.0,14.422205101855958,13.601470508735444,1697810854.6423786
18.973665961010276,19.6468827043885,17.804493814764854,13.601470508735444,16.278820596099706,17.204650534085253,19.1049731745428,17.69180601295413,18.60107523773827,18.60107523773827,25.238858928247925,28.792360097775934,27.730849247724095,17.4928556845359,19.1049731745428,24.041630560342615,18.027756377319946,17.029386365926403,13.341664064126334,15.524174696260024,12.36931687685298,9.433981132056603,7.211102550927979,9.219544457292889,11.180339887498949,13.038404810405298,7.211102550927979,8.485281374238571,10.04987562112089,12.649110640673518,11.40175425099138,12.08304597359457,12.36931687685298,7.211102550927979,1.4142135623730951,3.0,7.615773105863909,12.206555615733702,17.69180601295413,17.204650534085253,22.671568097509265,22.80350850198276,26.92582403567252,24.041630560342615,22.847319317591726,24.698178070456937,26.076809620810597,24.186773244895647,18.867962264113206,18.788294228055936,17.0,19.924858845171276,1697810854.6503806
14.142135623730951,17.46424919657298,17.4928556845359,19.697715603592208,17.0,20.6155281280883,18.60107523773827,24.041630560342618,21.470910553583888,26.400757564888174,25.495097567963924,27.018512172212596,23.430749027719962,25.059928172283335,20.591260281974,23.853720883753127,21.02379604162864,13.601470508735444,13.341664064126334,16.76305461424021,11.045361017187261,10.0,7.280109889280519,8.94427190999916,10.295630140987,10.19803902718557,11.704699910719626,10.0,14.560219778561038,9.433981132056603,12.206555615733702,13.601470508735444,11.180339887498949,8.06225774829855,5.656854249492381,4.242640687119286,8.602325267042627,12.206555615733702,15.264337522473749,18.60107523773827,18.60107523773827,23.706539182259394,23.40939982143925,27.51363298439521,28.861739379323623,30.083217912982647,27.658633371878665,33.015148038438355,21.023796041628636,18.248287590894655,18.439088914585778,18.35755975068582,1697810854.68838
15.231546211727817,15.264337522473749,16.970562748477143,18.867962264113206,15.0,15.620499351813308,18.027756377319946,18.973665961010276,20.12461179749811,21.540659228538015,30.0,25.495097567963924,25.495097567963924,17.88854381999832,25.495097567963924,29.73213749463701,20.223748416156685,20.0,17.69180601295413,18.248287590894655,12.165525060596437,19.1049731745428,12.165525060596437,12.806248474865697,7.810249675906654,5.8309518948453,15.0,3.6055512754639896,4.123105625617661,7.810249675906654,12.649110640673518,13.038404810405298,11.40175425099138,10.63014581273465,7.0,7.0710678118654755,9.219544457292887,10.63014581273465,16.970562748477143,21.400934559032695,16.278820596099706,12.529964086141668,16.15549442140351,20.8806130178211,23.40939982143925,28.178005607210743,28.160255680657446,23.086792761230395,27.51363298439521,20.0,11.40175425099138,12.08304597359457,1697810855.0685475
12.649110640673518,14.0356688476182,14.0356688476182,15.132745950421555,16.76305461424021,16.492422502470642,16.76305461424021,20.248456731316587,21.095023109728988,20.591260281974,27.730849247724095,28.30194339616981,22.671568097509265,24.186773244895647,22.360679774997898,21.470910553583888,21.095023109728988,20.248456731316587,21.2602916254693,19.4164878389476,13.453624047073712,13.453624047073712,6.324555320336759,10.44030650891055,7.0710678118654755,8.246211251235321,8.602325267042627,8.06225774829855,10.295630140987,9.433981132056603,10.295630140987,13.038404810405298,12.806248474865697,8.246211251235321,12.041594578792294,10.44030650891055,11.180339887498949,10.19803902718557,11.40175425099138,17.46424919657298,15.231546211727817,19.1049731745428,20.0,24.083189157584588,24.186773244895647,26.305892875931807,27.294688127912362,24.083189157584588,20.223748416156685,17.46424919657298,16.401219466856727,17.69180601295413,1697810855.0745459
9.219544457292887,12.649110640673518,13.038404810405298,10.770329614269007,10.44030650891055,14.142135623730951,17.46424919657298,15.524174696260024,21.095023109728988,13.038404810405298,19.1049731745428,13.601470508735444,15.811388300841898,17.46424919657298,10.295630140987,17.11724276862369,13.0,13.152946437965904,12.041594578792294,11.704699910719626,15.03329637837291,10.770329614269007,12.041594578792294,7.0710678118654755,2.23606797749979,6.708203932499369,5.8309518948453,6.0827625302982185,4.123105625617661,3.6055512754639896,3.0,12.727922061357857,7.810249675906654,6.4031242374328485,4.123105625617661,2.8284271247461903,5.0,7.0710678118654755,8.94427190999916,12.649110640673518,12.806248474865697,14.866068747318504,14.7648230602334,15.132745950421555,17.029386365926403,16.278820596099706,20.615528128088304,17.720045146669353,12.529964086141668,12.041594578792296,11.704699910719626,12.0,1697810855.0805438
30.886890422961002,28.635642126552703,40.024992192379,38.63935817272331,40.521599178709614,14.142135623730951,17.46424919657298,15.524174696260024,21.095023109728988,13.038404810405298,19.1049731745428,13.601470508735444,15.811388300841898,17.46424919657298,10.295630140987,17.11724276862369,13.0,13.152946437965904,12.041594578792294,11.704699910719626,15.03329637837291,39.623225512317894,30.528675044947498,23.769728648009426,24.020824298928627,18.681541692269406,15.132745950421555,21.213203435596427,4.123105625617661,23.0,26.0,12.727922061357857,25.63201123595259,26.907248094147423,13.038404810405298,5.656854249492381,30.80584360149873,28.160255680657446,33.54101966249685,12.649110640673518,12.806248474865697,14.866068747318504,14.7648230602334,15.132745950421555,17.029386365926403,16.278820596099706,20.615528128088304,17.720045146669353,12.529964086141668,12.041594578792296,11.704699910719626,12.0,1697810855.0885463
12.529964086141668,12.041594578792296,8.06225774829855,13.892443989449806,14.422205101855958,17.0,17.88854381999832,16.76305461424021,23.53720459187964,23.40939982143925,26.92582403567252,29.410882339705488,26.076809620810597,32.31098884280702,23.769728648009426,22.561028345356952,30.413812651491096,20.12461179749811,24.083189157584588,20.0,19.6468827043885,9.848857801796104,6.324555320336759,11.0,7.615773105863909,5.099019513592785,1.4142135623730951,5.385164807134504,16.76305461424021,9.486832980505138,12.649110640673518,20.39607805437114,12.08304597359457,16.401219466856727,9.486832980505138,6.708203932499369,16.15549442140351,9.055385138137417,18.788294228055936,23.3452350598575,15.652475842498529,19.1049731745428,20.12461179749811,19.4164878389476,24.515301344262525,23.40939982143925,30.083217912982647,23.769728648009426,25.298221281347036,21.0,19.697715603592208,17.08800749063506,1697810855.096544
11.40175425099138,14.0356688476182,10.19803902718557,16.643316977093235,17.029386365926403,18.35755975068582,22.47220505424423,17.029386365926403,22.847319317591726,26.92582403567252,26.076809620810597,35.60898762952971,24.73863375370596,35.0,26.92582403567252,30.016662039607265,27.78488797889961,22.203603311174515,23.259406699226012,21.93171219946131,14.212670403551895,16.278820596099706,12.08304597359457,5.0,12.041594578792294,8.54400374531753,3.6055512754639896,9.433981132056603,7.810249675906654,12.206555615733702,11.313708498984761,15.620499351813308,12.806248474865697,11.180339887498949,8.06225774829855,2.23606797749979,3.6055512754639896,10.04987562112089,16.76305461424021,15.231546211727817,17.46424919657298,19.235384061671347,21.095023109728984,26.076809620810597,27.459060435491963,26.1725046566048,28.0713376952364,27.073972741361768,22.80350850198276,18.248287590894655,24.041630560342618,16.278820596099706,1697810855.1055467
9.899494936611665,12.165525060596437,14.142135623730951,12.041594578792294,16.0312195418814,15.03329637837291,19.235384061671347,20.615528128088304,22.561028345356952,25.709920264364882,27.658633371878665,30.675723300355937,27.202941017470888,26.68332812825267,25.709920264364882,25.317977802344327,23.53720459187964,22.561028345356952,21.840329667841555,19.924858845171276,14.866068747318506,14.317821063276352,8.602325267042627,8.485281374238571,7.280109889280519,4.47213595499958,5.0,7.0710678118654755,7.280109889280519,9.486832980505138,10.44030650891055,13.0,12.206555615733702,8.485281374238571,5.0,2.0,6.0,9.055385138137417,13.038404810405298,16.1245154965971,16.0312195418814,16.1245154965971,19.6468827043885,22.135943621178658,23.769728648009426,25.495097567963924,26.0,25.63201123595259,20.6155281280883,18.60107523773827,17.69180601295413,17.4928556845359,1697810855.1125495
10.0,10.19803902718557,12.529964086141668,13.416407864998739,14.317821063276352,15.264337522473749,16.643316977093235,18.027756377319946,18.867962264113206,20.808652046684813,23.021728866442675,23.430749027719962,20.615528128088304,20.0,18.027756377319946,20.0,17.029386365926403,15.620499351813308,14.866068747318504,12.041594578792296,9.433981132056603,8.06225774829855,6.0827625302982185,5.099019513592785,4.47213595499958,4.0,4.123105625617661,6.324555320336759,7.615773105863909,8.54400374531753,9.848857801796104,10.44030650891055,10.19803902718557,7.0,4.123105625617661,4.0,7.615773105863909,9.848857801796104,12.08304597359457,13.416407864998739,14.317821063276352,14.422205101855958,16.278820596099706,18.38477631085024,20.518284528683193,21.213203435596427,21.93171219946131,20.615528128088304,17.69180601295413,15.264337522473749,13.92838827718412,13.341664064126334,1697810855.1550758
12.041594578792296,15.0,16.15549442140351,18.38477631085024,19.313207915827967,21.840329667841555,22.135943621178658,24.041630560342615,26.248809496813376,27.51363298439521,31.953090617340916,31.57530680769389,27.459060435491963,25.96150997149434,23.769728648009423,25.298221281347036,23.769728648009423,20.39607805437114,20.09975124224178,16.0312195418814,13.0,11.180339887498949,8.06225774829855,7.211102550927979,8.06225774829855,6.324555320336759,8.06225774829855,10.0,12.36931687685298,12.041594578792294,13.152946437965904,16.278820596099706,13.92838827718412,10.770329614269007,6.0827625302982185,2.23606797749979,10.04987562112089,13.152946437965904,18.027756377319946,20.024984394500787,21.023796041628636,22.360679774997898,23.769728648009423,25.298221281347036,28.178005607210743,29.410882339705488,26.92582403567252,25.942243542145697,25.01999200639361,23.853720883753127,18.38477631085024,25.80697580112788,1697810855.163076
14.0356688476182,15.231546211727817,12.806248474865697,18.38477631085024,19.849433241279208,25.612496949731394,21.633307652783937,18.788294228055936,28.844410203711917,25.80697580112788,28.42534080710379,29.068883707497267,26.907248094147423,24.041630560342618,21.400934559032695,21.95449840010015,20.615528128088304,20.518284528683193,17.204650534085253,14.212670403551895,13.416407864998739,7.280109889280519,8.94427190999916,11.045361017187261,5.385164807134504,5.656854249492381,7.211102550927979,8.485281374238571,12.806248474865697,12.041594578792296,12.041594578792296,15.0,12.529964086141668,7.211102550927979,5.656854249492381,5.656854249492381,10.816653826391969,12.041594578792296,17.029386365926403,18.38477631085024,19.1049731745428,18.38477631085024,20.591260281974,24.698178070456937,25.63201123595259,29.732137494637012,31.76476034853718,20.223748416156685,19.924858845171276,18.788294228055936,17.11724276862369,20.248456731316587,1697810855.175076
13.453624047073712,9.899494936611665,14.317821063276352,18.248287590894655,19.235384061671347,20.024984394500787,27.16615541441225,23.194827009486403,27.294688127912362,28.017851452243796,37.0135110466435,33.13608305156178,27.16615541441225,26.1725046566048,25.317977802344327,24.331050121192874,27.018512172212592,19.924858845171276,18.38477631085024,20.6155281280883,15.264337522473749,10.816653826391969,12.08304597359457,5.0,17.11724276862369,6.708203932499369,4.47213595499958,7.810249675906654,12.041594578792294,11.704699910719626,17.46424919657298,19.1049731745428,7.0710678118654755,9.848857801796104,8.246211251235321,3.6055512754639896,9.433981132056603,11.40175425099138,18.027756377319946,19.209372712298546,21.02379604162864,18.35755975068582,25.298221281347036,25.709920264364882,26.305892875931807,25.63201123595259,29.832867780352593,28.861739379323623,23.08679276123039,24.041630560342615,20.39607805437114,18.973665961010276,1697810855.1810768
12.0,18.35755975068582,20.518284528683193,19.79898987322333,21.2602916254693,24.69817807045694,24.16609194718914,24.207436873820413,22.627416997969522,31.144823004794873,30.4138126514911,35.0,28.600699292150182,26.1725046566048,23.853720883753127,23.60084744241189,18.439088914585774,15.652475842498529,16.970562748477143,16.1245154965971,13.601470508735444,16.1245154965971,7.280109889280519,9.486832980505138,7.810249675906654,8.06225774829855,8.485281374238571,10.770329614269007,12.529964086141668,13.0,13.038404810405298,12.08304597359457,13.601470508735444,9.055385138137417,8.602325267042627,5.099019513592785,10.0,13.601470508735444,15.811388300841896,22.80350850198276,18.38477631085024,19.849433241279208,24.69817807045694,26.92582403567252,28.65309756378881,29.5296461204668,29.68164415931166,28.65309756378881,24.16609194718914,22.20360331117452,21.0,20.223748416156685,1697810855.2026868
14.866068747318504,11.704699910719626,13.038404810405298,18.788294228055936,15.652475842498529,15.652475842498529,19.235384061671347,19.313207915827967,20.223748416156685,20.09975124224178,25.317977802344327,24.020824298928627,17.26267650163207,23.194827009486403,18.248287590894655,20.248456731316587,16.76305461424021,14.0,15.297058540778355,15.811388300841896,6.324555320336759,8.485281374238571,10.295630140987,9.0,10.63014581273465,7.810249675906654,8.0,12.08304597359457,6.4031242374328485,13.92838827718412,11.40175425099138,9.433981132056603,13.892443989449806,9.486832980505138,9.486832980505138,3.6055512754639896,7.810249675906654,8.94427190999916,15.231546211727817,14.866068747318504,19.1049731745428,13.453624047073712,21.18962010041709,22.627416997969522,42.95346318982906,47.01063709417264,26.907248094147423,20.248456731316587,21.470910553583888,18.439088914585778,14.142135623730951,15.297058540778355,1697810855.2096865
16.401219466856727,17.204650534085253,17.720045146669353,19.1049731745428,18.681541692269406,16.401219466856727,20.6155281280883,22.472205054244235,23.021728866442675,30.870698080866262,29.068883707497267,26.570660511172843,19.697715603592208,23.3452350598575,18.867962264113206,26.907248094147423,19.723082923316017,24.186773244895647,13.601470508735444,27.80287754891569,7.810249675906654,22.847319317591726,24.698178070456937,13.892443989449806,9.848857801796104,6.4031242374328485,6.708203932499369,8.54400374531753,12.08304597359457,11.045361017187261,10.04987562112089,18.973665961010276,8.06225774829855,10.295630140987,15.524174696260024,13.92838827718412,9.486832980505138,21.213203435596427,13.0,17.804493814764854,13.416407864998739,15.0,24.758836806279895,22.472205054244235,23.021728866442675,21.400934559032695,25.942243542145697,22.472205054244235,25.0,20.024984394500787,19.026297590440446,14.560219778561038,1697810855.4060218
14.212670403551895,16.401219466856727,14.422205101855958,18.439088914585774,21.931712199461305,21.840329667841555,24.596747752497688,21.840329667841555,19.723082923316017,24.698178070456937,24.698178070456937,26.92582403567252,23.769728648009423,24.351591323771842,17.720045146669353,21.633307652783937,18.248287590894655,19.6468827043885,17.46424919657298,17.029386365926403,13.152946437965904,12.649110640673518,9.848857801796104,11.180339887498949,9.219544457292887,7.615773105863909,10.295630140987,12.727922061357857,15.0,7.810249675906654,14.212670403551895,14.212670403551895,12.36931687685298,6.708203932499369,5.385164807134504,6.324555320336759,9.433981132056603,10.770329614269007,14.422205101855958,15.231546211727817,15.231546211727817,9.899494936611665,18.248287590894655,22.360679774997898,21.0,23.021728866442675,22.02271554554524,21.023796041628636,20.615528128088304,13.892443989449806,18.867962264113206,18.439088914585774,1697810855.4367945
23.769728648009423,14.7648230602334,23.021728866442675,19.6468827043885,17.4928556845359,19.026297590440446,30.26549190084311,29.546573405388315,25.63201123595259,25.298221281347036,28.460498941515414,24.16609194718914,24.020824298928627,23.08679276123039,19.6468827043885,26.1725046566048,23.345235059857504,21.213203435596427,25.495097567963924,15.620499351813308,12.206555615733702,8.54400374531753,17.029386365926403,28.160255680657446,6.4031242374328485,6.324555320336759,12.36931687685298,10.63014581273465,12.806248474865697,16.76305461424021,10.816653826391969,14.866068747318504,14.866068747318506,5.099019513592785,6.0827625302982185,7.810249675906654,13.038404810405298,11.313708498984761,18.027756377319946,19.4164878389476,16.55294535724685,15.0,26.019223662515373,28.017851452243796,30.14962686336267,31.016124838541643,25.317977802344327,22.20360331117452,16.492422502470642,20.518284528683193,20.248456731316587,17.029386365926403,1697810855.4489253
15.620499351813308,19.209372712298546,14.212670403551895,12.727922061357857,15.620499351813308,21.2602916254693,16.643316977093235,17.804493814764854,23.021728866442675,19.209372712298546,24.08318915758459,26.248809496813372,22.472205054244235,20.0,15.811388300841896,28.31960451701259,24.08318915758459,19.209372712298546,16.0312195418814,12.727922061357857,24.69817807045694,11.6619037896906,14.212670403551895,20.615528128088304,19.313207915827967,13.0,8.06225774829855,15.0,15.0,15.652475842498529,13.152946437965904,6.4031242374328485,9.899494936611665,10.44030650891055,8.06225774829855,5.656854249492381,9.486832980505138,9.899494936611665,13.038404810405298,19.1049731745428,20.615528128088304,9.848857801796104,24.083189157584588,23.021728866442675,28.635642126552703,23.53720459187964,25.079872407968907,19.924858845171276,20.8806130178211,18.027756377319946,21.02379604162864,14.142135623730951,1697810855.4810266
17.029386365926403,17.46424919657298,18.867962264113206,13.0,13.92838827718412,17.204650534085253,20.518284528683193,20.248456731316587,15.652475842498529,20.591260281974,21.2602916254693,20.518284528683193,19.1049731745428,19.723082923316017,19.723082923316017,25.238858928247925,13.0,21.213203435596427,12.806248474865697,17.804493814764854,12.041594578792296,13.601470508735444,11.40175425099138,9.848857801796104,12.165525060596437,10.04987562112089,10.44030650891055,11.6619037896906,8.06225774829855,11.40175425099138,9.219544457292889,14.142135623730951,9.219544457292889,7.0710678118654755,11.40175425099138,5.0,2.23606797749979,11.704699910719626,13.0,15.811388300841898,18.60107523773827,11.40175425099138,13.038404810405298,25.495097567963924,21.18962010041709,21.633307652783937,21.377558326431952,21.377558326431952,14.317821063276352,19.4164878389476,15.811388300841896,13.038404810405298,1697810855.493022
15.652475842498529,27.313000567495326,19.0,17.4928556845359,25.0,19.235384061671343,20.12461179749811,18.60107523773827,17.08800749063506,28.460498941515414,30.463092423455635,30.528675044947498,25.612496949731394,28.635642126552703,18.38477631085024,33.734255586866006,22.47220505424423,28.0713376952364,24.207436873820413,17.720045146669353,21.95449840010015,17.69180601295413,17.69180601295413,17.69180601295413,12.649110640673518,9.848857801796104,7.0710678118654755,13.453624047073712,26.076809620810597,10.63014581273465,19.1049731745428,13.038404810405298,13.0,8.602325267042627,2.23606797749979,6.324555320336759,7.615773105863909,14.0356688476182,16.0,17.26267650163207,22.360679774997898,19.1049731745428,22.80350850198276,25.0,28.23118842698621,29.698484809834998,33.28663395418647,24.207436873820413,28.42534080710379,16.401219466856727,22.472205054244235,16.0312195418814,1697810855.4970217
22.472205054244235,22.360679774997898,21.095023109728984,18.439088914585778,21.023796041628636,19.235384061671347,23.345235059857504,23.40939982143925,24.331050121192874,25.709920264364882,31.40063693621516,31.622776601683796,30.675723300355937,31.0,22.02271554554524,20.39607805437114,23.40939982143925,36.345563690772494,34.17601498127012,16.0312195418814,13.341664064126334,21.2602916254693,9.433981132056603,20.39607805437114,13.892443989449806,12.0,4.0,7.211102550927979,14.0356688476182,12.806248474865697,6.708203932499369,12.36931687685298,13.152946437965904,5.8309518948453,8.06225774829855,4.0,9.219544457292887,11.313708498984761,14.422205101855958,19.4164878389476,18.439088914585774,17.804493814764854,23.769728648009426,23.769728648009426,28.160255680657446,29.410882339705488,30.083217912982647,28.861739379323623,23.53720459187964,21.0,20.223748416156685,18.027756377319946,1697810855.513767
6.0827625302982185,7.280109889280519,9.219544457292887,8.602325267042627,7.810249675906654,12.727922061357857,14.866068747318504,17.804493814764854,19.849433241279208,23.430749027719962,27.018512172212596,30.0,28.30194339616981,26.076809620810597,24.596747752497688,26.870057685088806,22.360679774997898,23.53720459187964,20.615528128088304,12.36931687685298,9.219544457292887,10.44030650891055,4.242640687119286,12.08304597359457,5.656854249492381,3.6055512754639896,4.123105625617661,6.324555320336759,8.54400374531753,8.06225774829855,8.246211251235321,16.15549442140351,14.317821063276352,7.211102550927979,5.385164807134504,5.099019513592785,6.4031242374328485,11.180339887498949,12.649110640673518,18.38477631085024,16.15549442140351,19.235384061671343,21.840329667841555,22.561028345356952,24.73863375370596,27.294688127912362,27.459060435491963,26.68332812825267,23.345235059857504,21.0,20.223748416156685,18.973665961010276,1697810855.7126362
5.0,6.4031242374328485,11.045361017187261,7.211102550927979,5.385164807134504,11.0,20.615528128088304,8.602325267042627,26.92582403567252,26.68332812825267,31.32091952673165,34.43835071544513,30.016662039607265,25.0,24.596747752497688,25.298221281347036,25.079872407968903,27.018512172212596,25.238858928247925,23.3238075793812,16.401219466856727,10.0,11.40175425099138,5.0,7.810249675906654,8.0,7.211102550927979,11.045361017187261,10.295630140987,16.0312195418814,16.278820596099706,15.132745950421555,17.11724276862369,15.524174696260024,10.19803902718557,6.0827625302982185,8.94427190999916,14.7648230602334,13.601470508735444,21.540659228538015,21.587033144922902,29.068883707497264,26.019223662515373,26.019223662515373,9.219544457292889,30.413812651491096,35.510561809129406,18.788294228055936,27.018512172212592,26.92582403567252,31.016124838541646,21.95449840010015,1697810855.7378025
5.0,9.055385138137417,14.0356688476182,11.0,12.529964086141668,10.63014581273465,15.652475842498529,19.723082923316017,20.0,23.853720883753127,24.041630560342618,31.906112267087636,26.92582403567252,27.730849247724095,21.95449840010015,30.528675044947498,23.259406699226012,21.540659228538015,15.652475842498529,18.439088914585778,13.152946437965904,9.848857801796104,3.6055512754639896,7.211102550927979,3.6055512754639896,3.6055512754639896,6.0,8.06225774829855,13.416407864998739,13.038404810405298,10.0,13.892443989449806,13.92838827718412,16.0312195418814,11.180339887498949,10.0,13.038404810405298,10.0,14.866068747318506,19.026297590440446,19.924858845171276,20.12461179749811,24.186773244895647,23.706539182259394,26.076809620810597,28.30194339616981,29.68164415931166,28.635642126552703,25.553864678361276,23.430749027719962,24.758836806279895,22.47220505424423,1697810855.7508445
3.6055512754639896,5.656854249492381,8.0,9.219544457292889,12.165525060596437,14.0356688476182,15.132745950421555,22.090722034374522,24.331050121192874,24.331050121192874,34.132096331752024,27.51363298439521,28.460498941515414,22.360679774997898,11.704699910719626,24.186773244895647,24.73863375370596,22.135943621178658,12.206555615733702,17.46424919657298,12.08304597359457,9.433981132056603,3.1622776601683795,3.1622776601683795,5.8309518948453,7.211102550927979,7.0710678118654755,8.94427190999916,14.317821063276352,11.40175425099138,14.317821063276352,16.0312195418814,16.0312195418814,18.439088914585778,15.03329637837291,10.0,10.0,10.0,11.704699910719626,18.439088914585778,16.0312195418814,18.60107523773827,21.095023109728984,25.495097567963924,28.160255680657446,31.622776601683796,31.40063693621516,27.459060435491963,31.953090617340916,20.12461179749811,26.68332812825267,20.8806130178211,1697810855.7879953
5.099019513592785,6.4031242374328485,7.615773105863909,9.486832980505138,11.704699910719626,14.317821063276352,18.110770276274835,20.0,23.0,25.01999200639361,29.068883707497264,31.57530680769389,28.160255680657446,25.709920264364882,24.041630560342615,26.476404589747453,24.351591323771842,21.540659228538015,19.313207915827967,17.46424919657298,14.317821063276352,12.08304597359457,8.06225774829855,3.6055512754639896,1.0,5.385164807134504,5.8309518948453,7.810249675906654,10.816653826391969,12.206555615733702,13.038404810405298,16.1245154965971,16.401219466856727,14.212670403551895,12.206555615733702,9.848857801796104,8.06225774829855,8.94427190999916,12.041594578792296,16.278820596099706,16.970562748477143,18.027756377319946,21.931712199461305,24.596747752497688,27.29468812791236,28.178005607210743,28.65309756378881,29.1547594742265,26.419689627245813,24.351591323771842,22.80350850198276,22.20360331117452,1697810855.7969959
16.643316977093235,11.045361017187261,3.6055512754639896,19.697715603592208,14.212670403551895,18.027756377319946,13.601470508735444,20.09975124224178,20.615528128088304,21.095023109728984,23.53720459187964,29.017236257093817,29.966648127543394,24.596747752497688,22.203603311174515,24.351591323771842,22.360679774997898,19.235384061671343,20.8806130178211,22.360679774997898,11.180339887498949,7.615773105863909,3.0,10.0,4.123105625617661,6.4031242374328485,9.433981132056603,10.816653826391969,13.0,9.219544457292887,10.0,7.0710678118654755,19.697715603592208,12.529964086141668,14.142135623730951,10.19803902718557,9.219544457292887,12.041594578792294,11.180339887498949,14.422205101855958,20.518284528683193,14.422205101855958,23.769728648009426,22.472205054244235,26.1725046566048,27.018512172212596,27.80287754891569,28.0178514522438,24.69817807045694,21.400934559032695,21.95449840010015,25.495097567963924,1697810855.8107493
14.212670403551895,16.278820596099706,15.0,2.23606797749979,15.297058540778355,7.211102550927979,7.0,19.1049731745428,20.0,22.825424421026653,22.627416997969522,26.400757564888174,15.620499351813308,28.0178514522438,20.615528128088304,31.04834939252005,21.095023109728988,15.03329637837291,13.601470508735444,18.248287590894655,9.486832980505138,8.54400374531753,14.0,3.6055512754639896,1.0,4.123105625617661,3.6055512754639896,11.40175425099138,3.1622776601683795,5.8309518948453,12.529964086141668,20.0,10.295630140987,6.708203932499369,17.26267650163207,6.4031242374328485,10.04987562112089,1.0,9.219544457292889,10.0,17.029386365926403,7.280109889280519,17.26267650163207,19.4164878389476,22.20360331117452,26.019223662515373,24.331050121192874,22.090722034374522,20.024984394500787,18.027756377319946,13.0,17.720045146669353,1697810855.8592558
8.06225774829855,2.23606797749979,2.0,2.23606797749979,9.433981132056603,7.615773105863909,15.297058540778355,14.560219778561038,17.46424919657298,18.027756377319946,24.16609194718914,28.160255680657446,28.0713376952364,26.076809620810597,23.345235059857504,28.861739379323623,23.345235059857504,24.515301344262525,17.029386365926403,14.0356688476182,15.03329637837291,12.041594578792294,6.324555320336759,7.0710678118654755,3.0,1.0,3.0,7.211102550927979,6.324555320336759,9.433981132056603,8.0,13.601470508735444,15.524174696260024,8.602325267042627,13.892443989449806,11.40175425099138,7.0710678118654755,9.848857801796104,12.727922061357857,14.866068747318504,16.970562748477143,17.4928556845359,22.847319317591726,20.591260281974,24.596747752497688,24.16609194718914,26.92582403567252,21.95449840010015,25.553864678361276,20.591260281974,23.259406699226012,22.360679774997898,1697810855.8982568
10.19803902718557,6.0827625302982185,14.212670403551895,6.4031242374328485,9.219544457292887,11.180339887498949,7.615773105863909,19.235384061671347,12.041594578792294,19.1049731745428,22.360679774997898,24.020824298928627,24.351591323771842,18.973665961010276,33.83784863137726,26.248809496813376,25.80697580112788,18.788294228055936,17.804493814764854,16.278820596099706,16.1245154965971,10.0,2.23606797749979,6.0,4.242640687119286,3.1622776601683795,5.0,4.47213595499958,7.810249675906654,7.615773105863909,10.0,11.40175425099138,19.1049731745428,21.470910553583888,14.212670403551895,9.433981132056603,8.06225774829855,13.453624047073712,11.180339887498949,13.152946437965904,17.46424919657298,17.08800749063506,18.35755975068582,20.12461179749811,21.633307652783937,27.730849247724095,21.2602916254693,33.28663395418647,22.022715545545243,25.0,19.697715603592208,18.867962264113206,1697810856.11974
8.06225774829855,3.1622776601683795,2.23606797749979,6.0,9.055385138137417,15.03329637837291,15.652475842498529,18.35755975068582,25.0,27.658633371878665,37.33630940518894,38.48376280978771,34.9857113690718,34.132096331752024,33.015148038438355,40.496913462633174,31.89043743820395,28.42534080710379,23.430749027719962,25.495097567963924,23.430749027719962,15.620499351813308,14.422205101855958,9.486832980505138,5.0,7.810249675906654,7.0710678118654755,10.04987562112089,13.0,15.03329637837291,14.317821063276352,17.720045146669353,18.439088914585778,22.360679774997898,16.278820596099706,13.152946437965904,12.806248474865697,13.601470508735444,18.788294228055936,23.08679276123039,21.540659228538015,26.476404589747453,29.1547594742265,30.14962686336267,34.23448553724738,36.345563690772494,38.63935817272331,35.90264614203249,33.54101966249685,30.01666203960727,31.016124838541643,32.2490309931942,1697810856.1257899
8.06225774829855,3.0,1.4142135623730951,3.6055512754639896,6.708203932499369,9.433981132056603,13.416407864998739,16.401219466856727,18.439088914585774,24.041630560342618,26.400757564888174,30.4138126514911,30.0,25.80697580112788,27.459060435491963,30.23243291566195,26.419689627245813,26.419689627245813,21.931712199461305,16.76305461424021,13.892443989449806,14.317821063276352,8.94427190999916,6.4031242374328485,3.1622776601683795,5.385164807134504,9.219544457292887,4.47213595499958,12.649110640673518,15.524174696260024,16.492422502470642,17.029386365926403,22.02271554554524,15.652475842498529,15.652475842498529,9.055385138137417,10.770329614269007,10.816653826391969,14.212670403551895,16.401219466856727,19.235384061671343,18.867962264113206,23.769728648009426,24.698178070456937,29.154759474226502,29.732137494637012,29.966648127543394,28.635642126552703,26.400757564888174,25.298221281347036,25.495097567963924,25.079872407968907,1697810856.1325753
8.06225774829855,3.0,1.0,3.0,6.708203932499369,10.770329614269007,13.601470508735444,15.297058540778355,19.4164878389476,20.615528128088304,26.68332812825267,33.015148038438355,30.06659275674582,29.017236257093817,28.160255680657446,31.064449134018133,27.459060435491963,24.351591323771842,21.02379604162864,18.973665961010276,14.866068747318506,17.720045146669353,11.045361017187261,6.324555320336759,7.280109889280519,5.8309518948453,9.055385138137417,6.0,10.63014581273465,10.63014581273465,12.041594578792296,14.866068747318504,17.029386365926403,13.453624047073712,13.453624047073712,6.708203932499369,8.06225774829855,10.19803902718557,12.649110640673518,15.811388300841898,17.720045146669353,18.38477631085024,22.825424421026653,24.69817807045694,26.92582403567252,29.5296461204668,29.966648127543394,29.546573405388315,26.832815729997478,25.238858928247925,24.839484696748443,25.455844122715714,1697810856.139871
8.06225774829855,4.123105625617661,1.0,2.23606797749979,6.324555320336759,6.4031242374328485,13.453624047073712,18.38477631085024,15.556349186104047,15.620499351813308,25.612496949731394,25.495097567963924,25.80697580112788,22.203603311174515,24.413111231467404,27.459060435491963,24.69817807045694,26.570660511172843,20.12461179749811,17.08800749063506,10.44030650891055,12.529964086141668,12.041594578792296,8.602325267042627,5.099019513592785,3.1622776601683795,2.23606797749979,10.0,7.615773105863909,9.0,12.165525060596437,12.041594578792294,14.0356688476182,18.0,15.132745950421555,9.433981132056603,5.0,16.401219466856727,19.235384061671347,13.038404810405298,22.80350850198276,17.11724276862369,22.20360331117452,26.305892875931807,24.020824298928627,29.017236257093817,26.019223662515373,26.076809620810597,28.635642126552703,25.709920264364882,19.1049731745428,28.0713376952364,1697810856.1468782
8.246211251235321,2.8284271247461903,4.242640687119286,3.1622776601683795,6.4031242374328485,9.219544457292887,12.206555615733702,12.529964086141668,18.973665961010276,18.027756377319946,25.079872407968903,27.313000567495326,24.69817807045694,32.31098884280702,26.400757564888174,34.205262752974136,25.0,24.0,20.09975124224178,18.110770276274835,14.0356688476182,12.165525060596437,12.0,9.0,5.0,5.385164807134504,7.615773105863909,5.099019513592785,9.848857801796104,10.63014581273465,12.08304597359457,14.317821063276352,15.0,13.601470508735444,14.422205101855958,11.313708498984761,8.54400374531753,11.0,11.180339887498949,15.811388300841898,14.317821063276352,15.811388300841896,21.2602916254693,22.022715545545243,25.80697580112788,26.627053911388693,28.42534080710379,25.80697580112788,23.60084744241189,21.93171219946131,21.93171219946131,23.60084744241189,1697810856.1697989
10.0,3.1622776601683795,3.1622776601683795,6.0827625302982185,1.0,12.041594578792294,8.246211251235321,21.095023109728984,16.55294535724685,22.20360331117452,22.02271554554524,28.017851452243796,25.0,29.1547594742265,26.68332812825267,36.05551275463989,39.824615503479755,28.23118842698621,19.209372712298546,19.697715603592208,19.697715603592208,11.40175425099138,12.08304597359457,7.810249675906654,11.704699910719626,10.295630140987,13.038404810405298,10.816653826391969,18.38477631085024,10.19803902718557,15.652475842498529,22.561028345356952,23.769728648009423,22.472205054244235,11.180339887498949,8.602325267042627,15.0,15.620499351813308,10.0,15.811388300841896,20.248456731316587,18.027756377319946,28.600699292150182,25.238858928247925,33.1058907144937,26.419689627245813,29.832867780352593,30.479501308256342,26.248809496813372,25.612496949731394,25.80697580112788,26.076809620810597,1697810856.1788309
7.810249675906654,4.242640687119286,4.123105625617661,4.0,4.123105625617661,6.324555320336759,10.295630140987,13.92838827718412,13.416407864998739,17.88854381999832,23.769728648009426,31.38470965295043,23.08679276123039,23.345235059857504,28.017851452243796,30.675723300355937,22.20360331117452,31.144823004794876,17.0,17.0,15.03329637837291,16.278820596099706,11.045361017187261,7.0710678118654755,5.099019513592785,5.099019513592785,2.0,4.0,8.485281374238571,10.816653826391969,11.180339887498949,12.206555615733702,19.79898987322333,21.93171219946131,13.416407864998739,13.92838827718412,8.06225774829855,10.04987562112089,13.892443989449806,14.560219778561038,16.55294535724685,15.811388300841896,21.400934559032695,23.853720883753127,21.93171219946131,29.410882339705484,30.610455730027933,27.29468812791236,24.839484696748443,23.60084744241189,21.93171219946131,22.80350850198276,1697810856.190585
10.295630140987,3.6055512754639896,2.0,3.6055512754639896,6.0827625302982185,8.06225774829855,12.041594578792294,15.297058540778355,14.0356688476182,18.110770276274835,25.317977802344327,26.68332812825267,25.0,27.85677655436824,25.298221281347036,29.410882339705488,23.769728648009426,25.059928172283335,21.095023109728988,15.264337522473749,16.1245154965971,12.649110640673518,11.40175425099138,9.219544457292887,3.6055512754639896,4.242640687119286,6.4031242374328485,7.0710678118654755,4.123105625617661,9.486832980505138,10.295630140987,10.770329614269007,15.231546211727817,14.317821063276352,13.152946437965904,7.280109889280519,7.211102550927979,8.246211251235321,11.045361017187261,14.142135623730951,18.027756377319946,16.1245154965971,21.213203435596427,22.20360331117452,24.186773244895647,28.284271247461902,28.160255680657446,29.017236257093817,27.018512172212592,24.186773244895647,23.53720459187964,23.40939982143925,1697810856.1985838
9.0,3.6055512754639896,0.0,2.23606797749979,5.385164807134504,9.486832980505138,10.770329614269007,17.720045146669353,18.973665961010276,18.38477631085024,18.681541692269406,26.248809496813376,27.51363298439521,27.202941017470888,23.706539182259394,29.5296461204668,25.0,19.723082923316017,15.811388300841896,14.7648230602334,17.029386365926403,25.612496949731394,17.46424919657298,9.219544457292887,4.0,4.47213595499958,7.211102550927979,6.0827625302982185,10.04987562112089,12.041594578792294,11.180339887498949,14.317821063276352,18.110770276274835,19.0,11.180339887498949,10.770329614269007,7.211102550927979,8.94427190999916,12.08304597359457,15.811388300841896,17.4928556845359,14.7648230602334,18.439088914585778,21.840329667841555,24.515301344262525,29.410882339705488,30.083217912982644,28.635642126552703,26.400757564888174,24.041630560342615,23.53720459187964,23.086792761230395,1697810856.2055824
8.54400374531753,5.0,4.47213595499958,6.4031242374328485,6.324555320336759,12.0,12.36931687685298,15.524174696260024,17.46424919657298,19.235384061671347,25.317977802344327,30.083217912982647,29.732137494637012,29.732137494637012,29.068883707497267,31.304951684997057,29.410882339705484,25.612496949731394,23.430749027719962,19.849433241279208,16.401219466856727,15.264337522473749,11.6619037896906,9.433981132056603,5.099019513592785,6.4031242374328485,7.810249675906654,7.280109889280519,10.0,12.0,14.142135623730951,17.11724276862369,19.026297590440446,17.11724276862369,15.132745950421555,9.055385138137417,9.433981132056603,10.63014581273465,14.317821063276352,18.788294228055936,18.788294228055936,21.18962010041709,23.345235059857504,26.476404589747453,29.61418578992169,31.780497164141405,33.52610922848042,32.31098884280702,29.410882339705488,27.658633371878665,26.1725046566048,27.018512172212592,1697810856.2138848
7.280109889280519,4.47213595499958,5.8309518948453,3.0,3.1622776601683795,1.0,11.180339887498949,10.770329614269007,11.40175425099138,12.529964086141668,16.970562748477143,24.839484696748443,20.0,18.027756377319946,20.09975124224178,25.01999200639361,19.313207915827967,14.560219778561038,17.26267650163207,14.317821063276352,14.0356688476182,8.54400374531753,12.041594578792294,8.0,6.0827625302982185,5.385164807134504,3.0,5.385164807134504,11.40175425099138,7.810249675906654,10.44030650891055,9.899494936611665,8.94427190999916,10.295630140987,8.246211251235321,8.246211251235321,5.0,6.324555320336759,9.055385138137417,12.0,13.0,14.317821063276352,15.231546211727817,17.46424919657298,17.88854381999832,19.723082923316017,20.39607805437114,21.213203435596427,17.26267650163207,19.235384061671343,13.92838827718412,14.142135623730951,1697810856.2208502
10.770329614269007,8.06225774829855,6.708203932499369,4.123105625617661,6.0827625302982185,6.324555320336759,8.54400374531753,12.165525060596437,13.601470508735444,16.492422502470642,21.587033144922902,29.017236257093817,25.079872407968907,25.179356624028344,27.658633371878665,31.40063693621516,24.73863375370596,21.18962010041709,22.203603311174515,17.08800749063506,14.142135623730951,15.524174696260024,8.54400374531753,7.211102550927979,6.324555320336759,5.656854249492381,13.453624047073712,9.848857801796104,7.280109889280519,16.643316977093235,12.36931687685298,14.212670403551895,16.76305461424021,22.472205054244235,17.0,13.601470508735444,10.770329614269007,7.280109889280519,13.601470508735444,14.866068747318506,16.492422502470642,20.223748416156685,19.4164878389476,23.086792761230395,26.1725046566048,27.658633371878665,28.0713376952364,27.0,26.019223662515373,23.0,21.587033144922902,25.0,1697810856.2273655
10.04987562112089,6.0827625302982185,6.324555320336759,3.6055512754639896,6.4031242374328485,9.0,13.038404810405298,14.142135623730951,12.08304597359457,19.1049731745428,21.840329667841555,26.419689627245813,27.730849247724095,28.0178514522438,25.238858928247925,26.0,24.758836806279895,22.47220505424423,20.0,21.213203435596427,9.219544457292887,7.810249675906654,10.0,14.142135623730951,6.0827625302982185,8.06225774829855,6.4031242374328485,8.246211251235321,8.54400374531753,11.045361017187261,8.54400374531753,16.0312195418814,17.029386365926403,17.029386365926403,17.08800749063506,6.0827625302982185,8.06225774829855,7.0710678118654755,11.704699910719626,16.1245154965971,14.422205101855958,16.15549442140351,20.39607805437114,19.313207915827967,21.931712199461305,26.92582403567252,26.400757564888174,26.419689627245813,25.942243542145697,21.931712199461305,23.53720459187964,24.331050121192874,1697810856.2333703
12.041594578792296,8.54400374531753,6.324555320336759,5.099019513592785,8.54400374531753,8.602325267042627,14.422205101855958,15.0,16.492422502470642,16.76305461424021,22.80350850198276,29.27456233660889,29.1547594742265,28.0713376952364,27.459060435491963,29.0,24.186773244895647,27.16615541441225,17.46424919657298,23.08679276123039,16.492422502470642,9.219544457292887,16.278820596099706,10.0,5.385164807134504,6.708203932499369,7.280109889280519,8.06225774829855,8.602325267042627,13.038404810405298,11.6619037896906,15.652475842498529,15.652475842498529,15.231546211727817,12.649110640673518,10.295630140987,7.0710678118654755,7.615773105863909,11.0,15.0,17.0,15.03329637837291,21.377558326431952,22.561028345356952,25.709920264364882,27.459060435491963,28.160255680657446,28.0713376952364,25.079872407968907,22.561028345356952,22.135943621178658,24.351591323771842,1697810856.2408705
9.899494936611665,5.656854249492381,3.1622776601683795,3.6055512754639896,5.385164807134504,8.0,11.045361017187261,17.46424919657298,22.02271554554524,16.1245154965971,32.7566787083184,25.317977802344327,23.021728866442675,26.68332812825267,26.248809496813376,29.410882339705488,27.730849247724095,23.853720883753127,22.203603311174515,18.35755975068582,16.1245154965971,14.317821063276352,12.08304597359457,9.486832980505138,6.0827625302982185,6.4031242374328485,7.211102550927979,6.324555320336759,9.0,10.0,11.180339887498949,14.560219778561038,16.0312195418814,16.0312195418814,13.341664064126334,8.246211251235321,7.810249675906654,9.433981132056603,10.770329614269007,17.4928556845359,24.16609194718914,20.024984394500787,17.26267650163207,23.021728866442675,26.1725046566048,27.294688127912362,28.442925306655788,29.120439557122076,24.515301344262525,24.083189157584588,24.0,25.079872407968907,1697810856.2479265
15.231546211727817,9.0,5.656854249492381,5.0,2.8284271247461903,7.0,16.970562748477143,17.46424919657298,18.867962264113206,21.470910553583888,31.016124838541646,31.400636936215164,31.240998703626616,29.0,31.240998703626616,34.0,27.58622844826744,24.758836806279895,24.839484696748443,18.867962264113206,18.027756377319946,15.556349186104047,12.206555615733702,10.63014581273465,6.4031242374328485,6.324555320336759,8.54400374531753,5.656854249492381,9.486832980505138,14.7648230602334,15.297058540778355,18.439088914585778,18.38477631085024,17.26267650163207,12.649110640673518,9.433981132056603,10.0,10.295630140987,16.55294535724685,16.278820596099706,17.804493814764854,23.3238075793812,25.495097567963924,28.635642126552703,31.38470965295043,33.54101966249685,33.015148038438355,31.622776601683793,28.65309756378881,28.23118842698621,27.29468812791236,26.92582403567252,1697810856.2544544
8.94427190999916,5.0,4.123105625617661,5.0,5.656854249492381,7.615773105863909,11.704699910719626,14.317821063276352,16.1245154965971,17.804493814764854,24.186773244895647,26.076809620810597,27.65863337187866,27.018512172212596,26.1725046566048,31.112698372208094,27.202941017470888,19.723082923316017,23.3238075793812,18.788294228055936,19.723082923316017,16.278820596099706,12.529964086141668,8.485281374238571,7.211102550927979,6.0,7.615773105863909,9.219544457292887,8.54400374531753,16.278820596099706,10.295630140987,16.1245154965971,20.6155281280883,17.804493814764854,12.727922061357857,9.433981132056603,8.06225774829855,9.219544457292889,12.08304597359457,15.652475842498529,16.55294535724685,18.867962264113206,22.022715545545243,22.022715545545243,26.400757564888174,25.612496949731394,28.844410203711917,28.178005607210743,26.419689627245813,25.238858928247925,23.60084744241189,23.3452350598575,1697810856.2624621
11.180339887498949,2.8284271247461903,5.8309518948453,4.123105625617661,5.099019513592785,4.47213595499958,13.0,13.601470508735444,14.212670403551895,19.1049731745428,27.65863337187866,27.78488797889961,26.627053911388693,26.570660511172843,26.570660511172843,28.160255680657446,28.635642126552703,24.083189157584588,22.090722034374522,19.026297590440446,15.297058540778355,11.045361017187261,14.142135623730951,7.280109889280519,5.0,6.0,6.324555320336759,10.44030650891055,7.0710678118654755,11.40175425099138,10.816653826391969,17.0,16.401219466856727,14.142135623730951,15.264337522473749,12.206555615733702,9.055385138137417,11.704699910719626,15.524174696260024,16.55294535724685,17.46424919657298,23.40939982143925,26.076809620810597,24.596747752497688,27.730849247724095,27.29468812791236,30.870698080866262,29.732137494637012,29.154759474226502,25.238858928247925,23.021728866442675,27.018512172212596,1697810856.2694628
11.0,6.0,2.23606797749979,3.1622776601683795,9.219544457292889,9.0,11.180339887498949,16.15549442140351,14.317821063276352,17.804493814764854,26.570660511172843,27.294688127912362,28.442925306655788,25.495097567963924,30.14962686336267,28.284271247461902,28.442925306655788,24.515301344262525,23.345235059857504,18.248287590894655,12.36931687685298,16.0312195418814,10.04987562112089,9.055385138137417,5.8309518948453,8.54400374531753,9.0,3.1622776601683795,12.041594578792294,11.40175425099138,13.038404810405298,13.892443989449806,14.7648230602334,16.76305461424021,12.649110640673518,12.206555615733702,6.4031242374328485,10.770329614269007,13.152946437965904,18.027756377319946,18.248287590894655,22.20360331117452,26.076809620810597,25.179356624028344,26.305892875931807,28.160255680657446,31.064449134018133,32.2490309931942,29.017236257093817,27.16615541441225,26.476404589747453,26.476404589747453,1697810856.276463
5.099019513592785,12.206555615733702,8.06225774829855,8.246211251235321,10.816653826391969,10.295630140987,8.94427190999916,13.416407864998739,20.39607805437114,25.298221281347036,19.235384061671347,27.892651361962706,28.844410203711917,25.059928172283335,27.459060435491963,31.906112267087636,27.018512172212596,24.839484696748443,21.213203435596427,18.439088914585774,14.422205101855958,13.92838827718412,11.6619037896906,9.848857801796104,5.099019513592785,7.211102550927979,7.810249675906654,8.54400374531753,10.0,12.0,13.038404810405298,15.132745950421555,15.132745950421555,13.038404810405298,12.165525060596437,10.0,5.656854249492381,7.0710678118654755,11.180339887498949,16.278820596099706,16.0312195418814,17.26267650163207,20.09975124224178,20.024984394500787,25.01999200639361,29.0,32.01562118716424,29.017236257093817,27.0,28.0713376952364,24.041630560342615,21.02379604162864,1697810856.2869036
8.06225774829855,4.123105625617661,3.1622776601683795,5.8309518948453,6.708203932499369,9.486832980505138,12.165525060596437,13.152946437965904,18.248287590894655,20.615528128088304,22.360679774997898,26.076809620810597,29.068883707497264,27.073972741361768,25.317977802344327,27.16615541441225,25.298221281347036,22.847319317591726,18.788294228055936,17.08800749063506,14.866068747318506,12.165525060596437,9.219544457292889,8.06225774829855,4.123105625617661,7.211102550927979,8.602325267042627,9.219544457292889,11.0,12.041594578792294,11.0,16.1245154965971,17.029386365926403,17.11724276862369,17.11724276862369,14.142135623730951,8.06225774829855,10.816653826391969,12.206555615733702,15.264337522473749,17.88854381999832,18.027756377319946,22.80350850198276,23.345235059857504,26.68332812825267,29.427877939124325,28.861739379323623,26.570660511172843,27.85677655436824,23.08679276123039,23.769728648009423,24.186773244895647,1697810856.2969024
3.0,3.0,2.0,7.0710678118654755,8.06225774829855,2.23606797749979,10.63014581273465,10.63014581273465,14.142135623730951,17.029386365926403,17.029386365926403,23.430749027719962,18.027756377319946,21.95449840010015,17.46424919657298,24.69817807045694,15.811388300841898,14.866068747318506,14.560219778561038,12.165525060596437,11.704699910719626,12.165525060596437,7.280109889280519,7.615773105863909,6.4031242374328485,5.385164807134504,6.0827625302982185,9.055385138137417,9.848857801796104,9.486832980505138,8.94427190999916,10.770329614269007,11.6619037896906,13.601470508735444,9.848857801796104,9.899494936611665,10.295630140987,11.180339887498949,6.324555320336759,12.08304597359457,11.40175425099138,15.297058540778355,16.1245154965971,15.0,18.027756377319946,18.027756377319946,20.8806130178211,21.93171219946131,18.973665961010276,15.297058540778355,17.46424919657298,16.1245154965971,1697810856.3035758
5.099019513592785,5.0,3.6055512754639896,2.0,5.099019513592785,7.211102550927979,7.0710678118654755,9.486832980505138,16.1245154965971,11.180339887498949,14.7648230602334,18.110770276274835,21.213203435596427,15.03329637837291,14.0,22.090722034374522,16.0312195418814,18.973665961010276,13.0,11.704699910719626,9.486832980505138,8.0,9.0,7.0710678118654755,4.0,4.47213595499958,5.385164807134504,4.242640687119286,7.0710678118654755,10.0,10.0,12.041594578792294,10.04987562112089,8.54400374531753,11.704699910719626,10.19803902718557,5.8309518948453,8.06225774829855,7.810249675906654,10.63014581273465,8.94427190999916,13.92838827718412,14.142135623730951,15.297058540778355,19.924858845171276,18.027756377319946,22.360679774997898,21.095023109728988,21.470910553583888,19.4164878389476,20.808652046684813,19.313207915827967,1697810856.3108547
9.055385138137417,4.0,6.0827625302982185,7.0710678118654755,8.246211251235321,11.180339887498949,11.704699910719626,14.866068747318506,18.681541692269406,21.931712199461305,24.351591323771842,29.61418578992169,27.658633371878665,31.40063693621516,28.160255680657446,31.144823004794876,28.635642126552703,22.02271554554524,22.135943621178658,19.924858845171276,17.26267650163207,14.0356688476182,13.0,7.0,8.54400374531753,8.94427190999916,7.615773105863909,5.099019513592785,11.704699910719626,13.601470508735444,11.704699910719626,15.811388300841898,16.492422502470642,16.278820596099706,16.0,11.180339887498949,8.485281374238571,10.295630140987,12.36931687685298,15.652475842498529,14.317821063276352,17.46424919657298,22.0,24.083189157584588,25.01999200639361,27.018512172212592,29.27456233660889,28.861739379323623,25.495097567963924,26.019223662515373,25.0,23.194827009486403,1697810856.3179345
7.810249675906654,3.1622776601683795,5.656854249492381,7.810249675906654,9.433981132056603,10.295630140987,13.0,14.7648230602334,18.38477631085024,22.847319317591726,26.832815729997478,30.528675044947498,27.202941017470888,27.202941017470888,26.907248094147423,33.97057550292606,28.284271247461902,23.60084744241189,22.80350850198276,20.248456731316587,17.204650534085253,16.278820596099706,14.212670403551895,9.219544457292887,5.8309518948453,9.219544457292889,8.94427190999916,9.219544457292887,12.806248474865697,12.041594578792296,13.601470508735444,14.7648230602334,17.804493814764854,15.620499351813308,14.212670403551895,10.63014581273465,9.486832980505138,10.04987562112089,12.649110640673518,16.15549442140351,18.788294228055936,19.697715603592208,21.633307652783937,22.203603311174515,24.839484696748443,28.844410203711917,29.1547594742265,29.5296461204668,26.832815729997478,25.059928172283335,23.3238075793812,22.80350850198276,1697810856.3259172
25.495097567963924,8.06225774829855,19.723082923316017,14.142135623730951,12.36931687685298,11.0,13.0,20.808652046684813,24.041630560342615,22.360679774997898,26.1725046566048,31.827660925679098,29.5296461204668,36.61966684720111,21.095023109728988,33.52610922848042,17.88854381999832,20.39607805437114,25.709920264364882,10.44030650891055,5.8309518948453,12.08304597359457,14.7648230602334,3.1622776601683795,8.06225774829855,8.06225774829855,8.246211251235321,7.810249675906654,7.280109889280519,10.816653826391969,10.44030650891055,16.1245154965971,19.026297590440446,19.1049731745428,12.727922061357857,18.248287590894655,6.0827625302982185,10.295630140987,12.206555615733702,13.92838827718412,24.207436873820413,17.08800749063506,20.12461179749811,23.40939982143925,26.476404589747453,31.780497164141405,25.298221281347036,28.160255680657446,23.40939982143925,19.924858845171276,18.248287590894655,21.213203435596427,1697810856.3617814
30.479501308256342,15.811388300841896,8.54400374531753,27.29468812791236,13.341664064126334,37.57658845611187,41.182520563948,39.05124837953328,24.69817807045694,37.0,26.1725046566048,31.827660925679098,29.5296461204668,42.1070065428546,41.59326868617084,33.52610922848042,46.17358552246079,20.39607805437114,29.068883707497267,10.44030650891055,28.0,11.6619037896906,24.186773244895647,21.023796041628636,12.36931687685298,18.60107523773827,21.93171219946131,19.235384061671343,26.400757564888174,29.427877939124325,31.064449134018133,29.017236257093817,19.026297590440446,19.1049731745428,12.727922061357857,17.11724276862369,28.460498941515414,11.045361017187261,22.360679774997898,31.906112267087636,36.06937759374287,25.495097567963924,20.12461179749811,23.40939982143925,26.476404589747453,31.780497164141405,25.298221281347036,28.160255680657446,23.40939982143925,19.924858845171276,18.248287590894655,21.213203435596427,1697810856.3805735
13.152946437965904,15.264337522473749,4.123105625617661,21.2602916254693,5.8309518948453,14.422205101855958,18.439088914585774,18.867962264113206,14.317821063276352,21.470910553583888,17.4928556845359,28.635642126552703,25.63201123595259,22.671568097509265,18.35755975068582,25.553864678361276,27.65863337187866,17.0,14.317821063276352,17.4928556845359,11.6619037896906,15.03329637837291,8.602325267042627,11.40175425099138,7.211102550927979,8.06225774829855,6.324555320336759,12.206555615733702,6.4031242374328485,11.6619037896906,11.40175425099138,11.40175425099138,19.235384061671347,13.892443989449806,14.560219778561038,13.416407864998739,11.180339887498949,9.055385138137417,12.529964086141668,13.892443989449806,11.045361017187261,15.620499351813308,17.69180601295413,21.2602916254693,24.207436873820413,21.400934559032695,20.0,25.80697580112788,25.80697580112788,21.400934559032695,20.518284528683193,18.027756377319946,1697810856.3915703
8.602325267042627,5.656854249492381,6.0827625302982185,7.615773105863909,9.219544457292887,14.422205101855958,16.401219466856727,17.204650534085253,17.204650534085253,23.60084744241189,26.400757564888174,29.68164415931166,30.413812651491096,29.546573405388315,31.304951684997057,31.622776601683796,28.442925306655788,26.305892875931807,21.095023109728984,18.248287590894655,16.278820596099706,12.649110640673518,10.770329614269007,12.165525060596437,9.433981132056603,11.704699910719626,11.40175425099138,13.038404810405298,13.038404810405298,16.76305461424021,16.76305461424021,20.8806130178211,20.615528128088304,23.086792761230395,19.4164878389476,11.40175425099138,12.649110640673518,9.433981132056603,17.46424919657298,17.88854381999832,18.973665961010276,18.973665961010276,21.18962010041709,24.041630560342615,28.861739379323623,31.016124838541646,31.780497164141405,31.304951684997057,27.313000567495326,26.92582403567252,25.298221281347036,25.495097567963924,1697810856.4054313
12.727922061357857,6.4031242374328485,4.123105625617661,9.219544457292889,6.708203932499369,13.601470508735444,11.313708498984761,17.204650534085253,17.029386365926403,19.79898987322333,21.93171219946131,31.112698372208094,29.068883707497267,26.627053911388693,26.076809620810597,30.886890422961002,28.23118842698621,24.515301344262525,23.40939982143925,19.026297590440446,15.652475842498529,10.63014581273465,9.219544457292889,12.08304597359457,9.219544457292887,12.165525060596437,11.0,8.246211251235321,10.19803902718557,15.231546211727817,14.317821063276352,20.12461179749811,17.26267650163207,15.811388300841898,12.36931687685298,15.652475842498529,8.54400374531753,15.620499351813308,13.601470508735444,18.439088914585778,18.38477631085024,21.587033144922902,23.53720459187964,24.515301344262525,26.68332812825267,31.40063693621516,30.463092423455635,29.732137494637012,28.178005607210743,23.769728648009423,24.351591323771842,25.495097567963924,1697810856.4124346
9.486832980505138,7.280109889280519,7.0710678118654755,8.06225774829855,9.848857801796104,12.206555615733702,14.866068747318506,16.76305461424021,17.26267650163207,20.6155281280883,29.068883707497264,28.861739379323623,29.732137494637012,32.64965543462902,24.69817807045694,30.886890422961002,27.29468812791236,25.0,20.808652046684813,19.209372712298546,15.264337522473749,20.808652046684813,13.416407864998739,7.211102550927979,8.54400374531753,9.219544457292889,10.816653826391969,10.0,10.816653826391969,15.652475842498529,12.649110640673518,15.297058540778355,17.46424919657298,16.401219466856727,19.723082923316017,8.54400374531753,12.206555615733702,9.433981132056603,22.472205054244235,21.377558326431952,17.88854381999832,25.553864678361276,24.16609194718914,26.419689627245813,26.92582403567252,31.38470965295043,30.675723300355937,28.792360097775934,27.51363298439521,25.298221281347036,24.596747752497688,25.0,1697810856.4208536
11.40175425099138,7.280109889280519,4.123105625617661,9.219544457292887,12.041594578792296,14.866068747318504,15.231546211727817,17.204650534085253,17.204650534085253,18.867962264113206,26.419689627245813,32.01562118716424,27.80287754891569,27.58622844826744,28.600699292150182,30.0,25.80697580112788,24.186773244895647,20.8806130178211,20.6155281280883,17.4928556845359,16.55294535724685,13.038404810405298,11.40175425099138,8.485281374238571,10.44030650891055,12.36931687685298,11.0,12.08304597359457,12.36931687685298,15.652475842498529,16.643316977093235,16.76305461424021,17.88854381999832,15.811388300841898,9.848857801796104,10.295630140987,10.816653826391969,13.0,17.720045146669353,18.38477631085024,20.615528128088304,23.769728648009423,23.769728648009423,26.92582403567252,29.410882339705488,28.635642126552703,30.870698080866262,26.400757564888174,25.63201123595259,25.0,24.515301344262525,1697810856.4330606
11.045361017187261,7.280109889280519,5.8309518948453,11.6619037896906,9.848857801796104,13.601470508735444,13.341664064126334,18.973665961010276,20.248456731316587,20.8806130178211,26.305892875931807,26.92582403567252,27.85677655436824,30.413812651491096,27.29468812791236,31.89043743820395,28.42534080710379,27.58622844826744,23.3238075793812,21.95449840010015,13.601470508735444,17.204650534085253,12.727922061357857,8.485281374238571,12.08304597359457,11.045361017187261,8.0,10.770329614269007,15.811388300841896,12.08304597359457,16.15549442140351,15.556349186104047,18.60107523773827,17.204650534085253,26.832815729997478,15.264337522473749,18.35755975068582,11.704699910719626,11.6619037896906,24.331050121192874,18.681541692269406,21.587033144922902,20.8806130178211,24.186773244895647,28.442925306655788,30.80584360149873,31.32091952673165,31.953090617340916,26.0,25.709920264364882,24.73863375370596,25.317977802344327,1697810856.44006
15.231546211727817,14.560219778561038,3.6055512754639896,5.656854249492381,11.180339887498949,13.341664064126334,13.152946437965904,15.297058540778355,19.235384061671347,21.587033144922902,25.179356624028344,28.160255680657446,29.154759474226502,26.832815729997478,26.419689627245813,31.304951684997057,27.202941017470888,26.907248094147423,22.022715545545243,17.804493814764854,17.204650534085253,15.652475842498529,15.620499351813308,10.816653826391969,10.04987562112089,9.055385138137417,12.08304597359457,11.40175425099138,11.40175425099138,14.422205101855958,13.341664064126334,15.231546211727817,20.248456731316587,17.204650534085253,16.15549442140351,16.0312195418814,16.55294535724685,9.433981132056603,20.09975124224178,15.524174696260024,20.6155281280883,21.02379604162864,24.69817807045694,22.022715545545243,28.178005607210743,30.886890422961002,29.966648127543394,29.410882339705488,27.730849247724095,25.059928172283335,25.942243542145697,24.69817807045694,1697810856.447061
15.811388300841898,7.810249675906654,7.810249675906654,4.123105625617661,11.180339887498949,12.529964086141668,17.46424919657298,17.26267650163207,19.026297590440446,21.587033144922902,18.110770276274835,30.26549190084311,27.018512172212592,25.298221281347036,24.73863375370596,30.083217912982644,20.12461179749811,23.3238075793812,17.69180601295413,15.264337522473749,19.209372712298546,10.63014581273465,15.0,11.6619037896906,8.06225774829855,8.06225774829855,10.816653826391969,8.485281374238571,10.0,10.295630140987,7.280109889280519,13.416407864998739,17.46424919657298,13.416407864998739,17.204650534085253,15.652475842498529,11.180339887498949,5.099019513592785,10.0,14.422205101855958,17.46424919657298,15.811388300841898,21.470910553583888,20.0,23.40939982143925,25.059928172283335,27.730849247724095,27.073972741361768,21.18962010041709,27.313000567495326,18.60107523773827,23.259406699226012,1697810856.4530606
9.848857801796104,6.4031242374328485,6.324555320336759,8.06225774829855,10.44030650891055,15.524174696260024,12.36931687685298,19.235384061671347,18.110770276274835,18.027756377319946,20.39607805437114,29.017236257093817,29.017236257093817,27.073972741361768,25.179356624028344,30.01666203960727,25.495097567963924,21.587033144922902,19.697715603592208,19.697715603592208,18.248287590894655,20.39607805437114,12.08304597359457,11.045361017187261,9.486832980505138,11.40175425099138,11.40175425099138,13.892443989449806,13.892443989449806,14.866068747318506,11.704699910719626,16.492422502470642,18.439088914585778,18.027756377319946,16.1245154965971,12.206555615733702,12.165525060596437,11.045361017187261,12.649110640673518,17.08800749063506,16.76305461424021,18.027756377319946,21.95449840010015,23.853720883753127,25.553864678361276,29.5296461204668,28.23118842698621,28.460498941515414,26.248809496813376,23.769728648009426,23.259406699226012,23.3238075793812,1697810856.460061
10.0,3.6055512754639896,6.4031242374328485,7.0,8.0,10.04987562112089,12.36931687685298,12.36931687685298,16.1245154965971,19.0,17.029386365926403,21.587033144922902,23.086792761230395,24.020824298928627,26.0,12.529964086141668,28.23118842698621,22.825424421026653,15.0,14.212670403551895,13.038404810405298,4.123105625617661,10.0,9.486832980505138,8.0,8.246211251235321,9.486832980505138,10.295630140987,10.63014581273465,10.295630140987,11.313708498984761,16.278820596099706,14.212670403551895,17.804493814764854,15.231546211727817,17.69180601295413,9.0,15.03329637837291,13.152946437965904,13.038404810405298,16.1245154965971,19.0,17.11724276862369,18.38477631085024,25.238858928247925,26.248809496813376,24.331050121192874,21.931712199461305,21.95449840010015,23.40939982143925,20.8806130178211,20.024984394500787,1697810856.4655316
9.219544457292889,3.0,6.4031242374328485,9.433981132056603,9.848857801796104,10.19803902718557,16.76305461424021,18.027756377319946,18.027756377319946,18.248287590894655,23.769728648009423,26.92582403567252,25.495097567963924,26.92582403567252,21.95449840010015,29.68164415931166,24.839484696748443,23.3452350598575,17.69180601295413,18.439088914585774,13.601470508735444,8.94427190999916,14.560219778561038,8.06225774829855,7.0710678118654755,8.246211251235321,9.486832980505138,10.295630140987,10.63014581273465,12.041594578792296,10.816653826391969,14.422205101855958,17.204650534085253,17.029386365926403,17.029386365926403,15.0,9.433981132056603,10.04987562112089,13.038404810405298,16.278820596099706,18.248287590894655,17.46424919657298,21.18962010041709,21.18962010041709,25.298221281347036,27.51363298439521,28.284271247461902,29.068883707497264,26.076809620810597,23.194827009486403,22.360679774997898,22.135943621178658,1697810856.4715424
12.36931687685298,6.0,10.0,12.206555615733702,12.041594578792296,18.35755975068582,12.806248474865697,12.806248474865697,19.4164878389476,20.591260281974,25.0,28.844410203711917,27.018512172212596,26.870057685088806,28.42534080710379,26.248809496813372,24.413111231467404,22.360679774997898,17.46424919657298,22.135943621178658,12.041594578792296,17.804493814764854,10.63014581273465,10.63014581273465,8.602325267042627,9.219544457292889,9.0,9.219544457292889,11.704699910719626,11.180339887498949,10.816653826391969,16.401219466856727,17.0,15.231546211727817,14.866068747318506,12.36931687685298,8.94427190999916,7.810249675906654,10.770329614269007,15.811388300841898,15.524174696260024,17.720045146669353,20.39607805437114,21.095023109728984,23.345235059857504,27.459060435491963,28.160255680657446,26.92582403567252,24.698178070456937,22.80350850198276,22.80350850198276,24.186773244895647,1697810856.478842
7.615773105863909,6.4031242374328485,6.0827625302982185,10.0,10.44030650891055,10.19803902718557,13.92838827718412,15.524174696260024,16.76305461424021,20.8806130178211,24.73863375370596,24.73863375370596,26.019223662515373,24.186773244895647,25.0,29.017236257093817,24.020824298928627,22.80350850198276,19.924858845171276,16.76305461424021,12.649110640673518,14.142135623730951,12.165525060596437,9.0,7.280109889280519,9.219544457292887,10.63014581273465,10.295630140987,11.40175425099138,13.341664064126334,13.341664064126334,17.11724276862369,18.110770276274835,17.720045146669353,18.38477631085024,12.08304597359457,10.04987562112089,11.180339887498949,14.317821063276352,17.204650534085253,18.35755975068582,18.35755975068582,22.022715545545243,22.671568097509265,25.80697580112788,27.80287754891569,29.68164415931166,28.635642126552703,26.832815729997478,23.853720883753127,23.021728866442675,22.80350850198276,1697810856.4849164
7.280109889280519,8.246211251235321,7.211102550927979,7.0710678118654755,10.816653826391969,14.7648230602334,14.0,19.1049731745428,18.681541692269406,17.0,26.0,29.20616373302047,30.479501308256342,35.4682957019364,29.68164415931166,31.144823004794873,27.58622844826744,20.808652046684813,23.853720883753127,23.021728866442675,13.0,15.811388300841896,11.704699910719626,13.892443989449806,7.280109889280519,6.0827625302982185,10.04987562112089,11.045361017187261,9.486832980505138,12.36931687685298,13.416407864998739,17.69180601295413,15.620499351813308,21.540659228538015,13.0,7.0710678118654755,13.92838827718412,17.88854381999832,15.03329637837291,16.76305461424021,18.38477631085024,25.238858928247925,18.788294228055936,32.38826948140329,26.305892875931807,28.284271247461902,28.792360097775934,29.546573405388315,25.298221281347036,27.202941017470888,22.135943621178658,22.561028345356952,1697810856.4908986
5.099019513592785,6.708203932499369,8.06225774829855,4.123105625617661,2.8284271247461903,8.0,13.341664064126334,9.486832980505138,13.038404810405298,16.15549442140351,16.278820596099706,23.345235059857504,18.439088914585778,23.345235059857504,18.027756377319946,21.0,21.213203435596427,18.027756377319946,15.811388300841898,12.649110640673518,11.045361017187261,10.04987562112089,9.219544457292889,9.0,6.324555320336759,7.0710678118654755,8.54400374531753,5.0,8.485281374238571,7.211102550927979,10.19803902718557,13.152946437965904,15.03329637837291,15.03329637837291,12.649110640673518,9.486832980505138,5.099019513592785,5.656854249492381,7.810249675906654,13.601470508735444,18.60107523773827,13.416407864998739,18.788294228055936,17.88854381999832,22.847319317591726,20.615528128088304,23.259406699226012,22.022715545545243,23.021728866442675,17.88854381999832,19.4164878389476,15.811388300841898,1697810856.496561
7.0,7.211102550927979,8.06225774829855,10.04987562112089,12.165525060596437,13.038404810405298,14.317821063276352,18.027756377319946,15.297058540778355,20.223748416156685,21.377558326431952,26.305892875931807,26.019223662515373,30.59411708155671,27.0,28.284271247461902,26.92582403567252,24.16609194718914,20.6155281280883,19.313207915827967,14.866068747318506,13.152946437965904,11.180339887498949,9.219544457292889,6.0827625302982185,8.602325267042627,12.041594578792296,11.704699910719626,9.848857801796104,12.36931687685298,14.560219778561038,15.297058540778355,16.492422502470642,15.231546211727817,19.697715603592208,15.524174696260024,15.0,11.045361017187261,10.770329614269007,15.811388300841896,18.973665961010276,17.204650534085253,23.430749027719962,24.839484696748443,28.600699292150182,30.0,27.459060435491963,28.178005607210743,27.29468812791236,24.69817807045694,24.413111231467404,22.022715545545243,1697810856.5280192
21.023796041628636,17.88854381999832,20.0,23.769728648009426,24.698178070456937,33.61547262794323,37.64306044943742,35.440090293338706,15.297058540778355,20.223748416156685,21.377558326431952,26.305892875931807,26.019223662515373,30.59411708155671,27.0,28.284271247461902,26.92582403567252,24.16609194718914,20.6155281280883,19.313207915827967,14.866068747318506,34.785054261852174,11.180339887498949,20.615528128088304,32.202484376209235,31.780497164141405,28.30194339616981,23.706539182259394,26.1725046566048,29.20616373302047,26.907248094147423,15.297058540778355,16.492422502470642,15.231546211727817,19.697715603592208,15.524174696260024,28.844410203711917,32.31098884280702,10.770329614269007,15.811388300841896,18.973665961010276,17.204650534085253,23.430749027719962,24.839484696748443,28.600699292150182,30.0,27.459060435491963,28.178005607210743,27.29468812791236,24.69817807045694,24.413111231467404,22.022715545545243,1697810856.541019
6.708203932499369,4.0,5.385164807134504,7.810249675906654,9.219544457292887,11.40175425099138,14.212670403551895,12.041594578792296,13.601470508735444,16.401219466856727,16.970562748477143,19.849433241279208,21.400934559032695,21.095023109728988,19.723082923316017,25.0,18.788294228055936,17.720045146669353,11.704699910719626,13.416407864998739,12.08304597359457,10.816653826391969,10.816653826391969,7.615773105863909,5.656854249492381,7.280109889280519,8.602325267042627,9.848857801796104,10.770329614269007,18.027756377319946,7.0710678118654755,12.529964086141668,14.866068747318506,11.180339887498949,12.649110640673518,8.54400374531753,9.219544457292887,5.8309518948453,8.94427190999916,11.40175425099138,15.231546211727817,11.40175425099138,16.278820596099706,15.297058540778355,18.248287590894655,17.11724276862369,20.248456731316587,19.313207915827967,18.38477631085024,16.76305461424021,16.15549442140351,14.317821063276352,1697810856.5550194
8.54400374531753,4.47213595499958,10.0,12.727922061357857,9.219544457292889,14.317821063276352,13.601470508735444,19.723082923316017,24.041630560342615,21.377558326431952,27.892651361962706,30.675723300355937,30.870698080866262,30.413812651491096,30.528675044947498,37.73592452822641,31.827660925679098,31.400636936215164,23.60084744241189,23.3452350598575,16.401219466856727,18.439088914585774,14.212670403551895,11.40175425099138,7.0710678118654755,8.246211251235321,10.295630140987,7.0710678118654755,11.180339887498949,13.0,13.152946437965904,16.492422502470642,19.697715603592208,18.973665961010276,15.652475842498529,13.0,9.055385138137417,9.219544457292889,13.416407864998739,16.643316977093235,18.027756377319946,18.60107523773827,23.430749027719962,24.041630560342618,27.58622844826744,29.0,29.832867780352593,29.68164415931166,26.400757564888174,26.1725046566048,25.455844122715714,24.207436873820413,1697810856.5750182
5.0,5.0,10.0,9.219544457292887,7.0710678118654755,18.439088914585774,17.69180601295413,11.40175425099138,20.12461179749811,18.027756377319946,26.832815729997478,27.202941017470888,30.80584360149873,30.0,24.758836806279895,36.76955262170048,30.80584360149873,22.80350850198276,24.186773244895647,20.591260281974,24.16609194718914,12.806248474865697,10.770329614269007,12.041594578792296,9.433981132056603,9.0,11.180339887498949,10.770329614269007,10.63014581273465,14.422205101855958,13.416407864998739,20.615528128088304,19.1049731745428,19.4164878389476,18.439088914585774,9.433981132056603,10.295630140987,12.0,10.44030650891055,18.027756377319946,18.0,21.095023109728984,25.495097567963924,25.709920264364882,30.413812651491096,28.284271247461902,29.0,31.016124838541643,27.018512172212592,26.68332812825267,24.331050121192874,24.73863375370596,1697810856.5820224
5.0,4.0,5.385164807134504,8.246211251235321,8.06225774829855,9.433981132056603,10.295630140987,10.63014581273465,12.727922061357857,14.212670403551895,19.209372712298546,18.439088914585774,20.808652046684813,20.591260281974,21.02379604162864,21.931712199461305,18.35755975068582,20.39607805437114,16.1245154965971,14.142135623730951,11.180339887498949,10.295630140987,7.615773105863909,8.94427190999916,5.0,3.1622776601683795,8.0,5.099019513592785,9.848857801796104,5.8309518948453,10.816653826391969,12.206555615733702,14.317821063276352,12.529964086141668,12.08304597359457,8.06225774829855,7.211102550927979,7.280109889280519,9.055385138137417,11.0,10.0,11.045361017187261,12.649110640673518,14.866068747318506,16.76305461424021,15.811388300841898,19.235384061671347,18.027756377319946,17.11724276862369,15.811388300841898,15.524174696260024,14.317821063276352,1697810856.5878656
7.0710678118654755,4.123105625617661,5.0,8.485281374238571,7.810249675906654,10.770329614269007,14.317821063276352,13.416407864998739,16.15549442140351,22.135943621178658,20.8806130178211,30.083217912982644,25.238858928247925,28.178005607210743,25.612496949731394,28.284271247461902,29.0,23.3452350598575,23.3452350598575,17.804493814764854,15.620499351813308,15.0,11.313708498984761,7.810249675906654,5.099019513592785,8.06225774829855,7.211102550927979,7.810249675906654,9.219544457292887,11.6619037896906,12.206555615733702,14.7648230602334,19.235384061671343,18.867962264113206,17.69180601295413,12.529964086141668,11.045361017187261,13.152946437965904,15.03329637837291,14.866068747318506,17.08800749063506,20.591260281974,20.591260281974,23.259406699226012,25.553864678361276,29.546573405388315,27.202941017470888,25.298221281347036,24.16609194718914,23.706539182259394,21.470910553583888,21.633307652783937,1697810856.5938714
5.385164807134504,2.0,4.0,9.055385138137417,4.123105625617661,8.06225774829855,10.44030650891055,11.180339887498949,14.212670403551895,15.0,19.697715603592208,20.12461179749811,25.079872407968903,23.08679276123039,18.973665961010276,21.587033144922902,19.924858845171276,14.0356688476182,17.11724276862369,16.0312195418814,13.038404810405298,11.0,6.0827625302982185,6.708203932499369,6.4031242374328485,4.123105625617661,4.123105625617661,6.324555320336759,12.649110640673518,8.602325267042627,8.06225774829855,14.142135623730951,12.041594578792296,15.0,13.038404810405298,8.485281374238571,8.06225774829855,5.656854249492381,15.231546211727817,11.045361017187261,8.06225774829855,11.40175425099138,17.46424919657298,17.46424919657298,20.12461179749811,20.8806130178211,22.135943621178658,23.53720459187964,20.6155281280883,19.235384061671343,19.697715603592208,17.4928556845359,1697810856.608012
9.899494936611665,5.385164807134504,5.656854249492381,10.04987562112089,13.341664064126334,13.341664064126334,18.248287590894655,16.0312195418814,20.0,24.083189157584588,27.073972741361768,32.01562118716424,33.13608305156178,35.510561809129406,31.256999216175565,34.713109915419565,30.675723300355937,29.410882339705488,24.16609194718914,24.16609194718914,16.1245154965971,19.235384061671347,15.231546211727817,11.40175425099138,11.045361017187261,10.295630140987,9.219544457292887,8.06225774829855,12.041594578792294,13.152946437965904,13.601470508735444,17.26267650163207,19.235384061671347,19.1049731745428,18.027756377319946,11.40175425099138,10.44030650891055,10.816653826391969,12.806248474865697,17.4928556845359,18.867962264113206,21.540659228538015,24.351591323771842,26.68332812825267,28.160255680657446,30.083217912982647,32.89376840679706,31.38470965295043,29.068883707497267,28.23118842698621,25.079872407968903,22.80350850198276,1697810856.6256895
8.54400374531753,10.19803902718557,7.280109889280519,10.44030650891055,12.36931687685298,12.806248474865697,15.620499351813308,19.79898987322333,20.615528128088304,19.849433241279208,25.612496949731394,29.0,29.068883707497267,30.610455730027933,29.698484809834998,35.0,29.5296461204668,27.313000567495326,23.769728648009423,21.931712199461305,17.0,12.727922061357857,15.652475842498529,15.0,8.06225774829855,8.54400374531753,9.0,7.615773105863909,9.433981132056603,12.041594578792296,11.40175425099138,14.142135623730951,18.439088914585774,18.867962264113206,16.278820596099706,10.63014581273465,5.8309518948453,10.0,13.152946437965904,12.649110640673518,15.03329637837291,18.681541692269406,20.39607805437114,22.135943621178658,24.351591323771842,27.85677655436824,28.442925306655788,27.16615541441225,25.317977802344327,22.135943621178658,21.840329667841555,20.6155281280883,1697810856.6362252
10.0,8.602325267042627,9.055385138137417,8.485281374238571,11.6619037896906,12.806248474865697,14.866068747318504,16.970562748477143,22.627416997969522,24.08318915758459,26.870057685088806,33.015148038438355,33.015148038438355,33.60059523282288,29.068883707497267,35.77708763999664,29.732137494637012,27.892651361962706,22.360679774997898,21.840329667841555,20.615528128088304,17.720045146669353,15.231546211727817,12.08304597359457,11.40175425099138,9.848857801796104,12.36931687685298,12.165525060596437,12.649110640673518,11.180339887498949,11.40175425099138,18.027756377319946,19.697715603592208,18.38477631085024,17.46424919657298,13.601470508735444,12.529964086141668,12.529964086141668,13.0,17.26267650163207,18.973665961010276,21.587033144922902,22.02271554554524,25.179356624028344,27.294688127912362,28.635642126552703,30.675723300355937,30.083217912982644,26.92582403567252,25.179356624028344,24.331050121192874,23.021728866442675,1697810856.6940656
12.206555615733702,8.94427190999916,5.8309518948453,10.295630140987,10.816653826391969,13.453624047073712,14.212670403551895,14.142135623730951,19.209372712298546,19.79898987322333,24.839484696748443,25.455844122715714,27.459060435491963,27.65863337187866,30.886890422961002,30.80584360149873,26.92582403567252,25.298221281347036,22.561028345356952,21.540659228538015,17.08800749063506,18.38477631085024,13.341664064126334,12.649110640673518,12.529964086141668,7.810249675906654,8.06225774829855,8.06225774829855,10.19803902718557,10.19803902718557,9.219544457292887,15.264337522473749,15.231546211727817,14.866068747318506,16.492422502470642,10.44030650891055,8.602325267042627,10.63014581273465,10.0,14.560219778561038,13.92838827718412,20.223748416156685,21.587033144922902,20.8806130178211,24.041630560342615,25.96150997149434,28.23118842698621,24.16609194718914,24.351591323771842,21.587033144922902,20.6155281280883,21.377558326431952,1697810856.7000637
9.219544457292887,8.06225774829855,8.0,11.180339887498949,10.770329614269007,13.0,16.1245154965971,17.46424919657298,19.723082923316017,20.12461179749811,26.627053911388693,29.154759474226502,27.51363298439521,28.23118842698621,28.160255680657446,31.04834939252005,27.16615541441225,26.0,23.0,20.0,18.027756377319946,18.0,14.866068747318506,9.219544457292889,9.433981132056603,9.899494936611665,7.810249675906654,10.0,9.486832980505138,8.0,8.246211251235321,13.92838827718412,16.492422502470642,15.03329637837291,14.0356688476182,10.19803902718557,8.06225774829855,8.485281374238571,9.848857801796104,13.416407864998739,17.0,16.55294535724685,19.924858845171276,19.6468827043885,23.40939982143925,26.0,25.942243542145697,25.059928172283335,23.706539182259394,22.472205054244235,20.248456731316587,20.615528128088304,1697810856.7099426
8.0,8.06225774829855,4.123105625617661,7.810249675906654,10.770329614269007,14.422205101855958,14.560219778561038,18.38477631085024,18.35755975068582,22.135943621178658,25.298221281347036,26.92582403567252,29.546573405388315,27.730849247724095,26.419689627245813,31.906112267087636,25.612496949731394,25.0,24.08318915758459,23.430749027719962,15.0,21.095023109728988,13.453624047073712,10.816653826391969,8.06225774829855,8.06225774829855,9.848857801796104,6.4031242374328485,10.63014581273465,9.848857801796104,11.180339887498949,14.560219778561038,16.15549442140351,14.7648230602334,13.892443989449806,10.295630140987,7.0,8.06225774829855,11.6619037896906,13.038404810405298,17.0,17.88854381999832,20.808652046684813,20.615528128088304,25.238858928247925,26.400757564888174,29.1547594742265,21.93171219946131,27.85677655436824,20.615528128088304,20.808652046684813,20.518284528683193,1697810856.723953
9.055385138137417,3.1622776601683795,7.0710678118654755,9.848857801796104,11.180339887498949,12.649110640673518,15.524174696260024,18.248287590894655,17.720045146669353,23.345235059857504,25.495097567963924,28.460498941515414,27.85677655436824,28.23118842698621,28.178005607210743,33.1058907144937,25.238858928247925,23.853720883753127,22.022715545545243,19.235384061671343,18.35755975068582,13.601470508735444,12.041594578792296,10.770329614269007,11.180339887498949,9.055385138137417,8.06225774829855,5.8309518948453,11.313708498984761,10.816653826391969,12.649110640673518,15.524174696260024,16.76305461424021,17.4928556845359,16.1245154965971,9.433981132056603,8.246211251235321,10.0,11.704699910719626,14.866068747318506,17.0,18.867962264113206,21.400934559032695,20.615528128088304,22.671568097509265,26.400757564888174,26.076809620810597,25.942243542145697,23.3238075793812,22.203603311174515,20.808652046684813,19.849433241279208,1697810856.7308557
14.317821063276352,10.0,13.152946437965904,20.223748416156685,20.0,23.0,33.060550509633075,35.05709628591621,37.12142238654117,42.01190307520001,46.389654018972806,28.460498941515414,27.85677655436824,28.23118842698621,28.178005607210743,33.1058907144937,51.478150704935,23.853720883753127,46.06517122512408,25.553864678361276,24.596747752497688,31.906112267087636,24.698178070456937,21.470910553583888,17.720045146669353,19.4164878389476,13.152946437965904,14.7648230602334,21.18962010041709,20.248456731316587,17.08800749063506,15.524174696260024,16.76305461424021,17.4928556845359,16.1245154965971,9.433981132056603,21.18962010041709,12.806248474865697,34.43835071544513,29.546573405388315,17.0,33.1058907144937,41.182520563948,20.615528128088304,22.671568097509265,26.400757564888174,26.076809620810597,25.942243542145697,23.3238075793812,22.203603311174515,20.808652046684813,19.849433241279208,1697810856.7374027
7.0,8.602325267042627,9.486832980505138,10.816653826391969,10.816653826391969,14.317821063276352,14.866068747318506,16.15549442140351,20.615528128088304,23.40939982143925,29.427877939124325,33.24154027718932,31.304951684997057,31.304951684997057,30.016662039607265,32.7566787083184,30.479501308256342,27.65863337187866,26.627053911388693,25.612496949731394,20.518284528683193,24.413111231467404,12.08304597359457,14.212670403551895,10.770329614269007,10.04987562112089,10.04987562112089,8.06225774829855,9.219544457292887,10.816653826391969,12.08304597359457,16.15549442140351,18.35755975068582,18.60107523773827,17.804493814764854,15.620499351813308,10.770329614269007,11.0,12.649110640673518,16.15549442140351,18.38477631085024,18.788294228055936,21.95449840010015,23.3238075793812,25.553864678361276,28.178005607210743,28.23118842698621,27.51363298439521,25.63201123595259,24.596747752497688,21.95449840010015,20.248456731316587,1697810856.744462
10.04987562112089,5.0,7.280109889280519,11.40175425099138,12.08304597359457,15.0,16.0312195418814,17.11724276862369,21.023796041628636,25.01999200639361,28.284271247461902,32.01562118716424,33.24154027718932,31.144823004794876,29.1547594742265,36.345563690772494,29.154759474226502,29.1547594742265,24.515301344262525,17.804493814764854,15.264337522473749,17.46424919657298,13.601470508735444,11.045361017187261,10.04987562112089,10.44030650891055,8.06225774829855,10.19803902718557,11.045361017187261,10.04987562112089,11.40175425099138,17.08800749063506,17.88854381999832,15.132745950421555,13.152946437965904,13.038404810405298,5.0,11.6619037896906,14.422205101855958,15.524174696260024,18.439088914585778,21.540659228538015,24.186773244895647,24.351591323771842,24.73863375370596,30.59411708155671,31.622776601683796,30.463092423455635,26.0,25.317977802344327,23.345235059857504,25.495097567963924,1697810856.750461
7.810249675906654,6.0,8.54400374531753,10.44030650891055,10.63014581273465,13.601470508735444,17.029386365926403,17.69180601295413,24.758836806279895,29.73213749463701,31.240998703626616,37.48332962798262,34.058772731852805,30.610455730027933,29.68164415931166,35.805027579936315,27.730849247724095,25.495097567963924,21.540659228538015,22.022715545545243,19.723082923316017,14.317821063276352,9.055385138137417,10.0,11.6619037896906,11.180339887498949,9.0,4.123105625617661,9.219544457292887,13.038404810405298,11.313708498984761,15.620499351813308,18.439088914585774,18.439088914585774,13.453624047073712,15.231546211727817,13.892443989449806,7.810249675906654,10.816653826391969,15.652475842498529,19.1049731745428,19.697715603592208,25.059928172283335,24.698178070456937,25.059928172283335,29.546573405388315,31.32091952673165,31.57530680769389,26.570660511172843,26.68332812825267,24.69817807045694,22.80350850198276,1697810856.7574632
9.433981132056603,5.0,9.0,11.0,10.44030650891055,13.341664064126334,19.4164878389476,16.492422502470642,24.331050121192874,20.39607805437114,27.313000567495326,32.31098884280702,30.01666203960727,26.1725046566048,28.017851452243796,24.020824298928627,28.0713376952364,26.68332812825267,22.20360331117452,18.110770276274835,17.0,15.297058540778355,13.0,13.341664064126334,11.40175425099138,10.0,8.485281374238571,7.810249675906654,9.055385138137417,9.055385138137417,9.486832980505138,13.341664064126334,15.132745950421555,16.0312195418814,13.152946437965904,10.04987562112089,8.54400374531753,8.485281374238571,11.313708498984761,15.811388300841896,15.0,18.35755975068582,19.723082923316017,20.591260281974,22.360679774997898,26.419689627245813,24.413111231467404,25.0,22.203603311174515,21.400934559032695,21.095023109728988,20.6155281280883,1697810856.7648754
7.280109889280519,7.810249675906654,9.055385138137417,9.055385138137417,10.0,14.317821063276352,14.142135623730951,20.615528128088304,22.561028345356952,26.570660511172843,27.892651361962706,31.57530680769389,31.256999216175565,29.068883707497264,31.016124838541643,33.015148038438355,29.017236257093817,26.476404589747453,23.08679276123039,18.439088914585778,21.587033144922902,14.560219778561038,12.041594578792294,14.560219778561038,9.219544457292887,10.295630140987,9.433981132056603,8.246211251235321,9.486832980505138,11.045361017187261,10.44030650891055,18.973665961010276,18.681541692269406,20.0,17.029386365926403,12.529964086141668,7.810249675906654,10.816653826391969,14.317821063276352,18.027756377319946,21.633307652783937,20.808652046684813,25.942243542145697,22.847319317591726,24.186773244895647,35.77708763999664,29.68164415931166,27.202941017470888,28.30194339616981,25.553864678361276,23.259406699226012,23.08679276123039,1697810856.771838
9.055385138137417,4.47213595499958,5.099019513592785,8.246211251235321,12.041594578792294,12.165525060596437,15.0,17.0,19.4164878389476,21.023796041628636,28.284271247461902,33.060550509633075,26.019223662515373,26.1725046566048,23.08679276123039,33.52610922848042,25.709920264364882,23.08679276123039,21.95449840010015,19.313207915827967,14.7648230602334,14.142135623730951,18.027756377319946,6.0,7.0,7.211102550927979,8.485281374238571,9.848857801796104,7.615773105863909,15.03329637837291,13.0,17.0,21.095023109728984,20.09975124224178,14.0,10.04987562112089,8.06225774829855,13.601470508735444,12.727922061357857,17.69180601295413,17.804493814764854,20.248456731316587,25.495097567963924,22.360679774997898,26.419689627245813,29.068883707497267,26.92582403567252,30.0,26.248809496813372,24.69817807045694,23.021728866442675,22.360679774997898,1697810856.785846
9.899494936611665,9.219544457292889,13.453624047073712,12.041594578792296,17.0,7.280109889280519,16.278820596099706,15.620499351813308,17.029386365926403,19.79898987322333,25.455844122715714,29.20616373302047,26.92582403567252,25.238858928247925,25.059928172283335,30.886890422961002,26.0,25.0,20.223748416156685,21.213203435596427,20.615528128088304,11.704699910719626,16.1245154965971,12.806248474865697,10.816653826391969,8.94427190999916,7.615773105863909,5.099019513592785,5.099019513592785,8.06225774829855,10.63014581273465,16.643316977093235,19.235384061671343,14.317821063276352,16.278820596099706,11.180339887498949,7.810249675906654,10.295630140987,10.770329614269007,14.560219778561038,15.132745950421555,15.03329637837291,21.587033144922902,16.0312195418814,20.39607805437114,29.120439557122076,22.472205054244235,21.931712199461305,29.546573405388315,25.709920264364882,21.377558326431952,24.73863375370596,1697810856.7928488
6.0827625302982185,8.94427190999916,7.810249675906654,14.7648230602334,24.186773244895647,14.866068747318506,20.12461179749811,23.021728866442675,20.518284528683193,22.022715545545243,30.23243291566195,33.12099032335839,30.610455730027933,32.2490309931942,36.235341863986875,33.97057550292606,25.0,23.706539182259394,24.73863375370596,21.377558326431952,15.264337522473749,17.08800749063506,12.649110640673518,16.970562748477143,11.40175425099138,13.892443989449806,13.341664064126334,7.211102550927979,11.40175425099138,12.206555615733702,8.485281374238571,12.649110640673518,19.235384061671343,20.0,20.0,14.422205101855958,11.180339887498949,13.601470508735444,10.295630140987,17.46424919657298,14.560219778561038,17.804493814764854,19.026297590440446,21.095023109728984,24.73863375370596,29.546573405388315,29.5296461204668,25.059928172283335,25.238858928247925,22.47220505424423,22.561028345356952,19.4164878389476,1697810856.7998674
9.219544457292889,5.385164807134504,6.0827625302982185,9.0,9.219544457292889,11.704699910719626,14.317821063276352,15.524174696260024,16.76305461424021,20.615528128088304,24.596747752497688,26.248809496813376,26.305892875931807,21.377558326431952,25.079872407968907,26.305892875931807,29.017236257093817,22.360679774997898,21.095023109728984,17.11724276862369,15.297058540778355,12.0,10.0,10.19803902718557,6.708203932499369,7.810249675906654,6.708203932499369,10.0,9.433981132056603,5.099019513592785,8.602325267042627,14.212670403551895,16.492422502470642,13.601470508735444,13.601470508735444,10.44030650891055,7.211102550927979,9.848857801796104,12.165525060596437,16.278820596099706,16.55294535724685,16.1245154965971,21.0,21.0,25.01999200639361,26.076809620810597,25.317977802344327,23.53720459187964,23.194827009486403,21.095023109728984,20.024984394500787,19.1049731745428,1697810856.817634
8.06225774829855,7.0,5.0,9.219544457292889,7.280109889280519,11.40175425099138,15.03329637837291,15.297058540778355,15.132745950421555,18.439088914585778,22.561028345356952,25.317977802344327,24.0,22.0,15.524174696260024,23.345235059857504,25.179356624028344,17.0,20.615528128088304,20.12461179749811,14.0356688476182,14.142135623730951,11.180339887498949,9.219544457292889,7.280109889280519,5.8309518948453,8.06225774829855,7.211102550927979,6.0,3.6055512754639896,10.19803902718557,13.0,12.0,12.165525060596437,13.601470508735444,11.045361017187261,2.0,5.8309518948453,9.433981132056603,13.416407864998739,14.317821063276352,14.866068747318506,19.6468827043885,19.235384061671347,22.360679774997898,21.840329667841555,22.847319317591726,21.931712199461305,20.6155281280883,18.973665961010276,18.973665961010276,17.26267650163207,1697810856.8246627
11.40175425099138,8.54400374531753,8.54400374531753,13.038404810405298,12.041594578792296,15.620499351813308,17.804493814764854,21.213203435596427,22.671568097509265,22.80350850198276,28.0178514522438,32.526911934581186,35.60898762952971,34.20526275297414,29.832867780352593,36.235341863986875,35.34119409414458,33.54101966249685,27.85677655436824,23.769728648009426,18.867962264113206,17.0,14.7648230602334,11.6619037896906,11.6619037896906,8.246211251235321,9.219544457292889,11.180339887498949,10.816653826391969,8.602325267042627,11.40175425099138,17.029386365926403,17.204650534085253,18.439088914585774,18.027756377319946,13.453624047073712,9.899494936611665,11.045361017187261,13.152946437965904,20.223748416156685,20.615528128088304,20.39607805437114,23.40939982143925,24.698178070456937,29.120439557122076,30.59411708155671,30.413812651491096,28.284271247461902,24.331050121192874,25.0,23.40939982143925,23.706539182259394,1697810856.8364277
8.94427190999916,8.246211251235321,10.0,10.816653826391969,13.453624047073712,17.029386365926403,18.439088914585774,19.849433241279208,21.400934559032695,22.022715545545243,27.29468812791236,33.421549934136806,31.827660925679098,29.0,26.907248094147423,33.97057550292606,32.449961479175904,28.30194339616981,27.78488797889961,20.6155281280883,18.867962264113206,20.0,14.212670403551895,10.63014581273465,8.602325267042627,9.055385138137417,10.44030650891055,10.04987562112089,9.433981132056603,10.63014581273465,10.0,16.15549442140351,17.204650534085253,13.601470508735444,18.439088914585774,11.313708498984761,8.06225774829855,7.0,11.704699910719626,14.560219778561038,17.720045146669353,16.76305461424021,20.591260281974,21.95449840010015,25.553864678361276,26.419689627245813,27.313000567495326,26.570660511172843,24.351591323771842,22.847319317591726,21.470910553583888,20.808652046684813,1697810856.8546777
9.486832980505138,8.06225774829855,9.219544457292887,13.038404810405298,14.142135623730951,16.643316977093235,21.095023109728988,21.633307652783937,23.3238075793812,25.495097567963924,29.732137494637012,35.84689665786985,35.22782990761707,30.80584360149873,33.83784863137726,35.805027579936315,35.4682957019364,29.0,25.0,20.615528128088304,21.470910553583888,14.866068747318504,13.416407864998739,13.601470508735444,17.204650534085253,12.041594578792294,14.317821063276352,10.0,7.211102550927979,11.40175425099138,12.806248474865697,17.88854381999832,19.209372712298546,20.0,20.518284528683193,13.038404810405298,11.180339887498949,9.0,12.165525060596437,18.681541692269406,20.223748416156685,21.18962010041709,23.259406699226012,25.495097567963924,28.23118842698621,31.953090617340916,32.28002478313795,31.780497164141405,27.892651361962706,26.248809496813376,24.16609194718914,24.69817807045694,1697810856.865676
12.806248474865697,8.246211251235321,6.324555320336759,7.615773105863909,11.6619037896906,12.08304597359457,16.401219466856727,20.0,21.400934559032695,19.79898987322333,29.5296461204668,31.89043743820395,29.832867780352593,31.064449134018133,31.064449134018133,29.68164415931166,29.154759474226502,25.63201123595259,25.0,18.027756377319946,18.973665961010276,15.524174696260024,13.416407864998739,9.219544457292887,7.810249675906654,7.0,10.04987562112089,9.219544457292889,15.811388300841896,9.433981132056603,12.041594578792296,18.60107523773827,18.60107523773827,19.849433241279208,16.55294535724685,15.0,8.602325267042627,13.038404810405298,9.848857801796104,18.681541692269406,17.26267650163207,16.15549442140351,26.570660511172843,26.570660511172843,26.92582403567252,27.85677655436824,31.32091952673165,27.294688127912362,25.709920264364882,24.73863375370596,23.40939982143925,22.47220505424423,1697810856.8728561
10.770329614269007,9.219544457292887,13.038404810405298,11.6619037896906,13.152946437965904,16.492422502470642,20.024984394500787,18.681541692269406,21.0,23.021728866442675,30.06659275674582,33.015148038438355,33.54101966249685,30.59411708155671,33.734255586866006,35.17101079013795,30.870698080866262,22.472205054244235,26.0,23.706539182259394,15.524174696260024,15.132745950421555,13.152946437965904,13.152946437965904,11.0,8.94427190999916,9.848857801796104,7.0710678118654755,9.848857801796104,8.54400374531753,10.04987562112089,15.03329637837291,20.024984394500787,16.0312195418814,16.278820596099706,11.704699910719626,7.0710678118654755,10.295630140987,11.313708498984761,16.278820596099706,19.1049731745428,17.804493814764854,21.95449840010015,21.470910553583888,24.596747752497688,27.29468812791236,28.0178514522438,27.80287754891569,26.248809496813372,23.430749027719962,21.633307652783937,21.02379604162864,1697810856.8870387
7.0,5.385164807134504,7.0710678118654755,9.433981132056603,10.295630140987,11.180339887498949,15.231546211727817,15.652475842498529,15.652475842498529,18.35755975068582,19.924858845171276,22.360679774997898,22.825424421026653,23.853720883753127,22.80350850198276,26.248809496813372,24.758836806279895,19.1049731745428,19.1049731745428,18.027756377319946,15.652475842498529,14.212670403551895,12.529964086141668,9.848857801796104,7.615773105863909,7.0,8.485281374238571,9.055385138137417,6.708203932499369,17.029386365926403,9.433981132056603,13.038404810405298,14.7648230602334,13.601470508735444,13.416407864998739,7.0710678118654755,8.54400374531753,10.04987562112089,7.615773105863909,10.770329614269007,14.560219778561038,13.601470508735444,14.7648230602334,14.7648230602334,18.35755975068582,17.88854381999832,19.924858845171276,20.39607805437114,17.720045146669353,16.15549442140351,15.811388300841898,14.7648230602334,1697810856.8930395
12.649110640673518,9.219544457292889,10.63014581273465,16.401219466856727,15.620499351813308,17.69180601295413,20.518284528683193,22.671568097509265,24.08318915758459,26.400757564888174,30.80584360149873,38.28837943815329,34.828149534536,35.4682957019364,35.60898762952971,36.124783736376884,33.61547262794322,28.65309756378881,31.780497164141405,23.40939982143925,19.697715603592208,14.560219778561038,15.620499351813308,12.206555615733702,14.212670403551895,8.54400374531753,8.246211251235321,9.055385138137417,11.180339887498949,12.041594578792296,12.806248474865697,18.439088914585774,19.849433241279208,21.400934559032695,17.0,10.816653826391969,10.816653826391969,9.219544457292889,12.165525060596437,18.027756377319946,20.223748416156685,21.377558326431952,24.041630560342615,25.298221281347036,29.120439557122076,30.80584360149873,32.2490309931942,31.144823004794876,29.27456233660889,26.476404589747453,24.73863375370596,25.63201123595259,1697810856.9126894
7.615773105863909,7.0710678118654755,8.54400374531753,12.529964086141668,11.704699910719626,14.560219778561038,18.027756377319946,17.720045146669353,19.924858845171276,26.248809496813376,29.410882339705488,31.38470965295043,27.313000567495326,25.495097567963924,25.238858928247925,31.38470965295043,21.400934559032695,25.0,21.213203435596427,17.804493814764854,16.278820596099706,14.422205101855958,14.212670403551895,10.816653826391969,9.219544457292889,9.055385138137417,10.04987562112089,10.295630140987,8.54400374531753,11.313708498984761,9.899494936611665,13.038404810405298,15.556349186104047,19.849433241279208,18.439088914585774,11.180339887498949,7.0710678118654755,10.295630140987,10.0,16.76305461424021,18.110770276274835,37.48332962798263,29.61418578992169,17.11724276862369,27.459060435491963,27.018512172212592,22.0,19.026297590440446,18.110770276274835,17.4928556845359,22.02271554554524,22.090722034374522,1697810856.9186935
10.19803902718557,5.656854249492381,9.486832980505138,17.204650534085253,12.041594578792296,12.727922061357857,20.248456731316587,19.849433241279208,26.907248094147423,24.839484696748443,28.42534080710379,33.30165161069342,33.24154027718932,30.610455730027933,29.832867780352593,34.20526275297414,32.449961479175904,25.495097567963924,23.769728648009426,22.847319317591726,16.643316977093235,18.027756377319946,17.204650534085253,10.0,9.433981132056603,9.219544457292889,12.041594578792294,9.486832980505138,10.295630140987,13.453624047073712,13.453624047073712,17.029386365926403,19.1049731745428,18.60107523773827,17.804493814764854,16.401219466856727,10.0,10.19803902718557,13.038404810405298,17.26267650163207,20.09975124224178,21.095023109728984,23.769728648009423,24.041630560342615,28.160255680657446,29.832867780352593,30.413812651491096,30.26549190084311,28.284271247461902,26.476404589747453,24.515301344262525,23.40939982143925,1697810856.9264004
8.602325267042627,9.433981132056603,11.6619037896906,15.556349186104047,13.453624047073712,19.1049731745428,14.142135623730951,23.430749027719962,18.38477631085024,23.430749027719962,26.907248094147423,35.0,30.610455730027933,27.730849247724095,28.0178514522438,30.479501308256342,33.1058907144937,30.886890422961002,26.92582403567252,21.2602916254693,16.643316977093235,17.029386365926403,19.723082923316017,12.0,10.63014581273465,12.529964086141668,6.0827625302982185,20.39607805437114,12.36931687685298,9.848857801796104,14.560219778561038,12.806248474865697,11.40175425099138,18.788294228055936,15.03329637837291,17.204650534085253,4.47213595499958,9.219544457292889,14.0356688476182,18.248287590894655,16.0,20.09975124224178,19.026297590440446,21.095023109728984,22.20360331117452,25.01999200639361,28.017851452243796,23.194827009486403,23.194827009486403,22.0,22.02271554554524,22.20360331117452,1697810856.9386177
5.8309518948453,8.06225774829855,8.94427190999916,10.295630140987,13.038404810405298,16.643316977093235,19.235384061671343,23.3238075793812,23.853720883753127,24.08318915758459,29.20616373302047,29.698484809834998,27.018512172212596,27.202941017470888,26.248809496813372,29.0,18.38477631085024,27.58622844826744,21.470910553583888,20.808652046684813,18.60107523773827,14.866068747318504,13.601470508735444,8.602325267042627,10.770329614269007,8.06225774829855,7.0710678118654755,6.324555320336759,6.708203932499369,9.219544457292887,9.219544457292889,15.264337522473749,17.204650534085253,15.264337522473749,14.866068747318504,7.810249675906654,8.94427190999916,5.385164807134504,8.485281374238571,13.038404810405298,17.46424919657298,16.401219466856727,20.591260281974,21.400934559032695,22.022715545545243,27.80287754891569,27.78488797889961,25.495097567963924,23.706539182259394,22.825424421026653,19.723082923316017,20.0,1697810856.949615
8.54400374531753,5.656854249492381,10.63014581273465,10.816653826391969,10.19803902718557,5.0,9.848857801796104,12.727922061357857,12.08304597359457,13.0,21.213203435596427,23.021728866442675,21.02379604162864,16.1245154965971,19.4164878389476,21.02379604162864,13.416407864998739,17.69180601295413,14.422205101855958,12.529964086141668,7.810249675906654,13.038404810405298,10.63014581273465,6.324555320336759,5.8309518948453,6.324555320336759,6.4031242374328485,4.47213595499958,10.770329614269007,7.0,10.295630140987,12.649110640673518,12.529964086141668,7.615773105863909,10.770329614269007,7.810249675906654,5.385164807134504,6.0827625302982185,7.615773105863909,12.08304597359457,14.422205101855958,9.219544457292887,16.970562748477143,15.0,14.212670403551895,16.278820596099706,19.1049731745428,19.209372712298546,17.204650534085253,17.69180601295413,15.556349186104047,15.811388300841896,1697810856.958416
6.708203932499369,8.602325267042627,14.560219778561038,13.453624047073712,12.727922061357857,16.401219466856727,12.529964086141668,20.808652046684813,22.627416997969522,24.758836806279895,32.449961479175904,30.4138126514911,30.4138126514911,31.89043743820395,33.61547262794322,34.20526275297414,27.202941017470888,32.202484376209235,16.492422502470642,23.706539182259394,17.4928556845359,15.231546211727817,15.811388300841896,12.529964086141668,11.180339887498949,11.0,12.649110640673518,8.54400374531753,11.180339887498949,12.041594578792296,16.970562748477143,19.209372712298546,18.439088914585774,21.931712199461305,15.652475842498529,17.0,10.0,9.433981132056603,11.180339887498949,25.0,16.0312195418814,16.492422502470642,20.615528128088304,25.709920264364882,28.23118842698621,28.442925306655788,30.80584360149873,25.317977802344327,23.08679276123039,26.076809620810597,24.698178070456937,23.769728648009426,1697810856.9654155
9.486832980505138,5.099019513592785,10.0,11.045361017187261,16.0312195418814,16.278820596099706,20.024984394500787,22.360679774997898,28.160255680657446,18.0,34.48187929913333,31.256999216175565,33.13608305156178,31.40063693621516,29.27456233660889,34.36568055487917,29.61418578992169,32.69556544854363,25.63201123595259,17.720045146669353,17.11724276862369,17.11724276862369,11.180339887498949,15.0,9.055385138137417,9.219544457292887,8.54400374531753,9.899494936611665,10.04987562112089,8.06225774829855,15.132745950421555,19.1049731745428,18.110770276274835,17.029386365926403,17.11724276862369,16.0,9.219544457292889,10.0,10.816653826391969,17.204650534085253,18.60107523773827,17.88854381999832,20.6155281280883,23.259406699226012,25.495097567963924,29.068883707497267,29.1547594742265,28.30194339616981,26.92582403567252,24.596747752497688,23.259406699226012,24.041630560342615,1697810856.9798775
13.038404810405298,5.385164807134504,8.602325267042627,9.486832980505138,10.44030650891055,10.19803902718557,17.11724276862369,19.1049731745428,20.39607805437114,24.73863375370596,28.284271247461902,29.017236257093817,28.017851452243796,28.0,28.160255680657446,30.14962686336267,27.892651361962706,28.160255680657446,19.924858845171276,23.53720459187964,18.973665961010276,15.03329637837291,12.649110640673518,10.44030650891055,9.0,8.06225774829855,8.602325267042627,6.708203932499369,9.055385138137417,12.0,10.19803902718557,18.027756377319946,14.0356688476182,12.649110640673518,17.0,9.055385138137417,11.045361017187261,7.0710678118654755,13.892443989449806,17.4928556845359,15.652475842498529,17.88854381999832,19.697715603592208,19.723082923316017,22.825424421026653,25.238858928247925,26.248809496813372,25.238858928247925,24.839484696748443,20.591260281974,20.591260281974,21.02379604162864,1697810856.9868643
4.123105625617661,7.211102550927979,4.123105625617661,10.19803902718557,8.246211251235321,11.045361017187261,10.0,14.142135623730951,15.132745950421555,14.142135623730951,18.027756377319946,19.924858845171276,16.15549442140351,20.8806130178211,22.360679774997898,20.248456731316587,13.341664064126334,26.400757564888174,18.973665961010276,6.0827625302982185,13.453624047073712,8.94427190999916,9.219544457292887,5.099019513592785,7.0710678118654755,6.708203932499369,4.123105625617661,12.041594578792296,4.0,7.0,11.40175425099138,7.280109889280519,10.63014581273465,9.899494936611665,10.0,8.0,11.313708498984761,6.0,6.324555320336759,7.810249675906654,18.027756377319946,10.770329614269007,14.866068747318504,16.401219466856727,16.15549442140351,17.029386365926403,17.46424919657298,16.15549442140351,18.973665961010276,13.892443989449806,17.08800749063506,14.7648230602334,1697810856.9925504
8.54400374531753,5.0,7.615773105863909,15.264337522473749,15.811388300841896,11.6619037896906,18.027756377319946,19.849433241279208,22.360679774997898,25.495097567963924,29.1547594742265,32.01562118716424,25.455844122715714,26.1725046566048,29.068883707497267,31.827660925679098,30.0,24.758836806279895,24.413111231467404,22.825424421026653,15.0,17.029386365926403,14.212670403551895,14.142135623730951,7.280109889280519,10.0,7.0710678118654755,9.433981132056603,8.06225774829855,13.601470508735444,13.416407864998739,17.4928556845359,18.60107523773827,15.556349186104047,17.029386365926403,11.180339887498949,11.704699910719626,11.704699910719626,7.211102550927979,15.652475842498529,19.924858845171276,17.720045146669353,19.209372712298546,22.47220505424423,24.16609194718914,27.78488797889961,29.546573405388315,25.63201123595259,25.079872407968903,23.853720883753127,18.027756377319946,22.022715545545243,1697810857.0098426
8.602325267042627,6.0827625302982185,9.0,12.041594578792294,14.0356688476182,14.0356688476182,19.235384061671347,24.020824298928627,24.331050121192874,26.076809620810597,29.61418578992169,33.015148038438355,32.01562118716424,32.0,27.018512172212592,34.0147027033899,30.06659275674582,27.202941017470888,25.96150997149434,21.840329667841555,18.110770276274835,15.132745950421555,14.317821063276352,15.03329637837291,10.770329614269007,12.041594578792296,10.816653826391969,11.40175425099138,11.180339887498949,12.0,14.560219778561038,19.4164878389476,18.110770276274835,16.278820596099706,16.1245154965971,10.295630140987,6.708203932499369,8.54400374531753,9.486832980505138,17.08800749063506,16.15549442140351,18.788294228055936,20.615528128088304,21.540659228538015,25.709920264364882,27.892651361962706,28.23118842698621,27.730849247724095,23.706539182259394,23.08679276123039,21.587033144922902,21.213203435596427,1697810857.0166004
14.866068747318504,16.492422502470642,16.401219466856727,22.022715545545243,19.313207915827967,34.88552708502481,34.88552708502481,39.35733730830886,40.22437072223754,43.56604182158394,29.61418578992169,33.015148038438355,41.2310562561766,32.0,27.018512172212592,55.036351623268054,30.06659275674582,27.202941017470888,25.96150997149434,38.05259518088089,18.110770276274835,37.0135110466435,24.331050121192874,19.235384061671343,12.041594578792296,16.278820596099706,11.180339887498949,14.866068747318504,17.720045146669353,32.0624390837628,10.04987562112089,19.4164878389476,18.110770276274835,16.278820596099706,21.840329667841555,10.295630140987,9.433981132056603,19.209372712298546,25.942243542145697,27.85677655436824,31.400636936215164,33.24154027718932,43.93176527297759,44.721359549995796,25.709920264364882,27.892651361962706,28.23118842698621,27.730849247724095,23.706539182259394,23.08679276123039,21.587033144922902,21.213203435596427,1697810857.0368474
7.0710678118654755,4.47213595499958,7.0710678118654755,10.44030650891055,13.038404810405298,16.0312195418814,20.024984394500787,17.26267650163207,21.023796041628636,26.076809620810597,29.27456233660889,28.0713376952364,29.27456233660889,31.064449134018133,26.476404589747453,30.26549190084311,27.313000567495326,26.92582403567252,24.351591323771842,20.591260281974,16.643316977093235,13.92838827718412,12.649110640673518,9.0,8.06225774829855,8.602325267042627,9.219544457292887,9.486832980505138,14.317821063276352,11.0,11.045361017187261,21.095023109728984,17.0,19.1049731745428,12.041594578792294,9.486832980505138,5.099019513592785,10.295630140987,12.806248474865697,13.601470508735444,18.439088914585774,17.204650534085253,22.360679774997898,25.079872407968903,24.596747752497688,26.400757564888174,32.89376840679706,27.202941017470888,23.60084744241189,18.439088914585778,22.472205054244235,23.40939982143925,1697810857.042848
4.123105625617661,5.0,8.54400374531753,9.486832980505138,7.280109889280519,12.041594578792294,10.0,10.19803902718557,13.0,17.0,18.110770276274835,18.027756377319946,17.0,20.248456731316587,19.6468827043885,14.866068747318506,17.4928556845359,16.15549442140351,15.811388300841896,17.029386365926403,15.811388300841896,14.866068747318506,2.0,8.06225774829855,4.47213595499958,5.099019513592785,5.099019513592785,6.708203932499369,7.211102550927979,6.708203932499369,7.615773105863909,10.295630140987,11.180339887498949,15.620499351813308,6.708203932499369,9.486832980505138,11.40175425099138,8.246211251235321,8.602325267042627,10.63014581273465,10.44030650891055,13.0,13.0,12.206555615733702,15.0,18.027756377319946,20.12461179749811,15.231546211727817,18.439088914585778,13.92838827718412,16.1245154965971,16.643316977093235,1697810857.0488493
7.615773105863909,7.810249675906654,8.06225774829855,15.132745950421555,13.0,15.297058540778355,19.6468827043885,21.023796041628636,24.083189157584588,29.017236257093817,30.26549190084311,37.0540146272978,32.2490309931942,33.060550509633075,28.284271247461902,34.058772731852805,30.80584360149873,30.413812651491096,25.238858928247925,22.847319317591726,19.924858845171276,15.524174696260024,14.560219778561038,12.041594578792294,11.180339887498949,9.433981132056603,10.816653826391969,7.615773105863909,9.0,10.04987562112089,11.045361017187261,16.492422502470642,19.1049731745428,17.11724276862369,15.03329637837291,10.19803902718557,8.94427190999916,7.810249675906654,11.180339887498949,18.38477631085024,18.788294228055936,19.313207915827967,22.561028345356952,22.80350850198276,25.96150997149434,29.410882339705488,30.463092423455635,27.313000567495326,27.313000567495326,24.351591323771842,22.80350850198276,23.194827009486403,1697810857.0548344
5.656854249492381,4.123105625617661,6.4031242374328485,10.63014581273465,11.313708498984761,14.212670403551895,15.620499351813308,18.38477631085024,20.615528128088304,20.518284528683193,27.018512172212596,26.1725046566048,27.80287754891569,26.907248094147423,28.0178514522438,30.479501308256342,26.92582403567252,26.400757564888174,23.08679276123039,21.02379604162864,15.652475842498529,16.401219466856727,9.219544457292887,9.219544457292887,7.615773105863909,8.06225774829855,6.324555320336759,8.06225774829855,7.810249675906654,12.649110640673518,10.295630140987,17.0,19.4164878389476,17.029386365926403,14.212670403551895,9.899494936611665,7.280109889280519,6.324555320336759,10.816653826391969,15.264337522473749,18.38477631085024,17.4928556845359,21.400934559032695,23.60084744241189,24.69817807045694,26.627053911388693,26.400757564888174,25.495097567963924,23.706539182259394,22.203603311174515,22.022715545545243,21.213203435596427,1697810857.0700247
5.656854249492381,6.0827625302982185,10.295630140987,9.848857801796104,10.63014581273465,12.206555615733702,17.69180601295413,21.93171219946131,23.430749027719962,25.0,28.42534080710379,35.805027579936315,31.304951684997057,28.844410203711917,31.064449134018133,35.22782990761707,30.463092423455635,29.154759474226502,24.351591323771842,23.40939982143925,16.76305461424021,15.231546211727817,13.038404810405298,9.433981132056603,9.219544457292887,9.055385138137417,10.0,9.848857801796104,10.816653826391969,12.727922061357857,12.206555615733702,17.69180601295413,18.38477631085024,17.88854381999832,18.027756377319946,10.0,11.40175425099138,9.486832980505138,16.643316977093235,18.681541692269406,17.46424919657298,18.788294228055936,25.495097567963924,25.63201123595259,25.553864678361276,30.083217912982644,29.732137494637012,29.120439557122076,25.709920264364882,25.079872407968903,22.825424421026653,23.853720883753127,1697810857.077042
8.246211251235321,2.8284271247461903,4.47213595499958,7.810249675906654,8.485281374238571,14.866068747318504,10.0,19.79898987322333,19.4164878389476,20.248456731316587,21.633307652783937,24.207436873820413,24.08318915758459,25.455844122715714,20.808652046684813,28.42534080710379,23.021728866442675,19.209372712298546,20.12461179749811,16.1245154965971,11.0,13.038404810405298,8.94427190999916,7.0710678118654755,5.385164807134504,7.615773105863909,6.0,4.47213595499958,5.8309518948453,8.54400374531753,11.40175425099138,12.08304597359457,12.529964086141668,13.0,13.453624047073712,7.211102550927979,9.055385138137417,7.810249675906654,10.0,12.806248474865697,19.4164878389476,17.029386365926403,19.849433241279208,21.93171219946131,24.758836806279895,23.3452350598575,24.186773244895647,22.360679774997898,17.204650534085253,25.059928172283335,15.0,17.029386365926403,1697810857.1067688
7.211102550927979,6.708203932499369,6.4031242374328485,9.899494936611665,12.041594578792296,13.601470508735444,16.278820596099706,18.439088914585774,20.615528128088304,23.430749027719962,27.018512172212596,30.4138126514911,28.42534080710379,28.42534080710379,27.018512172212596,31.240998703626616,26.92582403567252,26.419689627245813,22.847319317591726,19.313207915827967,16.1245154965971,12.806248474865697,10.0,8.602325267042627,5.8309518948453,7.0710678118654755,8.246211251235321,7.211102550927979,7.810249675906654,11.180339887498949,12.649110640673518,18.38477631085024,18.35755975068582,15.620499351813308,12.806248474865697,10.63014581273465,8.0,8.246211251235321,13.892443989449806,18.867962264113206,20.591260281974,20.808652046684813,25.0,25.0,28.42534080710379,30.80584360149873,30.016662039607265,28.65309756378881,26.92582403567252,24.207436873820413,24.08318915758459,24.839484696748443,1697810857.1147602
19.1049731745428,8.06225774829855,6.324555320336759,10.295630140987,11.704699910719626,13.341664064126334,18.38477631085024,16.15549442140351,23.08679276123039,25.0,27.459060435491963,28.284271247461902,25.01999200639361,23.345235059857504,21.213203435596427,33.13608305156178,28.442925306655788,28.0713376952364,18.248287590894655,17.0,19.924858845171276,15.524174696260024,11.704699910719626,9.055385138137417,6.0827625302982185,6.4031242374328485,7.810249675906654,7.810249675906654,6.0,8.246211251235321,9.219544457292889,13.038404810405298,12.165525060596437,16.1245154965971,12.08304597359457,10.816653826391969,11.40175425099138,11.180339887498949,13.038404810405298,18.439088914585774,16.278820596099706,16.643316977093235,20.591260281974,21.095023109728988,18.027756377319946,25.238858928247925,26.400757564888174,24.839484696748443,23.60084744241189,19.4164878389476,18.867962264113206,21.470910553583888,1697810857.1219912
6.0827625302982185,3.0,14.142135623730951,8.246211251235321,11.045361017187261,11.40175425099138,14.0,18.439088914585778,19.6468827043885,20.8806130178211,25.179356624028344,33.0,26.476404589747453,26.0,24.186773244895647,29.068883707497264,25.96150997149434,24.515301344262525,19.026297590440446,18.973665961010276,15.524174696260024,12.165525060596437,11.180339887498949,7.0710678118654755,6.324555320336759,7.810249675906654,9.219544457292887,8.0,9.0,12.165525060596437,13.152946437965904,16.76305461424021,15.0,14.142135623730951,11.704699910719626,10.04987562112089,11.40175425099138,6.4031242374328485,11.704699910719626,15.264337522473749,19.235384061671343,19.313207915827967,22.360679774997898,25.059928172283335,25.942243542145697,28.178005607210743,26.419689627245813,26.076809620810597,23.3238075793812,24.69817807045694,21.470910553583888,23.769728648009423,1697810857.1279929
3.0,3.6055512754639896,10.63014581273465,9.899494936611665,12.206555615733702,10.63014581273465,14.212670403551895,17.029386365926403,15.811388300841896,17.88854381999832,18.35755975068582,23.706539182259394,21.587033144922902,18.681541692269406,20.808652046684813,22.561028345356952,17.46424919657298,13.152946437965904,15.132745950421555,15.03329637837291,16.76305461424021,14.142135623730951,12.041594578792294,3.1622776601683795,8.94427190999916,6.324555320336759,9.219544457292889,12.08304597359457,7.0710678118654755,11.704699910719626,11.180339887498949,13.0,12.0,13.152946437965904,11.180339887498949,12.36931687685298,7.615773105863909,13.0,10.770329614269007,16.15549442140351,16.278820596099706,20.8806130178211,20.223748416156685,20.09975124224178,21.18962010041709,20.8806130178211,22.360679774997898,19.723082923316017,20.8806130178211,18.439088914585778,17.08800749063506,15.0,1697810857.1912084
5.385164807134504,11.045361017187261,13.92838827718412,16.55294535724685,15.297058540778355,18.973665961010276,23.40939982143925,25.0,34.014702703389894,18.60107523773827,28.635642126552703,26.019223662515373,20.223748416156685,25.01999200639361,27.018512172212592,29.017236257093817,24.020824298928627,25.179356624028344,20.615528128088304,17.11724276862369,16.278820596099706,14.0,12.165525060596437,11.704699910719626,9.433981132056603,10.0,8.06225774829855,10.19803902718557,11.40175425099138,12.041594578792294,13.152946437965904,15.297058540778355,17.029386365926403,16.0,14.142135623730951,10.04987562112089,10.0,10.63014581273465,13.0,17.46424919657298,21.02379604162864,20.6155281280883,24.041630560342615,23.769728648009426,28.635642126552703,27.313000567495326,29.1547594742265,25.553864678361276,24.16609194718914,23.40939982143925,23.08679276123039,25.317977802344327,1697810857.2565165
3.0,5.099019513592785,6.4031242374328485,8.06225774829855,10.770329614269007,9.848857801796104,10.295630140987,12.649110640673518,12.36931687685298,13.341664064126334,15.297058540778355,16.278820596099706,16.1245154965971,16.0312195418814,16.0,16.0312195418814,15.03329637837291,13.152946437965904,13.038404810405298,9.219544457292889,6.0827625302982185,8.246211251235321,6.0,6.0827625302982185,6.324555320336759,5.8309518948453,5.385164807134504,6.708203932499369,7.810249675906654,6.324555320336759,7.211102550927979,9.055385138137417,10.295630140987,8.602325267042627,10.44030650891055,8.0,5.099019513592785,6.324555320336759,5.656854249492381,7.810249675906654,9.848857801796104,10.816653826391969,12.206555615733702,12.529964086141668,13.453624047073712,13.038404810405298,13.92838827718412,14.317821063276352,11.6619037896906,12.529964086141668,13.601470508735444,11.40175425099138,1697810857.263523
18.027756377319946,16.278820596099706,36.76955262170048,35.77708763999664,40.311288741492746,9.848857801796104,10.295630140987,12.649110640673518,12.36931687685298,13.341664064126334,15.297058540778355,16.278820596099706,16.1245154965971,16.0312195418814,16.0,16.0312195418814,15.03329637837291,13.152946437965904,13.038404810405298,46.09772228646443,37.64306044943742,41.86884283091664,37.013511046643494,34.785054261852174,28.792360097775934,30.01666203960727,5.385164807134504,24.758836806279895,29.73213749463701,27.459060435491963,23.08679276123039,9.055385138137417,10.295630140987,8.602325267042627,10.44030650891055,19.723082923316017,5.099019513592785,28.160255680657446,5.656854249492381,7.810249675906654,9.848857801796104,10.816653826391969,12.206555615733702,12.529964086141668,13.453624047073712,13.038404810405298,13.92838827718412,14.317821063276352,11.6619037896906,12.529964086141668,13.601470508735444,11.40175425099138,1697810857.2695234
7.211102550927979,7.0710678118654755,12.0,15.03329637837291,16.1245154965971,17.26267650163207,22.360679774997898,21.377558326431952,24.083189157584588,29.27456233660889,30.06659275674582,33.37663853655727,29.27456233660889,30.26549190084311,27.294688127912362,29.61418578992169,30.083217912982647,24.351591323771842,26.400757564888174,21.540659228538015,19.026297590440446,16.0312195418814,17.029386365926403,14.0356688476182,12.041594578792294,10.295630140987,12.529964086141668,13.601470508735444,13.892443989449806,12.529964086141668,14.0356688476182,14.560219778561038,17.46424919657298,14.317821063276352,13.601470508735444,13.601470508735444,6.0,13.92838827718412,8.54400374531753,16.278820596099706,20.615528128088304,19.1049731745428,25.495097567963924,22.360679774997898,25.455844122715714,35.4682957019364,25.298221281347036,31.38470965295043,20.248456731316587,21.470910553583888,16.970562748477143,24.08318915758459,1697810857.276595
7.0710678118654755,4.242640687119286,12.649110640673518,15.811388300841898,16.1245154965971,19.313207915827967,25.63201123595259,19.697715603592208,26.92582403567252,24.16609194718914,26.248809496813376,33.54101966249685,30.06659275674582,29.068883707497264,27.658633371878665,30.413812651491096,27.018512172212592,29.27456233660889,24.083189157584588,21.377558326431952,17.26267650163207,15.524174696260024,13.038404810405298,10.04987562112089,10.295630140987,11.40175425099138,9.219544457292887,13.92838827718412,11.180339887498949,16.0312195418814,12.0,14.560219778561038,19.026297590440446,17.029386365926403,12.041594578792294,14.142135623730951,10.04987562112089,9.219544457292887,13.038404810405298,17.88854381999832,18.027756377319946,19.723082923316017,21.931712199461305,25.553864678361276,24.186773244895647,27.29468812791236,27.202941017470888,25.0,24.69817807045694,21.400934559032695,22.47220505424423,24.16609194718914,1697810857.2846863
4.0,9.219544457292889,7.0710678118654755,10.0,14.0356688476182,16.0312195418814,14.866068747318506,15.0,17.11724276862369,21.023796041628636,25.0,19.6468827043885,22.360679774997898,23.194827009486403,21.213203435596427,20.39607805437114,17.26267650163207,19.6468827043885,14.866068747318504,14.142135623730951,12.36931687685298,13.601470508735444,12.36931687685298,10.770329614269007,10.04987562112089,8.94427190999916,7.810249675906654,7.280109889280519,2.23606797749979,10.04987562112089,11.40175425099138,10.19803902718557,14.866068747318506,12.529964086141668,10.44030650891055,4.242640687119286,6.324555320336759,6.324555320336759,9.219544457292887,10.0,12.206555615733702,10.816653826391969,16.970562748477143,19.1049731745428,18.38477631085024,20.518284528683193,20.12461179749811,18.60107523773827,16.643316977093235,17.69180601295413,17.69180601295413,16.401219466856727,1697810857.2906404
7.0710678118654755,5.0,8.94427190999916,11.40175425099138,13.0,12.649110640673518,17.26267650163207,16.278820596099706,20.024984394500787,22.090722034374522,20.09975124224178,25.0,25.01999200639361,23.021728866442675,20.09975124224178,23.345235059857504,20.615528128088304,16.492422502470642,18.439088914585778,15.811388300841898,13.601470508735444,12.36931687685298,7.280109889280519,7.0710678118654755,12.041594578792294,13.0,10.295630140987,10.04987562112089,7.810249675906654,10.0,7.810249675906654,13.038404810405298,9.899494936611665,11.40175425099138,10.816653826391969,9.219544457292887,6.0827625302982185,7.280109889280519,11.40175425099138,12.165525060596437,18.248287590894655,11.704699910719626,17.4928556845359,15.652475842498529,18.027756377319946,17.08800749063506,19.4164878389476,19.1049731745428,18.248287590894655,16.76305461424021,19.1049731745428,13.892443989449806,1697810857.29664
5.0,2.23606797749979,7.615773105863909,9.433981132056603,7.810249675906654,12.806248474865697,11.313708498984761,11.40175425099138,10.0,14.422205101855958,19.1049731745428,21.095023109728988,17.88854381999832,19.235384061671343,17.46424919657298,21.095023109728988,17.720045146669353,16.401219466856727,15.811388300841898,16.55294535724685,11.180339887498949,7.280109889280519,8.94427190999916,8.06225774829855,7.810249675906654,7.211102550927979,8.06225774829855,6.324555320336759,8.06225774829855,8.0,7.0710678118654755,10.19803902718557,12.0,10.19803902718557,9.0,6.708203932499369,6.4031242374328485,6.4031242374328485,8.94427190999916,10.295630140987,12.529964086141668,13.416407864998739,15.231546211727817,13.92838827718412,16.55294535724685,16.55294535724685,18.027756377319946,16.401219466856727,15.811388300841896,14.317821063276352,14.7648230602334,14.560219778561038,1697810857.3116388
7.0710678118654755,5.099019513592785,8.602325267042627,12.206555615733702,15.264337522473749,16.401219466856727,18.788294228055936,20.518284528683193,19.1049731745428,20.615528128088304,29.068883707497267,27.58622844826744,27.459060435491963,23.60084744241189,24.413111231467404,25.0,23.60084744241189,20.248456731316587,22.847319317591726,16.1245154965971,15.811388300841896,14.866068747318504,10.770329614269007,11.6619037896906,11.40175425099138,9.433981132056603,11.40175425099138,8.246211251235321,10.0,10.19803902718557,8.94427190999916,11.6619037896906,14.7648230602334,13.601470508735444,11.704699910719626,8.06225774829855,7.810249675906654,7.615773105863909,10.19803902718557,16.278820596099706,15.03329637837291,16.278820596099706,19.026297590440446,19.1049731745428,22.090722034374522,23.194827009486403,23.345235059857504,21.840329667841555,19.4164878389476,18.110770276274835,18.027756377319946,19.026297590440446,1697810857.320806
7.0710678118654755,8.06225774829855,7.0710678118654755,11.6619037896906,13.892443989449806,9.486832980505138,13.341664064126334,18.027756377319946,21.633307652783937,18.867962264113206,21.18962010041709,23.769728648009423,19.1049731745428,22.20360331117452,19.0,20.8806130178211,20.223748416156685,15.0,23.021728866442675,15.524174696260024,13.038404810405298,10.44030650891055,8.06225774829855,13.038404810405298,11.045361017187261,9.848857801796104,9.848857801796104,6.4031242374328485,7.280109889280519,13.601470508735444,9.055385138137417,10.770329614269007,12.08304597359457,13.0,10.770329614269007,6.0,8.06225774829855,8.06225774829855,8.94427190999916,10.0,16.643316977093235,13.038404810405298,17.029386365926403,15.620499351813308,17.204650534085253,18.027756377319946,19.697715603592208,18.788294228055936,17.46424919657298,15.264337522473749,15.811388300841896,14.866068747318504,1697810857.3283114
8.06225774829855,6.4031242374328485,8.246211251235321,10.770329614269007,12.36931687685298,12.36931687685298,14.866068747318506,15.231546211727817,17.88854381999832,17.46424919657298,20.6155281280883,23.3238075793812,22.203603311174515,21.400934559032695,21.2602916254693,22.022715545545243,19.1049731745428,17.69180601295413,16.970562748477143,15.0,14.422205101855958,12.806248474865697,10.63014581273465,10.63014581273465,9.433981132056603,9.486832980505138,9.219544457292889,8.0,9.219544457292889,9.486832980505138,9.848857801796104,11.180339887498949,13.0,12.08304597359457,10.770329614269007,9.219544457292887,7.810249675906654,6.708203932499369,9.219544457292889,11.180339887498949,12.36931687685298,13.038404810405298,16.0312195418814,15.03329637837291,18.110770276274835,17.11724276862369,18.681541692269406,17.720045146669353,15.524174696260024,15.132745950421555,15.132745950421555,15.03329637837291,1697810857.3333168
6.4031242374328485,6.324555320336759,4.0,9.219544457292889,12.0,11.045361017187261,12.041594578792294,14.142135623730951,19.026297590440446,17.11724276862369,23.0,25.0,15.297058540778355,21.931712199461305,19.235384061671343,24.698178070456937,18.38477631085024,17.204650534085253,22.360679774997898,16.55294535724685,11.40175425099138,8.94427190999916,8.94427190999916,9.848857801796104,9.219544457292889,11.180339887498949,7.0710678118654755,6.324555320336759,10.816653826391969,15.264337522473749,10.0,8.485281374238571,14.212670403551895,11.40175425099138,9.899494936611665,10.63014581273465,9.433981132056603,9.848857801796104,10.44030650891055,16.0,9.848857801796104,12.206555615733702,15.132745950421555,17.08800749063506,15.231546211727817,16.492422502470642,21.377558326431952,20.0,17.0,13.601470508735444,13.341664064126334,11.704699910719626,1697810857.362933
6.708203932499369,8.94427190999916,10.44030650891055,16.15549442140351,15.231546211727817,18.248287590894655,18.788294228055936,22.472205054244235,24.73863375370596,25.495097567963924,23.086792761230395,32.449961479175904,32.31098884280702,26.419689627245813,24.69817807045694,32.449961479175904,25.80697580112788,23.430749027719962,29.068883707497267,20.615528128088304,23.021728866442675,16.970562748477143,16.278820596099706,13.038404810405298,14.7648230602334,13.152946437965904,12.0,9.848857801796104,13.416407864998739,12.806248474865697,11.704699910719626,13.892443989449806,13.601470508735444,16.401219466856727,15.264337522473749,12.649110640673518,10.816653826391969,11.180339887498949,9.219544457292889,16.0312195418814,18.0,19.235384061671347,21.540659228538015,25.079872407968907,25.01999200639361,29.068883707497264,26.476404589747453,27.892651361962706,24.331050121192874,18.0,21.0,21.377558326431952,1697810857.3689654
8.602325267042627,10.0,12.041594578792294,17.0,16.278820596099706,20.223748416156685,20.0,24.020824298928627,23.021728866442675,26.076809620810597,27.073972741361768,31.144823004794876,32.2490309931942,31.144823004794876,30.26549190084311,32.984845004941285,26.248809496813376,25.942243542145697,20.12461179749811,23.769728648009426,18.439088914585778,17.720045146669353,17.46424919657298,11.180339887498949,10.04987562112089,14.7648230602334,11.40175425099138,13.92838827718412,12.806248474865697,14.212670403551895,12.806248474865697,18.788294228055936,15.264337522473749,14.212670403551895,13.892443989449806,10.816653826391969,10.19803902718557,11.6619037896906,18.110770276274835,16.0312195418814,14.560219778561038,17.46424919657298,23.259406699226012,21.931712199461305,25.63201123595259,25.63201123595259,28.460498941515414,23.345235059857504,20.615528128088304,26.400757564888174,19.849433241279208,23.08679276123039,1697810857.384871
6.324555320336759,33.24154027718932,21.2602916254693,44.181444068749045,18.38477631085024,30.083217912982644,29.546573405388315,35.84689665786985,33.28663395418647,26.076809620810597,27.073972741361768,31.144823004794876,32.2490309931942,31.144823004794876,30.26549190084311,55.56977595779922,44.271887242357316,44.011362169330766,37.64306044943742,27.892651361962706,27.29468812791236,29.068883707497267,26.248809496813372,26.1725046566048,25.455844122715714,21.931712199461305,22.561028345356952,21.095023109728984,25.298221281347036,24.698178070456937,20.8806130178211,27.459060435491963,32.2490309931942,21.377558326431952,17.11724276862369,11.40175425099138,22.472205054244235,20.0,22.02271554554524,34.23448553724738,29.017236257093817,29.427877939124325,35.90264614203249,37.57658845611187,44.598206241955516,43.65775990588614,28.460498941515414,46.69047011971501,41.23105625617661,38.01315561749642,19.849433241279208,36.76955262170048,1697810857.3919072
6.0,6.4031242374328485,9.219544457292887,12.806248474865697,12.806248474865697,14.317821063276352,18.027756377319946,19.209372712298546,19.1049731745428,21.2602916254693,25.0,28.284271247461902,26.870057685088806,26.907248094147423,26.400757564888174,26.400757564888174,24.186773244895647,21.95449840010015,20.591260281974,18.35755975068582,15.652475842498529,15.620499351813308,12.206555615733702,10.63014581273465,10.0,9.219544457292889,11.180339887498949,10.04987562112089,10.19803902718557,11.180339887498949,11.704699910719626,13.892443989449806,13.416407864998739,13.92838827718412,11.704699910719626,8.54400374531753,8.485281374238571,8.54400374531753,10.19803902718557,14.317821063276352,14.560219778561038,16.1245154965971,18.027756377319946,20.09975124224178,22.20360331117452,23.194827009486403,23.769728648009423,23.08679276123039,19.6468827043885,19.235384061671347,18.110770276274835,18.0,1697810857.3978796
5.0,7.0710678118654755,10.44030650891055,14.317821063276352,13.341664064126334,17.46424919657298,21.470910553583888,19.924858845171276,25.298221281347036,23.40939982143925,28.23118842698621,32.28002478313795,30.26549190084311,30.413812651491096,27.294688127912362,32.14031735997639,27.018512172212592,27.073972741361768,23.086792761230395,20.024984394500787,17.029386365926403,16.0312195418814,15.132745950421555,13.341664064126334,12.529964086141668,12.041594578792296,12.727922061357857,12.206555615733702,13.416407864998739,13.92838827718412,13.601470508735444,14.0,18.681541692269406,16.1245154965971,14.317821063276352,13.341664064126334,9.219544457292889,10.295630140987,10.63014581273465,14.866068747318504,17.69180601295413,18.38477631085024,20.615528128088304,22.022715545545243,23.3452350598575,27.58622844826744,26.907248094147423,25.80697580112788,23.60084744241189,21.93171219946131,21.93171219946131,21.400934559032695,1697810857.4155712
8.06225774829855,6.708203932499369,11.6619037896906,13.453624047073712,11.40175425099138,15.652475842498529,19.1049731745428,19.849433241279208,25.612496949731394,23.60084744241189,29.73213749463701,33.24154027718932,31.240998703626616,29.832867780352593,28.0178514522438,32.202484376209235,26.832815729997478,26.400757564888174,21.931712199461305,21.931712199461305,17.08800749063506,17.204650534085253,15.0,12.041594578792296,11.40175425099138,11.704699910719626,12.36931687685298,12.0,12.165525060596437,13.341664064126334,11.704699910719626,16.1245154965971,17.88854381999832,16.15549442140351,14.866068747318506,11.704699910719626,9.219544457292887,9.433981132056603,12.36931687685298,15.297058540778355,18.439088914585778,18.110770276274835,23.086792761230395,24.083189157584588,26.1725046566048,28.284271247461902,27.892651361962706,27.202941017470888,26.248809496813376,23.53720459187964,23.194827009486403,23.021728866442675,1697810857.4445298
8.94427190999916,8.06225774829855,13.152946437965904,17.029386365926403,17.11724276862369,18.110770276274835,21.095023109728984,23.0,25.079872407968907,27.0,31.144823004794876,35.12833614050059,33.37663853655727,33.24154027718932,30.083217912982647,32.7566787083184,27.51363298439521,29.410882339705488,23.706539182259394,21.540659228538015,18.973665961010276,20.024984394500787,18.248287590894655,16.0312195418814,10.770329614269007,14.560219778561038,14.7648230602334,14.422205101855958,13.453624047073712,14.317821063276352,13.892443989449806,14.7648230602334,20.248456731316587,16.1245154965971,16.1245154965971,9.899494936611665,11.180339887498949,11.045361017187261,10.44030650891055,13.892443989449806,13.92838827718412,18.867962264113206,23.021728866442675,22.47220505424423,25.553864678361276,25.079872407968903,29.154759474226502,27.313000567495326,26.0,24.16609194718914,24.186773244895647,22.203603311174515,1697810857.4505305
6.324555320336759,5.8309518948453,7.0710678118654755,11.704699910719626,19.209372712298546,14.212670403551895,18.027756377319946,16.55294535724685,20.808652046684813,21.633307652783937,28.600699292150182,30.4138126514911,31.240998703626616,29.73213749463701,26.419689627245813,27.730849247724095,27.78488797889961,23.259406699226012,25.079872407968903,20.12461179749811,14.422205101855958,13.92838827718412,12.08304597359457,14.212670403551895,10.63014581273465,11.180339887498949,7.0710678118654755,13.152946437965904,9.219544457292889,11.6619037896906,17.029386365926403,17.26267650163207,18.110770276274835,17.08800749063506,19.1049731745428,14.317821063276352,16.970562748477143,12.727922061357857,7.0710678118654755,11.40175425099138,18.027756377319946,19.4164878389476,25.495097567963924,21.213203435596427,23.3452350598575,28.42534080710379,24.69817807045694,30.4138126514911,25.455844122715714,16.401219466856727,19.1049731745428,23.021728866442675,1697810857.4575295
8.602325267042627,4.123105625617661,10.816653826391969,15.620499351813308,13.453624047073712,18.38477631085024,19.4164878389476,21.633307652783937,21.540659228538015,21.95449840010015,26.627053911388693,30.016662039607265,29.154759474226502,27.202941017470888,26.570660511172843,30.083217912982647,26.305892875931807,24.186773244895647,20.39607805437114,19.235384061671347,17.720045146669353,16.76305461424021,14.866068747318506,10.770329614269007,10.295630140987,8.94427190999916,11.704699910719626,11.180339887498949,12.36931687685298,12.041594578792294,12.0,17.26267650163207,19.6468827043885,13.0,16.492422502470642,18.027756377319946,10.04987562112089,14.7648230602334,8.0,16.278820596099706,16.643316977093235,17.4928556845359,21.840329667841555,28.460498941515414,21.18962010041709,24.08318915758459,33.83784863137726,21.93171219946131,23.3452350598575,20.808652046684813,25.495097567963924,18.788294228055936,1697810857.4638638
6.708203932499369,7.0710678118654755,13.038404810405298,15.03329637837291,17.0,20.024984394500787,20.024984394500787,24.083189157584588,26.305892875931807,25.317977802344327,28.017851452243796,32.55764119219941,31.04834939252005,31.016124838541646,29.154759474226502,29.732137494637012,24.596747752497688,24.69817807045694,21.095023109728988,19.4164878389476,18.027756377319946,17.0,13.92838827718412,14.142135623730951,11.045361017187261,11.40175425099138,13.92838827718412,12.206555615733702,11.6619037896906,14.212670403551895,13.453624047073712,17.204650534085253,17.69180601295413,17.029386365926403,15.620499351813308,11.313708498984761,13.038404810405298,12.649110640673518,13.341664064126334,15.297058540778355,17.11724276862369,20.39607805437114,21.02379604162864,23.53720459187964,24.186773244895647,27.294688127912362,27.16615541441225,26.076809620810597,23.086792761230395,21.377558326431952,20.8806130178211,22.135943621178658,1697810857.4927442
5.0,10.04987562112089,13.0,14.866068747318506,15.811388300841898,18.38477631085024,22.472205054244235,23.53720459187964,24.73863375370596,26.68332812825267,30.364452901377952,33.37663853655727,32.0624390837628,31.064449134018133,30.0,33.015148038438355,29.27456233660889,27.459060435491963,23.53720459187964,21.587033144922902,17.26267650163207,17.029386365926403,15.0,12.165525060596437,10.44030650891055,13.453624047073712,15.264337522473749,13.038404810405298,13.0,17.08800749063506,13.038404810405298,17.11724276862369,19.6468827043885,15.297058540778355,18.681541692269406,12.649110640673518,12.041594578792294,12.041594578792294,15.652475842498529,23.3452350598575,17.88854381999832,20.808652046684813,22.472205054244235,32.526911934581186,30.0,20.12461179749811,29.1547594742265,25.0,29.410882339705484,29.0,23.3452350598575,26.1725046566048,1697810857.4987442
4.242640687119286,2.23606797749979,8.246211251235321,15.264337522473749,14.7648230602334,15.652475842498529,19.313207915827967,21.18962010041709,23.769728648009426,22.135943621178658,27.29468812791236,30.675723300355937,28.284271247461902,27.459060435491963,29.068883707497264,31.016124838541643,26.305892875931807,27.073972741361768,18.248287590894655,18.027756377319946,16.0312195418814,15.03329637837291,12.165525060596437,13.341664064126334,10.816653826391969,12.041594578792296,10.0,9.433981132056603,12.165525060596437,12.529964086141668,13.038404810405298,15.03329637837291,17.11724276862369,16.1245154965971,14.0356688476182,11.045361017187261,9.219544457292889,10.44030650891055,10.63014581273465,16.278820596099706,16.278820596099706,18.439088914585774,21.095023109728988,22.203603311174515,25.0,26.248809496813372,26.907248094147423,25.495097567963924,24.041630560342618,22.022715545545243,21.633307652783937,21.95449840010015,1697810857.5171602
10.63014581273465,10.295630140987,12.806248474865697,8.54400374531753,15.03329637837291,21.095023109728988,15.264337522473749,22.627416997969522,20.615528128088304,22.47220505424423,25.80697580112788,24.413111231467404,23.021728866442675,28.42534080710379,25.495097567963924,20.615528128088304,28.0178514522438,29.73213749463701,23.769728648009426,23.430749027719962,15.620499351813308,15.0,9.219544457292887,8.94427190999916,11.180339887498949,10.04987562112089,7.0,2.8284271247461903,7.810249675906654,13.038404810405298,11.40175425099138,12.08304597359457,13.416407864998739,13.453624047073712,7.0710678118654755,8.94427190999916,6.4031242374328485,2.23606797749979,9.055385138137417,13.92838827718412,14.317821063276352,13.038404810405298,19.209372712298546,19.697715603592208,20.248456731316587,21.400934559032695,23.40939982143925,24.596747752497688,21.95449840010015,18.439088914585774,17.804493814764854,15.620499351813308,1697810857.5239198
5.385164807134504,5.385164807134504,9.433981132056603,12.727922061357857,12.806248474865697,16.401219466856727,17.804493814764854,18.38477631085024,21.2602916254693,22.022715545545243,27.58622844826744,29.832867780352593,27.202941017470888,27.202941017470888,27.29468812791236,29.68164415931166,25.942243542145697,23.706539182259394,20.8806130178211,19.924858845171276,18.027756377319946,16.55294535724685,12.529964086141668,10.63014581273465,9.899494936611665,11.40175425099138,12.529964086141668,9.055385138137417,12.165525060596437,11.40175425099138,10.19803902718557,13.0,15.297058540778355,16.0312195418814,9.219544457292889,7.280109889280519,10.295630140987,7.810249675906654,10.295630140987,12.529964086141668,18.248287590894655,16.76305461424021,17.11724276862369,23.345235059857504,20.615528128088304,25.0,25.298221281347036,23.769728648009426,21.02379604162864,19.6468827043885,19.4164878389476,20.09975124224178,1697810857.5330637
4.123105625617661,5.385164807134504,9.055385138137417,13.601470508735444,15.03329637837291,17.26267650163207,20.223748416156685,24.041630560342615,23.769728648009423,26.305892875931807,29.1547594742265,32.55764119219941,29.732137494637012,31.622776601683796,32.64965543462902,34.014702703389894,29.5296461204668,22.80350850198276,25.612496949731394,19.235384061671343,16.643316977093235,18.867962264113206,14.212670403551895,10.19803902718557,9.055385138137417,14.0356688476182,16.1245154965971,13.601470508735444,11.313708498984761,12.806248474865697,13.038404810405298,16.1245154965971,17.804493814764854,15.264337522473749,17.0,10.816653826391969,11.045361017187261,14.0356688476182,13.038404810405298,16.15549442140351,17.720045146669353,19.697715603592208,21.095023109728988,22.47220505424423,26.419689627245813,29.154759474226502,28.460498941515414,27.51363298439521,23.40939982143925,22.360679774997898,21.95449840010015,22.47220505424423,1697810857.550263
6.324555320336759,5.0,8.94427190999916,12.08304597359457,13.416407864998739,17.0,17.4928556845359,19.4164878389476,21.95449840010015,23.3238075793812,28.0178514522438,32.202484376209235,31.144823004794873,31.112698372208094,29.73213749463701,31.144823004794873,28.30194339616981,25.553864678361276,23.259406699226012,19.723082923316017,15.811388300841896,17.0,15.620499351813308,6.0827625302982185,17.4928556845359,11.0,11.0,11.045361017187261,11.180339887498949,12.529964086141668,10.816653826391969,16.643316977093235,16.643316977093235,16.1245154965971,14.7648230602334,11.180339887498949,10.63014581273465,9.433981132056603,12.165525060596437,18.027756377319946,16.278820596099706,19.235384061671347,21.0,23.021728866442675,27.018512172212592,27.0,28.0713376952364,27.294688127912362,23.194827009486403,23.021728866442675,22.02271554554524,23.194827009486403,1697810857.557264
5.385164807134504,3.1622776601683795,5.385164807134504,9.219544457292889,10.295630140987,12.08304597359457,16.55294535724685,15.811388300841898,18.027756377319946,20.6155281280883,25.298221281347036,26.68332812825267,24.515301344262525,27.202941017470888,24.083189157584588,24.73863375370596,25.317977802344327,21.587033144922902,20.024984394500787,16.15549442140351,11.045361017187261,17.029386365926403,9.0,7.280109889280519,7.0710678118654755,8.485281374238571,8.485281374238571,7.211102550927979,12.806248474865697,10.19803902718557,9.0,13.038404810405298,15.132745950421555,14.560219778561038,13.152946437965904,8.54400374531753,8.246211251235321,7.0710678118654755,8.54400374531753,10.295630140987,11.704699910719626,15.231546211727817,18.027756377319946,19.235384061671347,18.439088914585778,21.377558326431952,22.135943621178658,21.540659228538015,20.12461179749811,18.439088914585778,18.439088914585778,19.026297590440446,1697810857.5642633
3.6055512754639896,5.0,4.47213595499958,4.123105625617661,12.041594578792294,13.601470508735444,17.4928556845359,15.811388300841896,18.35755975068582,20.0,23.60084744241189,26.627053911388693,26.248809496813372,22.022715545545243,19.1049731745428,26.907248094147423,20.808652046684813,24.413111231467404,16.1245154965971,14.317821063276352,12.36931687685298,12.727922061357857,13.038404810405298,16.278820596099706,6.708203932499369,8.06225774829855,12.0,8.06225774829855,10.44030650891055,12.206555615733702,6.324555320336759,12.529964086141668,14.422205101855958,14.142135623730951,12.041594578792294,12.165525060596437,7.280109889280519,8.06225774829855,9.0,15.132745950421555,12.041594578792294,15.132745950421555,20.09975124224178,17.11724276862369,19.6468827043885,22.090722034374522,22.0,20.39607805437114,22.090722034374522,20.615528128088304,17.029386365926403,16.492422502470642,1697810857.5698488
6.324555320336759,3.1622776601683795,7.615773105863909,11.180339887498949,12.165525060596437,14.866068747318506,18.38477631085024,20.39607805437114,23.53720459187964,23.53720459187964,26.92582403567252,32.38826948140329,31.016124838541643,31.0,30.14962686336267,31.0,32.14031735997639,25.298221281347036,25.0,20.615528128088304,18.439088914585778,17.11724276862369,14.0356688476182,7.0,9.219544457292889,9.219544457292887,10.0,11.40175425099138,12.08304597359457,11.180339887498949,13.152946437965904,15.297058540778355,16.0,18.248287590894655,14.0,12.041594578792294,10.295630140987,12.08304597359457,11.180339887498949,16.1245154965971,14.866068747318504,18.439088914585774,20.12461179749811,21.470910553583888,23.853720883753127,25.553864678361276,26.627053911388693,25.612496949731394,22.203603311174515,20.12461179749811,20.6155281280883,20.8806130178211,1697810857.5836396
7.211102550927979,6.708203932499369,5.0,5.385164807134504,6.324555320336759,10.0,18.248287590894655,21.377558326431952,23.345235059857504,19.026297590440446,27.294688127912362,37.107950630558946,30.80584360149873,31.622776601683796,28.460498941515414,28.861739379323623,31.38470965295043,27.202941017470888,28.844410203711917,22.80350850198276,20.808652046684813,18.027756377319946,13.892443989449806,12.206555615733702,9.848857801796104,7.615773105863909,10.44030650891055,9.899494936611665,8.94427190999916,12.0,5.0,11.0,22.20360331117452,19.235384061671347,16.15549442140351,6.0,7.211102550927979,6.4031242374328485,9.433981132056603,19.209372712298546,19.4164878389476,19.697715603592208,23.08679276123039,20.615528128088304,28.160255680657446,33.24154027718932,30.364452901377952,29.068883707497267,26.832815729997478,25.079872407968903,22.561028345356952,24.020824298928627,1697810857.6258283
15.652475842498529,15.0,14.560219778561038,5.656854249492381,2.0,3.0,12.041594578792296,11.40175425099138,14.866068747318504,18.439088914585774,20.248456731316587,22.203603311174515,23.021728866442675,24.413111231467404,30.479501308256342,21.93171219946131,27.29468812791236,17.4928556845359,20.615528128088304,18.788294228055936,21.540659228538015,18.35755975068582,18.439088914585774,7.0,6.4031242374328485,8.246211251235321,2.0,5.656854249492381,5.0,9.219544457292887,8.94427190999916,12.041594578792296,11.180339887498949,12.041594578792296,4.242640687119286,7.0710678118654755,8.246211251235321,6.324555320336759,9.433981132056603,13.892443989449806,13.92838827718412,11.704699910719626,13.601470508735444,19.79898987322333,16.278820596099706,16.643316977093235,21.02379604162864,18.027756377319946,21.095023109728988,17.0,13.892443989449806,21.2602916254693,1697810857.6343348
11.0,8.54400374531753,2.0,4.0,4.242640687119286,13.0,10.19803902718557,19.697715603592208,21.213203435596427,21.095023109728984,31.622776601683796,29.427877939124325,32.2490309931942,29.410882339705488,34.52535300326414,37.57658845611187,31.38470965295043,34.785054261852174,25.059928172283335,34.539832078341085,23.706539182259394,17.46424919657298,18.681541692269406,14.866068747318506,10.44030650891055,8.0,8.06225774829855,6.708203932499369,5.0,3.0,3.0,5.8309518948453,5.0,13.453624047073712,10.63014581273465,3.1622776601683795,3.6055512754639896,4.47213595499958,8.602325267042627,15.620499351813308,13.038404810405298,13.453624047073712,16.643316977093235,17.0,19.723082923316017,24.207436873820413,23.853720883753127,24.207436873820413,22.825424421026653,20.6155281280883,19.924858845171276,20.223748416156685,1697810857.812095
14.212670403551895,8.485281374238571,3.6055512754639896,2.0,5.099019513592785,8.602325267042627,14.7648230602334,17.88854381999832,19.723082923316017,23.3238075793812,29.410882339705484,34.132096331752024,33.54101966249685,34.88552708502481,32.69556544854363,38.01315561749642,34.539832078341085,32.89376840679706,30.675723300355937,29.410882339705488,25.0,22.472205054244235,19.697715603592208,16.15549442140351,12.529964086141668,8.485281374238571,9.433981132056603,5.385164807134504,4.123105625617661,2.23606797749979,20.808652046684813,7.280109889280519,10.0,10.04987562112089,10.19803902718557,3.6055512754639896,2.23606797749979,2.8284271247461903,8.94427190999916,13.601470508735444,16.492422502470642,15.03329637837291,16.76305461424021,20.808652046684813,21.095023109728988,20.248456731316587,26.0,25.63201123595259,21.931712199461305,22.022715545545243,21.213203435596427,19.209372712298546,1697810857.8231027
12.08304597359457,9.219544457292887,10.816653826391969,3.6055512754639896,1.0,9.0,12.36931687685298,16.0,19.1049731745428,21.0,25.96150997149434,32.0,28.284271247461902,32.0,29.1547594742265,36.22154055254967,30.59411708155671,32.01562118716424,26.305892875931807,25.709920264364882,22.561028345356952,23.53720459187964,18.248287590894655,17.029386365926403,10.19803902718557,9.486832980505138,8.54400374531753,5.8309518948453,4.47213595499958,7.211102550927979,3.6055512754639896,11.6619037896906,10.0,7.810249675906654,14.560219778561038,4.123105625617661,3.1622776601683795,3.1622776601683795,5.8309518948453,9.899494936611665,13.453624047073712,12.529964086141668,16.1245154965971,17.204650534085253,20.12461179749811,21.470910553583888,22.022715545545243,23.430749027719962,19.4164878389476,18.867962264113206,16.55294535724685,18.248287590894655,1697810857.8378763
13.152946437965904,8.246211251235321,6.324555320336759,2.8284271247461903,2.8284271247461903,7.810249675906654,14.7648230602334,14.866068747318506,18.681541692269406,20.248456731316587,26.476404589747453,32.984845004941285,30.80584360149873,24.351591323771842,30.80584360149873,36.345563690772494,28.861739379323623,31.256999216175565,28.460498941515414,28.635642126552703,23.345235059857504,21.213203435596427,19.6468827043885,11.40175425099138,11.40175425099138,8.94427190999916,9.0,2.0,7.0710678118654755,3.6055512754639896,1.4142135623730951,5.0,13.341664064126334,9.848857801796104,16.15549442140351,19.026297590440446,9.219544457292889,15.264337522473749,9.055385138137417,9.433981132056603,8.94427190999916,15.524174696260024,11.180339887498949,15.620499351813308,15.811388300841896,24.041630560342618,23.60084744241189,22.022715545545243,22.022715545545243,18.027756377319946,14.142135623730951,19.924858845171276,1697810857.8446414
18.027756377319946,7.211102550927979,2.0,5.0,8.0,9.486832980505138,14.866068747318504,17.204650534085253,22.360679774997898,24.698178070456937,26.419689627245813,33.83784863137726,33.52610922848042,38.8329756778952,35.11409973215888,35.73513677041127,37.0,31.780497164141405,29.832867780352593,30.413812651491096,23.53720459187964,24.331050121192874,20.223748416156685,19.235384061671347,15.132745950421555,10.295630140987,11.40175425099138,7.0710678118654755,4.47213595499958,5.385164807134504,4.47213595499958,5.8309518948453,11.40175425099138,9.219544457292887,8.485281374238571,4.47213595499958,4.123105625617661,4.123105625617661,8.246211251235321,12.649110640673518,15.811388300841896,15.264337522473749,15.811388300841898,18.788294228055936,21.840329667841555,25.96150997149434,24.351591323771842,23.259406699226012,23.08679276123039,20.39607805437114,21.0,21.0,1697810857.8516111
12.36931687685298,8.94427190999916,2.23606797749979,6.4031242374328485,7.0710678118654755,10.816653826391969,14.317821063276352,15.03329637837291,19.026297590440446,21.095023109728984,25.01999200639361,30.14962686336267,30.80584360149873,31.57530680769389,28.160255680657446,33.37663853655727,30.59411708155671,24.041630560342615,33.24154027718932,30.463092423455635,16.1245154965971,27.459060435491963,22.135943621178658,16.55294535724685,8.246211251235321,9.0,8.94427190999916,7.211102550927979,5.0,5.099019513592785,6.0827625302982185,9.433981132056603,11.40175425099138,16.970562748477143,8.602325267042627,6.708203932499369,10.63014581273465,2.23606797749979,8.485281374238571,8.602325267042627,15.0,15.556349186104047,15.811388300841896,18.788294228055936,20.591260281974,23.706539182259394,24.413111231467404,24.413111231467404,21.095023109728988,19.6468827043885,18.248287590894655,22.20360331117452,1697810857.8608913
13.341664064126334,9.055385138137417,2.0,4.47213595499958,5.385164807134504,9.219544457292887,17.029386365926403,13.416407864998739,22.80350850198276,22.671568097509265,21.93171219946131,26.832815729997478,24.041630560342618,29.068883707497267,26.400757564888174,27.202941017470888,26.400757564888174,25.079872407968903,23.60084744241189,16.15549442140351,16.643316977093235,19.4164878389476,13.601470508735444,11.180339887498949,8.06225774829855,4.47213595499958,3.1622776601683795,3.0,1.4142135623730951,6.708203932499369,8.246211251235321,6.4031242374328485,9.899494936611665,11.704699910719626,8.246211251235321,4.123105625617661,13.892443989449806,5.0,4.123105625617661,17.029386365926403,11.704699910719626,9.433981132056603,27.0,18.681541692269406,16.1245154965971,25.179356624028344,23.53720459187964,23.194827009486403,19.6468827043885,16.0312195418814,19.1049731745428,18.38477631085024,1697810857.868927
9.486832980505138,3.0,3.6055512754639896,1.4142135623730951,7.211102550927979,9.433981132056603,13.038404810405298,14.142135623730951,19.209372712298546,21.93171219946131,23.3452350598575,26.870057685088806,27.202941017470888,29.068883707497267,24.69817807045694,27.018512172212596,24.69817807045694,28.178005607210743,25.298221281347036,23.259406699226012,19.313207915827967,19.313207915827967,15.231546211727817,15.264337522473749,10.816653826391969,8.602325267042627,10.44030650891055,5.099019513592785,7.280109889280519,6.324555320336759,3.6055512754639896,4.47213595499958,8.54400374531753,11.40175425099138,9.219544457292889,14.560219778561038,11.180339887498949,5.385164807134504,8.94427190999916,11.313708498984761,8.06225774829855,12.727922061357857,6.4031242374328485,23.769728648009423,17.029386365926403,33.060550509633075,18.60107523773827,20.615528128088304,19.4164878389476,25.01999200639361,14.142135623730951,19.026297590440446,1697810857.888678
10.63014581273465,3.0,2.0,8.06225774829855,6.0827625302982185,13.341664064126334,13.341664064126334,18.681541692269406,19.697715603592208,24.041630560342615,28.792360097775934,31.016124838541646,30.675723300355937,27.202941017470888,33.13608305156178,35.17101079013795,34.52535300326414,32.0624390837628,28.0,26.076809620810597,20.09975124224178,21.023796041628636,17.0,14.317821063276352,11.704699910719626,8.602325267042627,10.63014581273465,7.0710678118654755,5.099019513592785,4.0,5.656854249492381,8.54400374531753,12.806248474865697,12.041594578792296,10.295630140987,6.708203932499369,4.123105625617661,3.0,5.8309518948453,14.422205101855958,12.041594578792296,14.7648230602334,17.08800749063506,19.697715603592208,20.248456731316587,22.847319317591726,25.495097567963924,21.95449840010015,21.95449840010015,18.973665961010276,18.439088914585778,18.110770276274835,1697810857.9106798
13.601470508735444,6.324555320336759,9.486832980505138,2.0,20.6155281280883,7.615773105863909,14.0356688476182,13.601470508735444,17.08800749063506,18.788294228055936,21.377558326431952,18.867962264113206,27.16615541441225,25.63201123595259,28.0713376952364,29.832867780352593,23.021728866442675,23.194827009486403,20.615528128088304,20.09975124224178,20.024984394500787,14.866068747318506,9.219544457292889,9.486832980505138,8.54400374531753,5.099019513592785,2.0,8.94427190999916,4.123105625617661,3.1622776601683795,8.0,5.8309518948453,9.219544457292887,10.63014581273465,8.246211251235321,5.0,3.6055512754639896,2.8284271247461903,4.47213595499958,7.0,12.727922061357857,9.848857801796104,19.723082923316017,15.811388300841896,18.38477631085024,22.47220505424423,15.297058540778355,20.8806130178211,24.73863375370596,19.209372712298546,12.727922061357857,16.76305461424021,1697810857.9246843
8.06225774829855,3.0,2.23606797749979,7.0710678118654755,9.0,12.041594578792294,15.0,18.248287590894655,22.02271554554524,21.587033144922902,31.57530680769389,33.015148038438355,33.24154027718932,27.294688127912362,33.54101966249685,34.713109915419565,28.460498941515414,30.083217912982644,26.68332812825267,23.40939982143925,21.840329667841555,19.4164878389476,16.76305461424021,11.704699910719626,4.47213595499958,3.6055512754639896,5.656854249492381,5.8309518948453,6.4031242374328485,5.385164807134504,5.656854249492381,10.295630140987,14.866068747318504,12.041594578792296,13.892443989449806,8.06225774829855,3.1622776601683795,4.47213595499958,7.280109889280519,10.816653826391969,14.142135623730951,13.601470508735444,14.866068747318506,15.524174696260024,22.135943621178658,19.924858845171276,22.472205054244235,23.40939982143925,19.6468827043885,18.248287590894655,19.235384061671347,18.027756377319946,1697810858.0046718
7.280109889280519,3.1622776601683795,5.656854249492381,7.0,9.055385138137417,9.219544457292889,15.132745950421555,17.46424919657298,15.297058540778355,24.083189157584588,22.360679774997898,29.832867780352593,33.060550509633075,31.256999216175565,35.35533905932738,34.92849839314596,27.0,30.0,22.02271554554524,26.0,19.026297590440446,22.20360331117452,21.0,15.297058540778355,16.0312195418814,5.385164807134504,8.485281374238571,4.0,4.47213595499958,4.123105625617661,4.123105625617661,9.219544457292889,10.295630140987,15.0,8.602325267042627,8.94427190999916,9.219544457292887,7.0710678118654755,6.0827625302982185,10.19803902718557,11.704699910719626,10.295630140987,16.0,15.03329637837291,20.0,21.840329667841555,23.021728866442675,22.20360331117452,21.0,19.026297590440446,17.26267650163207,18.027756377319946,1697810858.010674
9.433981132056603,22.80350850198276,8.246211251235321,10.04987562112089,7.810249675906654,3.6055512754639896,21.213203435596427,28.160255680657446,33.015148038438355,18.681541692269406,28.284271247461902,28.861739379323623,28.442925306655788,32.2490309931942,29.61418578992169,30.59411708155671,31.40063693621516,28.0713376952364,23.086792761230395,21.0,23.086792761230395,14.7648230602334,15.264337522473749,8.94427190999916,9.899494936611665,6.4031242374328485,7.211102550927979,2.8284271247461903,3.1622776601683795,5.8309518948453,9.219544457292887,7.0,14.0356688476182,11.40175425099138,7.211102550927979,8.06225774829855,4.0,1.0,7.615773105863909,14.0,13.416407864998739,10.816653826391969,18.38477631085024,19.209372712298546,18.867962264113206,21.931712199461305,23.769728648009426,22.825424421026653,23.3238075793812,18.60107523773827,18.439088914585774,20.248456731316587,1697810858.049277
15.231546211727817,20.024984394500787,20.0,20.223748416156685,18.027756377319946,26.305892875931807,22.360679774997898,31.256999216175565,17.11724276862369,21.023796041628636,28.017851452243796,24.351591323771842,28.160255680657446,20.39607805437114,22.135943621178658,21.540659228538015,23.086792761230395,28.0178514522438,15.811388300841896,18.788294228055936,23.40939982143925,18.38477631085024,10.0,17.804493814764854,17.029386365926403,13.453624047073712,11.180339887498949,13.0,11.180339887498949,13.038404810405298,11.180339887498949,13.152946437965904,7.810249675906654,4.123105625617661,4.242640687119286,9.433981132056603,11.704699910719626,17.029386365926403,18.027756377319946,21.213203435596427,18.027756377319946,20.09975124224178,20.6155281280883,21.931712199461305,24.596747752497688,22.825424421026653,23.3238075793812,20.591260281974,17.804493814764854,15.231546211727817,15.231546211727817,13.341664064126334,1697810858.2817705
13.152946437965904,19.026297590440446,23.021728866442675,18.110770276274835,22.360679774997898,19.0,20.12461179749811,19.313207915827967,15.620499351813308,30.528675044947498,19.849433241279208,26.1725046566048,19.4164878389476,17.804493814764854,11.6619037896906,21.95449840010015,15.652475842498529,16.643316977093235,16.76305461424021,19.6468827043885,19.6468827043885,14.7648230602334,11.180339887498949,14.560219778561038,13.038404810405298,10.04987562112089,6.0827625302982185,8.54400374531753,12.529964086141668,8.54400374531753,11.40175425099138,8.94427190999916,7.0,3.6055512754639896,7.211102550927979,14.317821063276352,12.36931687685298,16.0312195418814,16.278820596099706,19.924858845171276,14.0356688476182,11.704699910719626,18.027756377319946,17.4928556845359,20.591260281974,19.723082923316017,21.400934559032695,13.892443989449806,13.601470508735444,15.0,13.92838827718412,9.0,1697810858.2907605
14.0,21.93171219946131,29.27456233660889,35.17101079013795,28.65309756378881,32.89376840679706,25.179356624028344,18.027756377319946,28.284271247461902,25.495097567963924,22.847319317591726,25.709920264364882,21.023796041628636,11.313708498984761,17.26267650163207,11.40175425099138,13.601470508735444,14.422205101855958,12.206555615733702,17.720045146669353,5.385164807134504,8.54400374531753,9.848857801796104,13.601470508735444,18.027756377319946,11.40175425099138,15.524174696260024,17.0,9.433981132056603,11.180339887498949,11.6619037896906,13.0,7.0,9.0,7.280109889280519,12.165525060596437,10.770329614269007,13.601470508735444,21.023796041628636,16.55294535724685,16.0,13.0,21.095023109728984,23.021728866442675,17.11724276862369,17.08800749063506,20.024984394500787,15.231546211727817,14.0356688476182,13.92838827718412,8.06225774829855,16.15549442140351,1697810858.3111913
17.26267650163207,20.248456731316587,24.186773244895647,17.029386365926403,22.20360331117452,22.090722034374522,20.0,20.024984394500787,22.80350850198276,25.96150997149434,26.019223662515373,26.305892875931807,13.601470508735444,17.720045146669353,13.341664064126334,18.0,11.180339887498949,15.811388300841898,8.94427190999916,11.180339887498949,4.0,10.816653826391969,9.219544457292887,8.602325267042627,11.0,7.0710678118654755,13.0,16.0,8.06225774829855,10.816653826391969,16.401219466856727,12.206555615733702,7.810249675906654,10.0,8.06225774829855,6.708203932499369,14.142135623730951,14.422205101855958,21.095023109728988,20.248456731316587,18.973665961010276,18.867962264113206,19.79898987322333,21.633307652783937,20.591260281974,22.47220505424423,19.209372712298546,15.264337522473749,14.560219778561038,19.235384061671347,12.649110640673518,14.560219778561038,1697810858.3211956
12.36931687685298,14.317821063276352,22.472205054244235,28.284271247461902,22.472205054244235,20.248456731316587,14.866068747318506,31.016124838541643,18.027756377319946,27.018512172212592,28.635642126552703,26.248809496813376,21.470910553583888,23.40939982143925,18.788294228055936,19.924858845171276,13.038404810405298,11.313708498984761,12.041594578792296,11.40175425099138,10.04987562112089,12.165525060596437,11.40175425099138,11.704699910719626,13.601470508735444,12.041594578792296,11.40175425099138,13.416407864998739,11.40175425099138,15.297058540778355,15.297058540778355,11.40175425099138,13.892443989449806,10.04987562112089,8.246211251235321,9.219544457292887,16.15549442140351,15.811388300841896,19.235384061671343,23.08679276123039,18.973665961010276,21.587033144922902,25.079872407968907,22.02271554554524,23.021728866442675,21.023796041628636,25.079872407968907,21.023796041628636,17.26267650163207,15.652475842498529,15.811388300841896,16.278820596099706,1697810858.3360894
19.1049731745428,22.022715545545243,24.69817807045694,24.186773244895647,26.400757564888174,22.825424421026653,22.203603311174515,25.0,28.0178514522438,26.400757564888174,28.30194339616981,27.29468812791236,21.840329667841555,18.973665961010276,16.278820596099706,17.204650534085253,14.7648230602334,12.041594578792294,13.152946437965904,10.19803902718557,5.099019513592785,10.0,7.615773105863909,9.219544457292889,14.142135623730951,12.0,14.142135623730951,13.892443989449806,8.0,8.246211251235321,12.041594578792294,19.4164878389476,14.7648230602334,12.041594578792294,7.615773105863909,9.486832980505138,12.041594578792294,16.1245154965971,17.26267650163207,21.0,19.235384061671347,19.4164878389476,22.847319317591726,22.847319317591726,24.69817807045694,21.095023109728988,23.021728866442675,17.4928556845359,17.204650534085253,16.278820596099706,14.422205101855958,13.92838827718412,1697810858.361678
18.681541692269406,13.341664064126334,23.769728648009423,21.540659228538015,21.470910553583888,25.495097567963924,25.553864678361276,23.706539182259394,26.400757564888174,26.832815729997478,29.410882339705484,26.627053911388693,21.400934559032695,20.615528128088304,18.788294228055936,19.723082923316017,16.278820596099706,11.313708498984761,12.529964086141668,10.44030650891055,6.708203932499369,1.4142135623730951,3.6055512754639896,7.211102550927979,11.045361017187261,8.246211251235321,9.055385138137417,16.0312195418814,10.19803902718557,12.206555615733702,13.416407864998739,13.92838827718412,10.0,9.433981132056603,8.485281374238571,6.0,17.26267650163207,11.180339887498949,18.027756377319946,20.09975124224178,18.248287590894655,17.46424919657298,21.18962010041709,21.02379604162864,21.95449840010015,21.470910553583888,21.95449840010015,18.867962264113206,17.804493814764854,16.278820596099706,14.7648230602334,14.866068747318506,1697810858.4002147
18.681541692269406,20.39607805437114,25.079872407968907,24.020824298928627,25.079872407968907,23.021728866442675,26.076809620810597,25.01999200639361,27.0,28.0,29.068883707497264,27.459060435491963,20.615528128088304,19.1049731745428,24.207436873820413,14.560219778561038,15.0,30.610455730027933,14.142135623730951,7.280109889280519,8.485281374238571,4.123105625617661,4.123105625617661,6.324555320336759,7.810249675906654,8.54400374531753,9.848857801796104,9.219544457292887,8.246211251235321,13.416407864998739,11.180339887498949,12.08304597359457,10.44030650891055,9.0,3.1622776601683795,8.54400374531753,13.341664064126334,19.723082923316017,12.806248474865697,18.867962264113206,21.2602916254693,19.313207915827967,25.612496949731394,17.11724276862369,41.340053217188775,16.0,18.0,25.942243542145697,17.720045146669353,23.194827009486403,19.0,12.529964086141668,1697810858.4081972
12.041594578792294,44.94441010848847,30.4138126514911,16.1245154965971,25.079872407968907,40.0,25.80697580112788,25.495097567963924,20.591260281974,31.906112267087636,34.132096331752024,23.430749027719962,28.600699292150182,26.400757564888174,24.207436873820413,28.42534080710379,21.400934559032695,18.439088914585774,16.1245154965971,15.264337522473749,3.0,5.0,11.180339887498949,14.7648230602334,12.806248474865697,9.219544457292889,6.0827625302982185,5.385164807134504,9.486832980505138,8.0,15.524174696260024,15.03329637837291,8.485281374238571,14.317821063276352,6.0827625302982185,7.211102550927979,21.02379604162864,21.93171219946131,24.08318915758459,19.1049731745428,20.808652046684813,16.55294535724685,29.832867780352593,23.853720883753127,28.65309756378881,22.022715545545243,20.591260281974,18.027756377319946,21.400934559032695,17.46424919657298,16.278820596099706,15.652475842498529,1697810858.4227462
16.15549442140351,19.723082923316017,22.203603311174515,20.248456731316587,25.80697580112788,24.413111231467404,26.627053911388693,26.248809496813372,25.553864678361276,30.80584360149873,33.421549934136806,31.112698372208094,25.495097567963924,21.93171219946131,18.38477631085024,24.69817807045694,19.849433241279208,16.970562748477143,14.212670403551895,10.770329614269007,9.486832980505138,8.0,6.324555320336759,8.06225774829855,8.485281374238571,8.06225774829855,10.816653826391969,10.63014581273465,6.4031242374328485,10.63014581273465,12.806248474865697,15.0,11.6619037896906,9.219544457292887,3.0,6.324555320336759,12.529964086141668,16.401219466856727,17.804493814764854,19.1049731745428,22.022715545545243,19.1049731745428,23.259406699226012,24.596747752497688,21.540659228538015,21.587033144922902,21.540659228538015,21.540659228538015,19.6468827043885,16.0312195418814,14.142135623730951,13.0,1697810858.4302495
16.15549442140351,13.892443989449806,16.970562748477143,22.671568097509265,22.022715545545243,24.041630560342618,25.495097567963924,24.041630560342618,25.495097567963924,25.80697580112788,28.31960451701259,28.31960451701259,22.203603311174515,20.615528128088304,17.69180601295413,20.615528128088304,18.60107523773827,18.38477631085024,13.453624047073712,14.422205101855958,8.54400374531753,7.615773105863909,10.44030650891055,6.0,4.47213595499958,5.099019513592785,3.6055512754639896,5.0,7.280109889280519,5.0,10.63014581273465,10.816653826391969,11.6619037896906,6.4031242374328485,3.6055512754639896,3.1622776601683795,11.313708498984761,12.806248474865697,13.0,16.970562748477143,18.60107523773827,17.08800749063506,17.46424919657298,19.924858845171276,19.313207915827967,22.135943621178658,20.248456731316587,21.02379604162864,12.041594578792294,16.0312195418814,14.0356688476182,13.892443989449806,1697810858.445343
13.416407864998739,18.681541692269406,18.110770276274835,25.0,24.083189157584588,23.021728866442675,27.073972741361768,28.017851452243796,32.0624390837628,30.06659275674582,35.05709628591621,36.22154055254967,30.14962686336267,26.019223662515373,24.0,26.476404589747453,24.331050121192874,21.0,21.023796041628636,15.132745950421555,15.297058540778355,9.0,8.06225774829855,6.708203932499369,7.0,5.0,4.123105625617661,7.0,7.280109889280519,9.055385138137417,9.055385138137417,13.038404810405298,12.08304597359457,9.486832980505138,2.0,6.324555320336759,12.041594578792294,12.0,17.11724276862369,19.1049731745428,18.110770276274835,19.235384061671347,19.697715603592208,19.313207915827967,21.540659228538015,24.16609194718914,21.540659228538015,23.706539182259394,20.591260281974,17.69180601295413,14.866068747318504,15.652475842498529,1697810858.454291
13.152946437965904,19.4164878389476,16.76305461424021,22.135943621178658,19.6468827043885,17.08800749063506,27.459060435491963,23.40939982143925,33.83784863137726,30.083217912982647,30.364452901377952,31.780497164141405,30.016662039607265,34.014702703389894,23.40939982143925,30.26549190084311,29.410882339705488,25.709920264364882,22.360679774997898,17.0,17.26267650163207,16.401219466856727,11.180339887498949,9.848857801796104,6.0827625302982185,4.242640687119286,4.47213595499958,4.47213595499958,10.04987562112089,9.486832980505138,11.180339887498949,12.165525060596437,12.806248474865697,6.324555320336759,6.4031242374328485,2.23606797749979,8.06225774829855,8.94427190999916,14.7648230602334,18.027756377319946,17.204650534085253,18.027756377319946,21.18962010041709,23.08679276123039,22.80350850198276,24.041630560342615,25.317977802344327,23.53720459187964,19.1049731745428,19.1049731745428,15.524174696260024,16.55294535724685,1697810858.4703712
18.973665961010276,13.038404810405298,14.212670403551895,14.317821063276352,7.810249675906654,7.0710678118654755,13.453624047073712,16.76305461424021,27.16615541441225,18.973665961010276,25.0,26.92582403567252,23.53720459187964,24.020824298928627,33.24154027718932,26.1725046566048,20.09975124224178,20.0,22.090722034374522,13.0,8.602325267042627,17.4928556845359,13.152946437965904,12.806248474865697,9.848857801796104,6.0827625302982185,0.0,5.8309518948453,2.23606797749979,0.0,10.0,11.40175425099138,13.453624047073712,9.486832980505138,9.219544457292887,4.123105625617661,6.324555320336759,17.204650534085253,13.601470508735444,15.231546211727817,15.0,13.601470508735444,13.601470508735444,12.041594578792296,12.36931687685298,15.0,17.88854381999832,18.681541692269406,18.027756377319946,9.055385138137417,14.317821063276352,15.264337522473749,1697810858.485381
12.649110640673518,19.6468827043885,23.53720459187964,19.026297590440446,22.360679774997898,21.095023109728984,23.0,24.020824298928627,27.073972741361768,32.0,32.14031735997639,35.0,32.0624390837628,28.017851452243796,22.20360331117452,29.427877939124325,26.68332812825267,19.026297590440446,21.023796041628636,18.0,18.027756377319946,11.180339887498949,11.40175425099138,11.180339887498949,6.708203932499369,3.0,3.6055512754639896,11.180339887498949,3.6055512754639896,13.341664064126334,7.0710678118654755,14.866068747318506,10.816653826391969,9.433981132056603,6.708203932499369,5.0,8.06225774829855,10.44030650891055,14.560219778561038,17.08800749063506,18.38477631085024,17.26267650163207,20.09975124224178,21.023796041628636,24.0,25.01999200639361,25.0,24.020824298928627,22.02271554554524,20.223748416156685,17.720045146669353,16.643316977093235,1697810858.4926271
14.866068747318506,19.697715603592208,24.73863375370596,34.0147027033899,23.021728866442675,31.016124838541643,32.38826948140329,30.80584360149873,34.23448553724738,32.0624390837628,32.01562118716424,39.45883931389771,33.95585369269929,33.060550509633075,26.305892875931807,40.79215610874228,27.0,19.1049731745428,21.840329667841555,18.681541692269406,13.341664064126334,17.11724276862369,10.0,9.055385138137417,7.0710678118654755,2.0,2.8284271247461903,6.0,6.324555320336759,10.19803902718557,11.180339887498949,13.0,10.295630140987,10.816653826391969,6.324555320336759,5.099019513592785,8.246211251235321,9.433981132056603,15.811388300841898,18.973665961010276,17.08800749063506,15.132745950421555,21.587033144922902,22.0,28.017851452243796,24.73863375370596,30.364452901377952,30.06659275674582,18.248287590894655,27.16615541441225,25.179356624028344,26.92582403567252,1697810858.5088606
13.601470508735444,14.142135623730951,17.08800749063506,29.068883707497267,28.792360097775934,17.46424919657298,19.209372712298546,25.079872407968903,21.400934559032695,23.60084744241189,28.178005607210743,30.610455730027933,33.24154027718932,20.808652046684813,23.706539182259394,25.455844122715714,26.627053911388693,21.2602916254693,21.95449840010015,12.727922061357857,15.231546211727817,11.313708498984761,4.47213595499958,10.44030650891055,3.6055512754639896,3.0,2.0,4.47213595499958,8.246211251235321,7.0710678118654755,10.63014581273465,4.0,12.806248474865697,9.433981132056603,5.8309518948453,3.6055512754639896,5.099019513592785,7.211102550927979,9.433981132056603,8.54400374531753,13.453624047073712,15.652475842498529,14.560219778561038,21.377558326431952,18.439088914585778,20.223748416156685,18.248287590894655,20.39607805437114,18.439088914585778,17.204650534085253,17.4928556845359,15.0,1697810858.5179198
15.264337522473749,16.55294535724685,20.248456731316587,19.4164878389476,18.867962264113206,27.58622844826744,18.439088914585774,33.12099032335839,34.48187929913334,28.844410203711917,28.65309756378881,37.53664875824692,29.0,31.144823004794873,30.80584360149873,24.207436873820413,32.2490309931942,24.041630560342618,27.78488797889961,22.360679774997898,25.553864678361276,11.180339887498949,13.0,12.36931687685298,9.0,4.47213595499958,3.1622776601683795,8.06225774829855,7.211102550927979,9.899494936611665,12.041594578792296,12.529964086141668,11.40175425099138,7.0,5.385164807134504,2.23606797749979,7.810249675906654,9.219544457292887,14.866068747318504,18.867962264113206,18.35755975068582,17.204650534085253,21.2602916254693,22.022715545545243,25.495097567963924,26.1725046566048,26.1725046566048,23.3452350598575,20.615528128088304,18.35755975068582,14.866068747318506,16.1245154965971,1697810858.5443587
10.44030650891055,17.26267650163207,19.6468827043885,24.16609194718914,26.92582403567252,23.345235059857504,19.4164878389476,30.083217912982644,38.91015291668744,18.38477631085024,36.796738985948195,30.083217912982644,33.52610922848042,25.495097567963924,33.12099032335839,30.80584360149873,30.016662039607265,26.400757564888174,28.65309756378881,18.027756377319946,11.0,15.556349186104047,18.973665961010276,12.08304597359457,11.180339887498949,5.099019513592785,4.123105625617661,5.385164807134504,7.280109889280519,7.810249675906654,10.770329614269007,10.63014581273465,10.63014581273465,7.211102550927979,4.123105625617661,2.23606797749979,7.615773105863909,13.892443989449806,15.524174696260024,19.924858845171276,19.697715603592208,15.132745950421555,21.095023109728984,22.561028345356952,23.345235059857504,23.086792761230395,30.413812651491096,26.476404589747453,19.6468827043885,17.46424919657298,16.55294535724685,12.806248474865697,1697810858.5614529
23.853720883753127,30.083217912982644,39.05124837953328,33.015148038438355,45.89117562233507,43.18564576337837,39.319206502674994,30.083217912982644,38.91015291668744,18.38477631085024,36.796738985948195,30.083217912982644,33.52610922848042,48.84669896727925,33.54101966249685,30.80584360149873,51.97114584074514,26.400757564888174,28.65309756378881,18.027756377319946,11.0,30.413812651491096,21.587033144922902,12.08304597359457,21.377558326431952,20.615528128088304,10.816653826391969,23.53720459187964,12.08304597359457,17.08800749063506,19.235384061671347,31.112698372208094,18.439088914585774,14.560219778561038,12.529964086141668,13.416407864998739,15.132745950421555,27.51363298439521,27.85677655436824,31.40063693621516,32.7566787083184,31.016124838541643,36.49657518178931,40.79215610874228,35.014282800023196,46.57252408878007,30.413812651491096,42.42640687119285,34.92849839314596,31.304951684997057,25.495097567963924,27.018512172212596,1697810858.5892832
12.806248474865697,18.439088914585774,16.15549442140351,17.804493814764854,15.652475842498529,23.259406699226012,24.16609194718914,20.8806130178211,24.16609194718914,25.079872407968903,30.80584360149873,28.23118842698621,24.596747752497688,22.360679774997898,23.60084744241189,28.284271247461902,22.203603311174515,23.60084744241189,19.849433241279208,20.248456731316587,13.416407864998739,15.264337522473749,14.422205101855958,12.206555615733702,11.6619037896906,7.615773105863909,8.0,5.8309518948453,5.0,6.0827625302982185,8.54400374531753,11.045361017187261,6.708203932499369,5.0,4.123105625617661,2.23606797749979,7.615773105863909,6.4031242374328485,12.727922061357857,17.204650534085253,13.0,10.295630140987,14.866068747318504,16.1245154965971,18.60107523773827,22.80350850198276,21.213203435596427,17.4928556845359,14.142135623730951,15.132745950421555,12.36931687685298,11.704699910719626,1697810858.6123543
12.206555615733702,15.556349186104047,17.88854381999832,18.38477631085024,18.788294228055936,20.248456731316587,22.360679774997898,23.769728648009426,26.832815729997478,27.313000567495326,31.304951684997057,34.43835071544513,29.732137494637012,28.65309756378881,27.313000567495326,34.655446902326915,26.92582403567252,25.942243542145697,24.08318915758459,24.698178070456937,17.88854381999832,20.12461179749811,13.92838827718412,13.0,15.132745950421555,8.0,2.23606797749979,11.180339887498949,8.246211251235321,4.123105625617661,6.0,10.295630140987,12.206555615733702,3.1622776601683795,2.23606797749979,2.23606797749979,8.602325267042627,8.246211251235321,14.142135623730951,18.248287590894655,15.524174696260024,12.041594578792294,18.110770276274835,18.439088914585778,21.377558326431952,20.615528128088304,21.377558326431952,19.235384061671347,15.811388300841898,14.422205101855958,12.041594578792296,13.0,1697810858.6319017
9.219544457292889,17.08800749063506,15.297058540778355,16.55294535724685,14.7648230602334,14.866068747318506,15.620499351813308,18.027756377319946,18.681541692269406,21.95449840010015,20.024984394500787,24.041630560342615,16.1245154965971,21.213203435596427,19.4164878389476,23.086792761230395,19.924858845171276,20.09975124224178,23.021728866442675,14.0356688476182,8.06225774829855,9.219544457292887,6.324555320336759,9.848857801796104,11.180339887498949,4.242640687119286,5.099019513592785,4.242640687119286,10.770329614269007,4.123105625617661,9.0,9.848857801796104,8.54400374531753,10.44030650891055,3.1622776601683795,5.385164807134504,9.0,10.19803902718557,10.770329614269007,12.041594578792296,11.6619037896906,11.180339887498949,13.038404810405298,14.0,16.0312195418814,14.0356688476182,16.0312195418814,14.0356688476182,12.041594578792294,12.08304597359457,9.433981132056603,9.433981132056603,1697810858.661967
14.317821063276352,17.46424919657298,20.09975124224178,18.0,20.09975124224178,20.024984394500787,23.194827009486403,25.179356624028344,24.186773244895647,29.068883707497264,29.27456233660889,31.064449134018133,28.0713376952364,26.019223662515373,23.08679276123039,30.083217912982647,27.459060435491963,23.086792761230395,24.515301344262525,20.223748416156685,19.235384061671347,18.0,13.0,14.560219778561038,14.7648230602334,6.4031242374328485,10.0,7.810249675906654,10.770329614269007,13.416407864998739,9.899494936611665,10.63014581273465,10.44030650891055,7.0710678118654755,1.4142135623730951,6.0827625302982185,7.0,10.0,17.204650534085253,19.849433241279208,17.69180601295413,18.867962264113206,21.18962010041709,21.840329667841555,23.53720459187964,23.345235059857504,23.53720459187964,20.223748416156685,18.027756377319946,17.11724276862369,14.866068747318506,15.0,1697810858.6946635
13.341664064126334,10.19803902718557,17.11724276862369,17.0,17.26267650163207,16.0312195418814,20.615528128088304,18.681541692269406,23.086792761230395,26.68332812825267,26.305892875931807,31.57530680769389,25.0,25.96150997149434,22.02271554554524,16.278820596099706,22.203603311174515,38.600518131237564,27.29468812791236,14.317821063276352,22.472205054244235,7.810249675906654,4.0,9.219544457292887,7.615773105863909,4.0,4.123105625617661,5.385164807134504,5.099019513592785,8.06225774829855,8.06225774829855,8.94427190999916,7.0710678118654755,5.8309518948453,1.0,2.0,7.0710678118654755,10.0,14.0356688476182,16.76305461424021,15.652475842498529,16.15549442140351,17.26267650163207,19.235384061671347,20.39607805437114,20.615528128088304,20.615528128088304,18.973665961010276,15.132745950421555,15.03329637837291,13.341664064126334,14.317821063276352,1697810858.7096522
11.045361017187261,12.0,19.6468827043885,15.652475842498529,18.681541692269406,22.360679774997898,19.026297590440446,21.840329667841555,20.39607805437114,26.248809496813372,26.92582403567252,29.068883707497267,24.186773244895647,23.40939982143925,23.08679276123039,30.26549190084311,28.160255680657446,23.194827009486403,24.698178070456937,14.560219778561038,15.264337522473749,17.720045146669353,12.36931687685298,13.038404810405298,11.40175425099138,6.324555320336759,5.0,6.4031242374328485,6.708203932499369,8.06225774829855,8.94427190999916,10.44030650891055,9.055385138137417,7.0,4.123105625617661,1.0,6.4031242374328485,9.219544457292887,13.601470508735444,16.1245154965971,16.1245154965971,14.422205101855958,17.69180601295413,17.804493814764854,20.0,20.808652046684813,20.0,18.027756377319946,15.264337522473749,13.601470508735444,13.038404810405298,13.341664064126334,1697810858.7166564
14.866068747318506,18.788294228055936,19.6468827043885,22.02271554554524,19.026297590440446,25.079872407968907,31.0,25.317977802344327,20.0,37.0135110466435,35.12833614050059,26.019223662515373,37.85498646149539,25.96150997149434,31.256999216175565,30.364452901377952,32.0624390837628,26.476404589747453,20.8806130178211,30.14962686336267,26.1725046566048,19.924858845171276,19.4164878389476,13.152946437965904,11.180339887498949,11.40175425099138,10.44030650891055,8.06225774829855,12.36931687685298,13.152946437965904,11.180339887498949,14.866068747318504,11.0,9.486832980505138,5.099019513592785,7.211102550927979,12.206555615733702,12.529964086141668,10.44030650891055,23.08679276123039,27.85677655436824,17.029386365926403,21.377558326431952,21.023796041628636,28.284271247461902,23.194827009486403,20.615528128088304,22.20360331117452,17.08800749063506,16.55294535724685,15.620499351813308,17.88854381999832,1697810858.7386413
14.142135623730951,17.88854381999832,10.816653826391969,10.0,10.63014581273465,11.704699910719626,13.0,23.769728648009426,20.248456731316587,16.1245154965971,25.96150997149434,29.546573405388315,25.298221281347036,25.298221281347036,25.495097567963924,28.31960451701259,23.40939982143925,31.04834939252005,30.23243291566195,31.780497164141405,17.11724276862369,16.55294535724685,11.180339887498949,16.15549442140351,11.180339887498949,4.242640687119286,4.47213595499958,4.47213595499958,3.6055512754639896,5.0,7.280109889280519,8.485281374238571,8.06225774829855,7.0,4.123105625617661,2.23606797749979,3.6055512754639896,6.324555320336759,11.045361017187261,14.317821063276352,13.0,12.041594578792294,18.110770276274835,19.1049731745428,22.20360331117452,24.331050121192874,26.1725046566048,25.179356624028344,23.53720459187964,20.6155281280883,18.35755975068582,18.439088914585774,1697810859.0649498
8.94427190999916,8.602325267042627,11.180339887498949,9.486832980505138,13.152946437965904,10.0,12.206555615733702,14.7648230602334,18.973665961010276,19.313207915827967,28.160255680657446,27.85677655436824,29.068883707497267,26.0,25.298221281347036,31.40063693621516,32.57299494980467,27.658633371878665,25.709920264364882,21.470910553583888,23.3238075793812,17.029386365926403,15.620499351813308,19.235384061671347,13.416407864998739,7.810249675906654,5.8309518948453,10.19803902718557,9.486832980505138,7.211102550927979,9.219544457292887,11.0,10.0,2.8284271247461903,1.0,5.0,5.385164807134504,11.045361017187261,7.810249675906654,12.529964086141668,12.529964086141668,10.0,17.029386365926403,20.518284528683193,19.723082923316017,27.459060435491963,27.58622844826744,26.400757564888174,25.059928172283335,23.769728648009426,19.313207915827967,20.39607805437114,1697810859.0853748
8.06225774829855,7.280109889280519,9.486832980505138,8.06225774829855,8.54400374531753,6.0827625302982185,9.0,12.36931687685298,14.0356688476182,18.027756377319946,17.0,22.02271554554524,24.020824298928627,22.02271554554524,19.0,22.80350850198276,23.769728648009423,25.179356624028344,22.360679774997898,21.095023109728984,17.11724276862369,14.142135623730951,12.041594578792294,11.045361017187261,12.649110640673518,5.8309518948453,4.47213595499958,4.123105625617661,1.4142135623730951,2.23606797749979,5.385164807134504,6.0827625302982185,5.0,6.0827625302982185,3.6055512754639896,7.211102550927979,3.6055512754639896,5.0,9.0,11.40175425099138,10.44030650891055,8.246211251235321,16.0,13.0,17.11724276862369,15.03329637837291,18.110770276274835,22.02271554554524,16.1245154965971,16.15549442140351,14.317821063276352,13.601470508735444,1697810859.1356845
8.94427190999916,10.816653826391969,7.810249675906654,11.6619037896906,5.8309518948453,12.165525060596437,10.04987562112089,12.0,15.132745950421555,18.439088914585778,25.179356624028344,28.23118842698621,22.360679774997898,23.194827009486403,22.360679774997898,25.709920264364882,27.16615541441225,24.020824298928627,27.073972741361768,17.26267650163207,19.1049731745428,19.1049731745428,12.08304597359457,11.0,9.055385138137417,5.385164807134504,9.433981132056603,5.8309518948453,1.0,4.123105625617661,5.0,4.242640687119286,8.06225774829855,2.23606797749979,7.615773105863909,4.47213595499958,4.47213595499958,9.486832980505138,12.165525060596437,12.36931687685298,14.0356688476182,4.0,12.649110640673518,19.697715603592208,19.235384061671347,18.027756377319946,21.213203435596427,22.472205054244235,15.524174696260024,16.492422502470642,15.524174696260024,15.0,1697810859.174083
7.615773105863909,24.186773244895647,14.7648230602334,13.453624047073712,12.041594578792296,19.697715603592208,9.219544457292889,13.0,25.942243542145697,26.627053911388693,27.0,37.85498646149539,24.041630560342615,18.110770276274835,29.1547594742265,29.27456233660889,22.0,17.0,17.029386365926403,20.591260281974,5.099019513592785,14.560219778561038,13.92838827718412,3.0,7.615773105863909,5.385164807134504,6.4031242374328485,10.770329614269007,7.211102550927979,6.0827625302982185,8.06225774829855,10.44030650891055,14.866068747318504,10.770329614269007,7.0710678118654755,5.385164807134504,8.0,2.8284271247461903,11.40175425099138,16.1245154965971,14.317821063276352,13.601470508735444,17.204650534085253,18.60107523773827,13.453624047073712,24.839484696748443,24.08318915758459,22.203603311174515,23.60084744241189,18.38477631085024,16.1245154965971,17.46424919657298,1697810859.9078302
5.656854249492381,3.6055512754639896,7.0,7.810249675906654,9.486832980505138,15.811388300841898,17.4928556845359,21.95449840010015,23.3238075793812,21.540659228538015,29.5296461204668,31.064449134018133,26.627053911388693,32.64965543462902,31.064449134018133,33.54101966249685,25.059928172283335,27.85677655436824,25.553864678361276,19.849433241279208,15.0,13.038404810405298,9.433981132056603,7.211102550927979,4.47213595499958,5.656854249492381,2.0,6.324555320336759,7.211102550927979,10.0,7.810249675906654,12.08304597359457,14.422205101855958,12.529964086141668,7.0710678118654755,2.8284271247461903,2.8284271247461903,7.280109889280519,11.180339887498949,14.317821063276352,15.0,19.4164878389476,20.024984394500787,19.235384061671347,23.194827009486403,26.076809620810597,29.068883707497264,27.073972741361768,25.01999200639361,21.377558326431952,22.80350850198276,19.4164878389476,1697810859.9238071
4.47213595499958,2.23606797749979,7.0710678118654755,11.045361017187261,14.317821063276352,16.492422502470642,20.615528128088304,21.18962010041709,25.96150997149434,27.658633371878665,32.28002478313795,37.64306044943742,34.785054261852174,32.31098884280702,31.622776601683796,35.4682957019364,31.38470965295043,25.942243542145697,23.706539182259394,21.633307652783937,18.027756377319946,12.649110640673518,9.219544457292887,7.280109889280519,4.242640687119286,6.0827625302982185,5.385164807134504,5.0,9.899494936611665,9.219544457292887,9.486832980505138,13.601470508735444,16.55294535724685,13.601470508735444,12.206555615733702,6.4031242374328485,3.6055512754639896,7.280109889280519,13.038404810405298,19.4164878389476,18.973665961010276,19.6468827043885,23.086792761230395,24.083189157584588,28.0713376952364,29.068883707497264,31.064449134018133,31.40063693621516,26.076809620810597,23.021728866442675,22.20360331117452,20.248456731316587,1697810859.9447396
4.47213595499958,9.433981132056603,13.416407864998739,8.602325267042627,15.03329637837291,17.46424919657298,16.278820596099706,19.0,26.076809620810597,26.1725046566048,34.132096331752024,35.35533905932738,30.80584360149873,28.284271247461902,22.671568097509265,33.015148038438355,29.068883707497264,24.083189157584588,28.0178514522438,20.248456731316587,12.041594578792294,15.264337522473749,6.4031242374328485,5.656854249492381,5.385164807134504,5.0,5.0,5.099019513592785,6.0827625302982185,8.54400374531753,8.06225774829855,15.524174696260024,19.026297590440446,15.132745950421555,9.219544457292889,5.0,4.123105625617661,11.180339887498949,7.211102550927979,14.560219778561038,18.35755975068582,17.46424919657298,20.248456731316587,19.79898987322333,24.758836806279895,36.796738985948195,29.0,24.207436873820413,25.612496949731394,14.7648230602334,18.027756377319946,15.524174696260024,1697810859.9658544
4.123105625617661,3.6055512754639896,7.0710678118654755,9.433981132056603,11.6619037896906,12.206555615733702,16.643316977093235,17.804493814764854,20.248456731316587,23.3238075793812,28.30194339616981,30.0,28.42534080710379,26.627053911388693,28.600699292150182,31.064449134018133,27.65863337187866,24.758836806279895,21.2602916254693,18.60107523773827,12.806248474865697,8.94427190999916,9.219544457292887,5.099019513592785,2.23606797749979,2.0,3.6055512754639896,6.708203932499369,4.242640687119286,6.324555320336759,12.36931687685298,15.132745950421555,16.76305461424021,15.811388300841896,8.94427190999916,4.47213595499958,2.23606797749979,6.0827625302982185,12.041594578792294,17.0,17.26267650163207,17.029386365926403,20.09975124224178,21.213203435596427,24.331050121192874,25.317977802344327,27.16615541441225,35.0,24.083189157584588,21.18962010041709,18.35755975068582,17.029386365926403,1697810859.9866083
4.123105625617661,1.4142135623730951,6.0,8.06225774829855,12.806248474865697,13.453624047073712,16.401219466856727,15.620499351813308,23.3452350598575,24.758836806279895,28.31960451701259,31.89043743820395,27.80287754891569,26.400757564888174,24.839484696748443,28.0178514522438,26.400757564888174,26.400757564888174,22.47220505424423,17.46424919657298,11.180339887498949,16.1245154965971,4.123105625617661,4.123105625617661,7.280109889280519,2.23606797749979,3.6055512754639896,3.6055512754639896,6.4031242374328485,13.601470508735444,3.1622776601683795,11.6619037896906,15.264337522473749,4.47213595499958,9.219544457292887,4.47213595499958,9.433981132056603,5.8309518948453,11.180339887498949,14.7648230602334,16.278820596099706,24.596747752497688,18.973665961010276,17.11724276862369,23.345235059857504,24.73863375370596,24.515301344262525,25.96150997149434,21.840329667841555,19.026297590440446,17.029386365926403,16.76305461424021,1697810860.0216417
13.453624047073712,4.47213595499958,5.0,12.206555615733702,8.54400374531753,9.486832980505138,11.40175425099138,17.720045146669353,15.231546211727817,20.223748416156685,20.0,27.018512172212592,21.095023109728984,23.08679276123039,26.832815729997478,21.213203435596427,21.095023109728984,19.313207915827967,22.472205054244235,18.248287590894655,15.03329637837291,10.295630140987,6.4031242374328485,1.4142135623730951,7.615773105863909,4.47213595499958,4.123105625617661,5.8309518948453,11.40175425099138,8.06225774829855,14.317821063276352,7.810249675906654,8.54400374531753,12.727922061357857,8.246211251235321,1.0,5.099019513592785,11.40175425099138,11.045361017187261,17.26267650163207,13.92838827718412,12.041594578792294,7.211102550927979,22.360679774997898,18.248287590894655,9.219544457292887,16.278820596099706,18.027756377319946,19.235384061671343,17.88854381999832,13.892443989449806,14.317821063276352,1697810860.040344
2.0,7.0710678118654755,13.038404810405298,9.486832980505138,10.295630140987,15.264337522473749,17.88854381999832,20.591260281974,22.47220505424423,24.698178070456937,29.1547594742265,36.71511950137164,21.400934559032695,26.248809496813372,28.844410203711917,35.38361202590826,30.610455730027933,24.69817807045694,23.853720883753127,20.518284528683193,13.038404810405298,12.529964086141668,8.602325267042627,8.54400374531753,3.6055512754639896,4.47213595499958,1.4142135623730951,4.242640687119286,6.4031242374328485,6.4031242374328485,9.433981132056603,13.0,12.806248474865697,12.041594578792296,10.63014581273465,3.0,4.47213595499958,3.6055512754639896,9.055385138137417,13.341664064126334,12.08304597359457,15.132745950421555,19.0,20.024984394500787,22.02271554554524,24.083189157584588,25.079872407968907,24.0,21.213203435596427,18.439088914585778,17.08800749063506,16.401219466856727,1697810860.0478685
6.324555320336759,5.656854249492381,11.0,2.23606797749979,7.0,23.706539182259394,17.88854381999832,19.209372712298546,24.596747752497688,21.633307652783937,26.907248094147423,31.304951684997057,33.24154027718932,30.4138126514911,27.459060435491963,34.43835071544513,30.886890422961002,29.068883707497267,20.248456731316587,20.591260281974,21.540659228538015,7.615773105863909,6.324555320336759,7.0710678118654755,8.485281374238571,2.23606797749979,2.23606797749979,3.6055512754639896,9.848857801796104,4.47213595499958,14.422205101855958,6.708203932499369,13.453624047073712,17.720045146669353,3.1622776601683795,6.4031242374328485,12.206555615733702,3.1622776601683795,13.92838827718412,11.180339887498949,16.1245154965971,12.529964086141668,25.317977802344327,19.849433241279208,28.65309756378881,31.953090617340916,32.984845004941285,16.1245154965971,17.88854381999832,25.709920264364882,16.0,17.11724276862369,1697810860.066815
15.231546211727817,15.524174696260024,12.041594578792294,8.06225774829855,7.0,7.615773105863909,9.055385138137417,9.433981132056603,10.770329614269007,16.643316977093235,14.866068747318504,18.439088914585774,23.021728866442675,21.95449840010015,23.853720883753127,25.612496949731394,24.839484696748443,26.1725046566048,31.240998703626616,29.410882339705484,21.095023109728988,11.40175425099138,12.529964086141668,14.7648230602334,9.486832980505138,6.4031242374328485,10.0,2.0,6.324555320336759,2.23606797749979,2.8284271247461903,8.246211251235321,9.055385138137417,7.0710678118654755,8.06225774829855,6.0827625302982185,5.656854249492381,6.324555320336759,11.180339887498949,10.770329614269007,7.0710678118654755,7.0710678118654755,16.492422502470642,16.1245154965971,18.110770276274835,20.39607805437114,18.110770276274835,20.223748416156685,17.46424919657298,15.652475842498529,10.63014581273465,10.0,1697810860.3106408
17.204650534085253,14.560219778561038,12.165525060596437,11.045361017187261,10.0,8.06225774829855,8.06225774829855,10.19803902718557,10.295630140987,15.231546211727817,18.60107523773827,22.203603311174515,23.259406699226012,22.825424421026653,20.808652046684813,25.63201123595259,22.847319317591726,25.298221281347036,27.58622844826744,20.8806130178211,16.278820596099706,18.867962264113206,11.704699910719626,18.439088914585778,4.123105625617661,9.848857801796104,8.246211251235321,16.1245154965971,3.1622776601683795,3.1622776601683795,4.123105625617661,3.1622776601683795,10.816653826391969,4.47213595499958,9.433981132056603,5.0,3.0,7.211102550927979,12.165525060596437,13.0,11.0,12.0,14.142135623730951,17.0,18.248287590894655,21.840329667841555,19.1049731745428,19.235384061671347,15.811388300841898,14.317821063276352,11.313708498984761,12.08304597359457,1697810860.3216314
19.026297590440446,15.132745950421555,14.0356688476182,12.0,7.615773105863909,13.92838827718412,4.0,17.204650534085253,19.235384061671343,18.973665961010276,23.853720883753127,26.1725046566048,24.839484696748443,25.495097567963924,25.80697580112788,29.966648127543394,25.079872407968903,23.259406699226012,26.870057685088806,35.38361202590826,25.612496949731394,15.0,9.219544457292887,18.027756377319946,12.041594578792296,5.0,7.810249675906654,11.0,5.0,4.47213595499958,10.0,9.219544457292889,7.0710678118654755,6.0,6.4031242374328485,5.0,5.656854249492381,6.0827625302982185,9.055385138137417,14.560219778561038,16.643316977093235,17.46424919657298,18.027756377319946,18.0,21.095023109728984,23.086792761230395,22.360679774997898,22.02271554554524,19.235384061671347,13.92838827718412,11.6619037896906,12.206555615733702,1697810860.3256338
31.780497164141405,18.439088914585778,16.0,11.045361017187261,12.206555615733702,15.132745950421555,10.295630140987,12.041594578792294,24.331050121192874,24.0,22.135943621178658,25.01999200639361,24.083189157584588,25.179356624028344,29.120439557122076,32.7566787083184,29.546573405388315,29.832867780352593,30.23243291566195,24.596747752497688,26.305892875931807,14.317821063276352,5.8309518948453,20.615528128088304,14.866068747318506,8.06225774829855,7.0710678118654755,8.602325267042627,6.4031242374328485,5.656854249492381,7.211102550927979,10.295630140987,10.816653826391969,8.06225774829855,5.099019513592785,5.099019513592785,5.0,5.8309518948453,7.615773105863909,10.63014581273465,13.601470508735444,12.206555615733702,18.027756377319946,18.439088914585778,19.026297590440446,22.02271554554524,22.20360331117452,22.20360331117452,18.439088914585778,14.317821063276352,12.727922061357857,12.649110640673518,1697810860.3306315
17.11724276862369,13.038404810405298,15.297058540778355,12.649110640673518,8.246211251235321,9.848857801796104,13.601470508735444,10.770329614269007,15.132745950421555,25.0,20.248456731316587,25.0,22.671568097509265,29.154759474226502,24.16609194718914,29.61418578992169,28.460498941515414,31.780497164141405,26.68332812825267,26.92582403567252,21.470910553583888,15.652475842498529,13.0,16.76305461424021,13.453624047073712,8.06225774829855,6.324555320336759,6.708203932499369,4.123105625617661,7.280109889280519,3.1622776601683795,10.295630140987,12.041594578792296,12.041594578792294,13.341664064126334,7.810249675906654,13.038404810405298,8.06225774829855,18.439088914585774,12.165525060596437,13.152946437965904,15.556349186104047,25.495097567963924,22.671568097509265,20.808652046684813,23.853720883753127,28.178005607210743,25.612496949731394,22.825424421026653,18.681541692269406,15.0,11.6619037896906,1697810860.3368223
6.4031242374328485,8.246211251235321,10.44030650891055,12.206555615733702,12.529964086141668,13.341664064126334,16.401219466856727,17.46424919657298,22.847319317591726,25.079872407968903,30.083217912982647,32.69556544854363,27.459060435491963,28.23118842698621,25.495097567963924,31.780497164141405,31.906112267087636,24.413111231467404,25.455844122715714,14.422205101855958,12.806248474865697,9.899494936611665,6.0,5.0,3.1622776601683795,1.0,3.0,4.123105625617661,6.708203932499369,7.280109889280519,15.264337522473749,14.142135623730951,16.492422502470642,17.11724276862369,11.045361017187261,8.0,5.656854249492381,6.324555320336759,11.313708498984761,16.278820596099706,18.867962264113206,19.1049731745428,21.633307652783937,20.615528128088304,24.08318915758459,24.413111231467404,25.612496949731394,24.041630560342618,19.209372712298546,18.027756377319946,18.027756377319946,18.110770276274835,1697810860.6636415
8.602325267042627,8.602325267042627,14.866068747318506,13.892443989449806,14.560219778561038,15.297058540778355,16.76305461424021,20.8806130178211,23.259406699226012,28.792360097775934,34.205262752974136,29.832867780352593,31.57530680769389,30.06659275674582,29.068883707497264,26.68332812825267,27.16615541441225,27.018512172212592,23.08679276123039,13.92838827718412,11.045361017187261,10.04987562112089,8.06225774829855,6.708203932499369,3.6055512754639896,7.0710678118654755,5.656854249492381,8.94427190999916,12.041594578792296,9.219544457292887,11.313708498984761,17.804493814764854,17.69180601295413,12.529964086141668,12.08304597359457,6.4031242374328485,11.180339887498949,9.219544457292887,16.643316977093235,23.3452350598575,21.400934559032695,18.439088914585774,27.459060435491963,25.238858928247925,31.38470965295043,30.870698080866262,29.546573405388315,27.202941017470888,26.92582403567252,23.53720459187964,21.213203435596427,20.09975124224178,1697810860.6819904
7.0710678118654755,2.23606797749979,13.038404810405298,11.6619037896906,8.94427190999916,14.866068747318504,18.027756377319946,16.278820596099706,13.038404810405298,20.808652046684813,21.93171219946131,24.596747752497688,25.612496949731394,26.1725046566048,21.95449840010015,19.1049731745428,18.973665961010276,15.264337522473749,20.39607805437114,11.704699910719626,13.416407864998739,7.810249675906654,4.123105625617661,2.23606797749979,3.6055512754639896,5.0,0.0,6.324555320336759,9.219544457292887,13.453624047073712,14.212670403551895,10.816653826391969,11.6619037896906,7.810249675906654,5.385164807134504,5.656854249492381,5.385164807134504,3.6055512754639896,8.54400374531753,15.264337522473749,13.601470508735444,18.60107523773827,20.6155281280883,20.615528128088304,20.808652046684813,20.248456731316587,20.248456731316587,19.209372712298546,19.4164878389476,16.76305461424021,18.110770276274835,13.038404810405298,1697810860.6919923
27.85677655436824,33.060550509633075,30.59411708155671,31.780497164141405,26.400757564888174,34.539832078341085,35.84689665786985,31.76476034853718,29.120439557122076,42.5440947723653,36.68787265568829,39.20459156782532,31.827660925679098,31.0,21.95449840010015,36.05551275463989,31.38470965295043,36.013886210738214,22.090722034374522,28.23118842698621,10.295630140987,11.6619037896906,15.620499351813308,16.1245154965971,10.04987562112089,12.165525060596437,7.211102550927979,7.0710678118654755,12.529964086141668,9.0,18.027756377319946,18.788294228055936,19.849433241279208,23.345235059857504,9.899494936611665,16.492422502470642,1.4142135623730951,21.540659228538015,30.06659275674582,38.01315561749642,25.01999200639361,24.16609194718914,32.64965543462902,31.622776601683796,34.058772731852805,39.824615503479755,35.84689665786985,30.479501308256342,31.112698372208094,30.413812651491096,19.723082923316017,19.1049731745428,1697810860.7056623
7.0,9.055385138137417,15.132745950421555,16.76305461424021,19.1049731745428,20.024984394500787,21.587033144922902,26.019223662515373,31.256999216175565,28.0,36.05551275463989,36.345563690772494,36.22154055254967,40.496913462633174,34.058772731852805,33.95585369269929,30.083217912982647,26.400757564888174,22.135943621178658,18.35755975068582,13.038404810405298,9.055385138137417,5.099019513592785,1.4142135623730951,3.1622776601683795,7.810249675906654,7.0710678118654755,9.486832980505138,21.377558326431952,11.704699910719626,11.045361017187261,20.09975124224178,21.095023109728984,13.92838827718412,10.04987562112089,6.708203932499369,7.0710678118654755,11.180339887498949,14.142135623730951,22.360679774997898,25.495097567963924,27.892651361962706,27.073972741361768,29.017236257093817,28.284271247461902,33.0,32.01562118716424,34.132096331752024,27.073972741361768,23.53720459187964,19.697715603592208,22.360679774997898,1697810860.7218578
6.4031242374328485,9.219544457292887,14.142135623730951,15.811388300841896,15.0,17.204650534085253,19.209372712298546,22.203603311174515,24.839484696748443,27.202941017470888,31.400636936215164,32.64965543462902,34.48187929913334,27.29468812791236,27.78488797889961,31.780497164141405,29.120439557122076,25.0,23.53720459187964,14.0356688476182,10.04987562112089,3.1622776601683795,8.602325267042627,0.0,5.0,7.0710678118654755,3.6055512754639896,9.899494936611665,8.06225774829855,11.045361017187261,11.180339887498949,15.811388300841898,18.248287590894655,11.40175425099138,9.0,5.8309518948453,7.280109889280519,9.055385138137417,14.560219778561038,20.223748416156685,20.0,21.587033144922902,23.08679276123039,24.041630560342615,26.570660511172843,28.160255680657446,28.160255680657446,28.635642126552703,23.08679276123039,18.60107523773827,23.3238075793812,19.209372712298546,1697810860.7405252
15.03329637837291,9.219544457292887,14.212670403551895,13.601470508735444,13.601470508735444,16.970562748477143,18.867962264113206,23.3452350598575,23.194827009486403,33.61547262794323,21.18962010041709,34.40930106817051,27.313000567495326,28.0178514522438,27.29468812791236,29.68164415931166,26.92582403567252,21.540659228538015,20.024984394500787,16.278820596099706,6.0827625302982185,7.280109889280519,4.123105625617661,1.0,4.123105625617661,7.0,4.47213595499958,9.219544457292887,8.06225774829855,10.0,13.038404810405298,15.620499351813308,15.811388300841896,15.231546211727817,9.899494936611665,12.649110640673518,11.045361017187261,16.76305461424021,14.317821063276352,28.284271247461902,19.79898987322333,20.808652046684813,19.6468827043885,19.209372712298546,30.14962686336267,33.421549934136806,17.0,26.92582403567252,23.08679276123039,28.017851452243796,18.973665961010276,22.20360331117452,1697810860.7574642
5.0,13.152946437965904,12.36931687685298,15.811388300841898,15.652475842498529,20.8806130178211,17.11724276862369,21.540659228538015,26.0,29.1547594742265,31.304951684997057,35.35533905932738,29.5296461204668,26.076809620810597,28.0178514522438,27.78488797889961,28.30194339616981,22.627416997969522,20.518284528683193,17.88854381999832,9.219544457292887,7.0710678118654755,4.123105625617661,1.0,3.6055512754639896,7.0,5.8309518948453,7.280109889280519,12.806248474865697,9.899494936611665,14.866068747318504,20.0,17.204650534085253,12.806248474865697,10.295630140987,5.8309518948453,7.0,8.602325267042627,15.556349186104047,21.95449840010015,19.209372712298546,23.60084744241189,26.1725046566048,23.430749027719962,29.068883707497267,29.73213749463701,29.20616373302047,28.31960451701259,27.202941017470888,23.021728866442675,20.248456731316587,20.39607805437114,1697810860.7664628
12.806248474865697,17.029386365926403,18.248287590894655,23.53720459187964,18.788294228055936,28.23118842698621,33.83784863137726,37.107950630558946,38.27531841800928,40.162171256046406,41.62931659299729,35.35533905932738,42.19004621945797,40.521599178709614,35.35533905932738,49.47726750741192,35.440090293338706,36.40054944640259,31.57530680769389,13.601470508735444,20.6155281280883,15.297058540778355,6.4031242374328485,9.219544457292887,7.280109889280519,14.142135623730951,11.40175425099138,16.278820596099706,14.422205101855958,13.152946437965904,27.16615541441225,20.0,21.18962010041709,20.0,19.235384061671343,8.485281374238571,24.413111231467404,15.03329637837291,28.178005607210743,28.23118842698621,34.539832078341085,33.54101966249685,40.80441152620634,39.84971769034255,42.37924020083418,45.880278987817846,47.434164902525694,46.61544808322667,41.10960958218893,38.63935817272331,35.05709628591621,35.22782990761707,1697810860.7738698
6.708203932499369,12.08304597359457,17.46424919657298,18.027756377319946,20.808652046684813,23.3238075793812,26.076809620810597,26.92582403567252,38.27531841800928,40.162171256046406,40.01249804748512,47.50789408087881,46.75467891024384,43.9317652729776,44.59820624195551,44.40720662234903,36.359317925395686,29.73213749463701,27.51363298439521,23.769728648009426,10.816653826391969,7.211102550927979,5.099019513592785,1.4142135623730951,8.602325267042627,7.615773105863909,13.601470508735444,23.3238075793812,17.46424919657298,25.80697580112788,20.248456731316587,17.69180601295413,29.966648127543394,22.135943621178658,19.235384061671343,7.0710678118654755,9.0,11.180339887498949,18.867962264113206,30.413812651491096,30.463092423455635,30.016662039607265,30.610455730027933,30.23243291566195,34.713109915419565,35.4682957019364,36.235341863986875,36.400549446402586,30.610455730027933,29.0,27.202941017470888,25.942243542145697,1697810860.7830021
15.0,15.231546211727817,18.35755975068582,26.248809496813372,26.076809620810597,25.238858928247925,31.827660925679098,29.20616373302047,37.64306044943742,40.36087214122114,41.10960958218894,48.270073544588676,46.40043103248072,46.04345773288535,42.80186911806539,44.20407221060069,35.510561809129406,34.014702703389894,26.248809496813376,18.439088914585778,10.44030650891055,7.211102550927979,5.0,3.1622776601683795,6.0827625302982185,11.180339887498949,13.0,15.297058540778355,16.76305461424021,18.38477631085024,20.591260281974,24.186773244895647,25.079872407968903,20.8806130178211,17.46424919657298,11.40175425099138,11.40175425099138,12.36931687685298,20.12461179749811,27.730849247724095,26.570660511172843,28.635642126552703,38.41874542459709,30.23243291566195,40.71854614300466,42.5440947723653,38.47076812334269,42.43819034784589,33.83784863137726,30.4138126514911,28.600699292150182,29.546573405388315,1697810860.825276
5.0,9.899494936611665,15.0,16.643316977093235,17.204650534085253,18.439088914585774,21.2602916254693,23.430749027719962,27.202941017470888,28.600699292150182,32.526911934581186,35.510561809129406,31.38470965295043,32.28002478313795,29.5296461204668,31.906112267087636,26.92582403567252,23.194827009486403,21.095023109728984,15.297058540778355,13.341664064126334,6.708203932499369,7.211102550927979,4.123105625617661,4.47213595499958,7.810249675906654,6.0,10.19803902718557,3.6055512754639896,8.94427190999916,10.44030650891055,17.720045146669353,18.027756377319946,13.0,13.892443989449806,5.385164807134504,4.123105625617661,9.0,13.416407864998739,16.643316977093235,19.697715603592208,17.029386365926403,25.0,24.839484696748443,25.238858928247925,29.698484809834998,34.713109915419565,28.31960451701259,22.671568097509265,22.203603311174515,20.591260281974,18.973665961010276,1697810860.8666756
5.099019513592785,7.280109889280519,11.704699910719626,13.416407864998739,14.317821063276352,15.652475842498529,18.788294228055936,19.697715603592208,23.259406699226012,25.942243542145697,28.635642126552703,30.528675044947498,27.459060435491963,26.627053911388693,25.80697580112788,26.627053911388693,23.430749027719962,20.518284528683193,17.029386365926403,13.038404810405298,7.211102550927979,5.0,3.0,1.4142135623730951,3.1622776601683795,6.324555320336759,6.708203932499369,7.0710678118654755,9.219544457292887,9.433981132056603,11.180339887498949,13.416407864998739,14.422205101855958,11.40175425099138,9.433981132056603,5.385164807134504,3.6055512754639896,6.708203932499369,11.180339887498949,15.811388300841898,16.15549442140351,17.46424919657298,20.223748416156685,21.213203435596427,23.086792761230395,24.186773244895647,24.331050121192874,23.53720459187964,19.1049731745428,17.029386365926403,15.524174696260024,15.652475842498529,1697810860.8941116
6.0827625302982185,9.055385138137417,12.165525060596437,14.317821063276352,14.142135623730951,16.278820596099706,19.235384061671347,20.223748416156685,24.186773244895647,25.179356624028344,28.160255680657446,29.61418578992169,27.892651361962706,26.68332812825267,24.041630560342615,26.92582403567252,22.472205054244235,20.12461179749811,17.4928556845359,12.206555615733702,7.810249675906654,4.47213595499958,3.1622776601683795,1.0,3.1622776601683795,5.656854249492381,6.324555320336759,8.06225774829855,8.06225774829855,10.04987562112089,11.045361017187261,13.0,13.152946437965904,10.04987562112089,8.246211251235321,8.94427190999916,5.385164807134504,3.6055512754639896,16.55294535724685,20.09975124224178,18.0,20.39607805437114,21.840329667841555,23.53720459187964,23.769728648009423,24.698178070456937,27.51363298439521,24.73863375370596,20.248456731316587,16.643316977093235,16.278820596099706,18.867962264113206,1697810860.9051104
5.0,10.04987562112089,14.317821063276352,13.416407864998739,18.110770276274835,14.866068747318506,16.15549442140351,17.26267650163207,22.135943621178658,21.931712199461305,23.40939982143925,27.313000567495326,25.495097567963924,24.596747752497688,23.3238075793812,23.706539182259394,20.0,17.69180601295413,14.142135623730951,10.0,7.0710678118654755,4.47213595499958,3.0,1.4142135623730951,4.123105625617661,6.324555320336759,6.708203932499369,7.810249675906654,9.219544457292887,10.63014581273465,10.816653826391969,14.212670403551895,13.453624047073712,10.63014581273465,8.485281374238571,5.0,4.123105625617661,7.0710678118654755,10.816653826391969,15.0,16.278820596099706,17.204650534085253,19.723082923316017,19.723082923316017,21.470910553583888,22.360679774997898,22.825424421026653,21.095023109728988,19.235384061671343,17.08800749063506,15.524174696260024,15.0,1697810860.9284708
8.06225774829855,13.038404810405298,17.08800749063506,18.38477631085024,18.788294228055936,16.55294535724685,18.35755975068582,22.203603311174515,22.022715545545243,20.248456731316587,31.400636936215164,30.016662039607265,27.80287754891569,24.08318915758459,24.69817807045694,26.248809496813372,20.591260281974,18.027756377319946,20.615528128088304,13.416407864998739,6.708203932499369,4.47213595499958,4.123105625617661,3.6055512754639896,6.708203932499369,8.0,6.324555320336759,11.045361017187261,16.401219466856727,12.206555615733702,11.40175425099138,15.652475842498529,16.401219466856727,13.453624047073712,5.8309518948453,9.848857801796104,0.0,12.041594578792294,24.16609194718914,20.518284528683193,15.556349186104047,17.804493814764854,23.259406699226012,21.213203435596427,11.6619037896906,19.1049731745428,20.12461179749811,19.1049731745428,20.024984394500787,19.4164878389476,16.278820596099706,15.297058540778355,1697810860.9616218
19.4164878389476,28.178005607210743,39.92492955535426,41.7612260356422,42.44997055358225,41.7612260356422,18.35755975068582,22.203603311174515,22.022715545545243,20.248456731316587,31.400636936215164,30.016662039607265,27.80287754891569,24.08318915758459,24.69817807045694,26.248809496813372,20.591260281974,18.027756377319946,41.10960958218893,28.792360097775934,16.1245154965971,23.706539182259394,10.04987562112089,2.23606797749979,13.341664064126334,21.2602916254693,21.840329667841555,23.53720459187964,34.014702703389894,25.01999200639361,11.40175425099138,15.652475842498529,16.401219466856727,13.453624047073712,5.8309518948453,9.848857801796104,23.430749027719962,21.18962010041709,32.57299494980467,20.518284528683193,15.556349186104047,17.804493814764854,23.259406699226012,21.213203435596427,11.6619037896906,19.1049731745428,20.12461179749811,19.1049731745428,20.024984394500787,19.4164878389476,16.278820596099706,15.297058540778355,1697810860.9792855
16.278820596099706,22.671568097509265,34.655446902326915,39.395431207184416,27.313000567495326,9.848857801796104,18.35755975068582,38.600518131237564,22.022715545545243,31.064449134018133,42.37924020083418,30.016662039607265,27.658633371878665,24.08318915758459,50.08991914547277,49.16299421312742,38.3275357934736,37.0,32.0624390837628,23.769728648009426,21.95449840010015,6.4031242374328485,13.416407864998739,5.385164807134504,4.242640687119286,13.341664064126334,6.4031242374328485,15.620499351813308,31.064449134018133,30.0,27.018512172212592,29.068883707497264,16.401219466856727,18.027756377319946,21.587033144922902,6.0827625302982185,14.7648230602334,21.587033144922902,31.016124838541646,36.124783736376884,35.12833614050059,24.839484696748443,42.05948168962618,39.81205847478876,11.6619037896906,19.1049731745428,47.16990566028302,45.79301256742124,20.024984394500787,37.48332962798262,38.18376618407357,32.802438933713454,1697810860.9901254
16.401219466856727,8.246211251235321,18.60107523773827,19.697715603592208,18.681541692269406,18.681541692269406,12.041594578792296,12.806248474865697,26.248809496813372,22.825424421026653,21.633307652783937,18.867962264113206,27.202941017470888,32.202484376209235,19.79898987322333,26.1725046566048,27.80287754891569,17.204650534085253,18.439088914585774,17.0,6.708203932499369,5.099019513592785,8.94427190999916,5.0,4.47213595499958,3.1622776601683795,10.0,5.099019513592785,11.6619037896906,10.295630140987,9.433981132056603,16.643316977093235,14.7648230602334,9.055385138137417,4.0,12.041594578792294,2.8284271247461903,2.23606797749979,11.40175425099138,17.4928556845359,14.866068747318506,18.110770276274835,23.0,16.278820596099706,20.0,23.021728866442675,23.086792761230395,23.021728866442675,20.223748416156685,15.297058540778355,13.341664064126334,12.529964086141668,1697810861.037689
13.038404810405298,9.219544457292889,14.560219778561038,14.317821063276352,19.4164878389476,19.697715603592208,25.942243542145697,26.92582403567252,33.83784863137726,34.43835071544513,37.12142238654117,32.202484376209235,30.0,26.627053911388693,23.60084744241189,30.528675044947498,26.1725046566048,21.2602916254693,15.264337522473749,14.212670403551895,10.63014581273465,1.0,4.47213595499958,2.0,4.47213595499958,6.324555320336759,6.4031242374328485,9.848857801796104,10.770329614269007,13.341664064126334,14.317821063276352,16.492422502470642,16.55294535724685,12.08304597359457,9.486832980505138,6.0827625302982185,5.8309518948453,10.19803902718557,14.0356688476182,18.248287590894655,19.235384061671347,20.0,25.079872407968907,25.079872407968907,26.076809620810597,27.294688127912362,27.073972741361768,25.179356624028344,22.360679774997898,20.248456731316587,18.35755975068582,18.439088914585774,1697810861.083534
11.6619037896906,11.180339887498949,22.847319317591726,15.132745950421555,16.278820596099706,15.03329637837291,23.769728648009426,22.561028345356952,24.839484696748443,29.832867780352593,29.832867780352593,21.540659228538015,27.51363298439521,24.69817807045694,21.377558326431952,20.39607805437114,24.16609194718914,18.439088914585778,15.231546211727817,9.433981132056603,3.1622776601683795,6.4031242374328485,2.23606797749979,3.0,6.0827625302982185,8.54400374531753,4.47213595499958,8.485281374238571,10.0,10.295630140987,9.433981132056603,14.7648230602334,11.313708498984761,9.899494936611665,6.708203932499369,4.47213595499958,4.47213595499958,9.055385138137417,14.0356688476182,14.317821063276352,18.0,17.11724276862369,22.0,19.235384061671347,22.02271554554524,20.024984394500787,27.16615541441225,16.76305461424021,21.931712199461305,15.03329637837291,19.4164878389476,16.55294535724685,1697810861.2055602
12.806248474865697,16.401219466856727,18.60107523773827,19.849433241279208,22.627416997969522,19.235384061671343,19.209372712298546,23.3238075793812,27.313000567495326,29.966648127543394,33.83784863137726,36.235341863986875,29.0,26.627053911388693,24.08318915758459,27.459060435491963,21.400934559032695,19.209372712298546,18.439088914585774,11.180339887498949,7.0710678118654755,6.4031242374328485,3.6055512754639896,1.0,8.246211251235321,7.280109889280519,6.0,9.219544457292889,9.219544457292889,10.770329614269007,12.206555615733702,18.027756377319946,13.0,7.615773105863909,5.8309518948453,6.708203932499369,5.099019513592785,8.54400374531753,13.453624047073712,17.804493814764854,16.643316977093235,16.970562748477143,19.4164878389476,23.021728866442675,20.808652046684813,24.186773244895647,25.238858928247925,21.2602916254693,18.867962264113206,14.560219778561038,15.0,14.0356688476182,1697810861.3231566
16.76305461424021,20.615528128088304,14.7648230602334,18.248287590894655,18.681541692269406,16.278820596099706,17.08800749063506,18.681541692269406,22.135943621178658,26.1725046566048,27.658633371878665,31.016124838541643,27.294688127912362,23.345235059857504,20.0,23.086792761230395,20.0,16.0,13.341664064126334,11.0,6.708203932499369,4.123105625617661,1.0,3.6055512754639896,5.0,3.6055512754639896,4.123105625617661,10.63014581273465,10.63014581273465,10.0,10.63014581273465,11.6619037896906,10.63014581273465,8.06225774829855,10.295630140987,6.4031242374328485,4.47213595499958,7.0,12.649110640673518,15.620499351813308,12.649110640673518,15.811388300841898,18.681541692269406,18.681541692269406,20.39607805437114,21.377558326431952,19.924858845171276,18.681541692269406,16.278820596099706,13.038404810405298,11.704699910719626,13.892443989449806,1697810861.3341744
11.40175425099138,14.317821063276352,21.840329667841555,19.1049731745428,23.194827009486403,22.561028345356952,23.769728648009423,19.026297590440446,23.259406699226012,26.92582403567252,35.510561809129406,32.0624390837628,22.090722034374522,21.587033144922902,21.587033144922902,23.086792761230395,20.09975124224178,18.788294228055936,19.235384061671347,8.06225774829855,5.0,7.0,4.242640687119286,4.123105625617661,5.385164807134504,7.211102550927979,9.055385138137417,12.041594578792294,12.36931687685298,15.0,11.045361017187261,15.132745950421555,14.317821063276352,11.40175425099138,9.055385138137417,4.123105625617661,11.0,12.041594578792294,13.601470508735444,18.027756377319946,17.11724276862369,17.26267650163207,22.360679774997898,22.47220505424423,24.186773244895647,25.238858928247925,23.60084744241189,22.47220505424423,17.69180601295413,15.0,14.317821063276352,14.142135623730951,1697810861.3401797
12.0,14.560219778561038,19.697715603592208,21.540659228538015,21.470910553583888,18.973665961010276,16.55294535724685,24.186773244895647,19.313207915827967,23.853720883753127,20.248456731316587,29.1547594742265,15.811388300841898,21.470910553583888,18.027756377319946,24.596747752497688,17.029386365926403,14.7648230602334,12.041594578792296,3.1622776601683795,6.324555320336759,3.6055512754639896,3.0,9.219544457292889,6.4031242374328485,17.46424919657298,7.211102550927979,2.23606797749979,12.08304597359457,10.04987562112089,19.6468827043885,11.40175425099138,8.06225774829855,10.0,5.385164807134504,7.615773105863909,5.8309518948453,9.055385138137417,4.47213595499958,22.360679774997898,18.027756377319946,19.026297590440446,20.39607805437114,22.80350850198276,23.08679276123039,21.377558326431952,22.561028345356952,19.924858845171276,14.317821063276352,10.295630140987,11.180339887498949,14.7648230602334,1697810861.5882485
14.866068747318506,20.39607805437114,21.931712199461305,22.135943621178658,21.95449840010015,23.3238075793812,21.633307652783937,26.68332812825267,26.400757564888174,32.31098884280702,26.92582403567252,33.24154027718932,25.059928172283335,26.0,19.697715603592208,24.698178070456937,18.788294228055936,15.811388300841896,17.69180601295413,17.029386365926403,13.152946437965904,5.099019513592785,4.0,2.8284271247461903,8.94427190999916,6.4031242374328485,7.211102550927979,12.041594578792296,9.219544457292887,13.601470508735444,13.601470508735444,12.727922061357857,11.6619037896906,5.385164807134504,2.0,8.485281374238571,10.816653826391969,13.92838827718412,18.788294228055936,19.723082923316017,21.400934559032695,20.6155281280883,22.561028345356952,25.0,24.515301344262525,22.360679774997898,24.041630560342615,19.4164878389476,17.26267650163207,14.560219778561038,16.15549442140351,13.892443989449806,1697810861.6254523
27.459060435491963,26.400757564888174,30.364452901377952,36.235341863986875,36.40054944640259,32.2490309931942,33.61547262794323,35.440090293338706,26.400757564888174,43.65775990588614,47.29693436154187,46.52956049652737,39.56008088970497,27.51363298439521,30.083217912982647,39.81205847478876,32.01562118716424,27.202941017470888,29.1547594742265,26.68332812825267,20.223748416156685,13.0,9.848857801796104,13.0,15.620499351813308,15.0,18.439088914585774,20.0,21.95449840010015,22.825424421026653,22.825424421026653,19.723082923316017,15.231546211727817,10.770329614269007,9.219544457292887,17.804493814764854,26.248809496813372,31.240998703626616,35.805027579936315,19.723082923316017,21.400934559032695,20.6155281280883,42.95346318982906,25.0,45.69463863518345,47.29693436154187,24.041630560342615,38.07886552931954,31.016124838541643,32.2490309931942,28.23118842698621,26.832815729997478,1697810861.6476727
32.802438933713454,28.600699292150182,9.848857801796104,12.041594578792294,26.0,31.780497164141405,18.38477631085024,21.587033144922902,32.449961479175904,17.0,26.400757564888174,21.095023109728984,9.055385138137417,20.591260281974,15.0,26.92582403567252,22.0,24.698178070456937,24.73863375370596,21.0,13.416407864998739,25.495097567963924,13.038404810405298,6.708203932499369,13.152946437965904,19.026297590440446,13.152946437965904,14.560219778561038,12.806248474865697,10.0,11.6619037896906,13.341664064126334,6.0827625302982185,14.0,4.47213595499958,18.248287590894655,8.602325267042627,26.400757564888174,23.430749027719962,15.231546211727817,26.400757564888174,15.556349186104047,17.4928556845359,23.769728648009426,19.1049731745428,26.0,11.180339887498949,18.973665961010276,11.180339887498949,5.8309518948453,15.0,13.152946437965904,1697810861.9848115
20.248456731316587,22.847319317591726,25.238858928247925,22.360679774997898,14.560219778561038,21.02379604162864,18.38477631085024,20.248456731316587,21.470910553583888,25.298221281347036,25.553864678361276,17.720045146669353,17.46424919657298,13.341664064126334,13.341664064126334,17.11724276862369,14.317821063276352,11.40175425099138,18.027756377319946,14.212670403551895,13.892443989449806,15.811388300841896,15.0,16.1245154965971,17.46424919657298,16.55294535724685,16.643316977093235,15.0,15.556349186104047,16.15549442140351,23.3238075793812,11.6619037896906,10.44030650891055,7.0710678118654755,10.63014581273465,11.40175425099138,17.4928556845359,19.723082923316017,21.02379604162864,16.55294535724685,17.08800749063506,19.235384061671347,22.090722034374522,20.0,21.023796041628636,22.20360331117452,15.524174696260024,15.811388300841898,12.649110640673518,11.704699910719626,8.06225774829855,8.06225774829855,1697810862.0044205
26.076809620810597,25.238858928247925,28.42534080710379,22.671568097509265,22.022715545545243,18.973665961010276,22.360679774997898,29.966648127543394,28.65309756378881,25.298221281347036,25.059928172283335,19.723082923316017,16.643316977093235,13.416407864998739,14.422205101855958,14.422205101855958,15.556349186104047,16.278820596099706,16.1245154965971,16.76305461424021,17.029386365926403,19.1049731745428,12.165525060596437,14.142135623730951,25.179356624028344,15.132745950421555,13.601470508735444,10.19803902718557,11.180339887498949,15.264337522473749,11.180339887498949,21.840329667841555,7.211102550927979,8.94427190999916,2.23606797749979,8.602325267042627,13.416407864998739,20.615528128088304,18.60107523773827,19.4164878389476,17.804493814764854,18.38477631085024,18.248287590894655,17.720045146669353,17.46424919657298,16.492422502470642,17.720045146669353,17.029386365926403,11.0,6.708203932499369,4.242640687119286,10.816653826391969,1697810862.0381327
24.698178070456937,26.0,30.463092423455635,26.92582403567252,25.298221281347036,22.847319317591726,23.345235059857504,23.53720459187964,26.1725046566048,27.658633371878665,26.476404589747453,25.298221281347036,21.470910553583888,14.866068747318506,16.278820596099706,18.973665961010276,13.416407864998739,15.620499351813308,19.209372712298546,20.12461179749811,23.769728648009423,8.94427190999916,20.8806130178211,18.439088914585778,19.313207915827967,17.46424919657298,18.788294228055936,25.553864678361276,15.0,15.811388300841896,24.596747752497688,12.806248474865697,9.486832980505138,3.0,5.385164807134504,9.899494936611665,16.1245154965971,14.317821063276352,18.027756377319946,12.649110640673518,15.811388300841898,18.027756377319946,21.0,17.08800749063506,19.026297590440446,14.0356688476182,14.0356688476182,11.180339887498949,9.0,7.211102550927979,8.485281374238571,9.486832980505138,1697810862.0583909
22.671568097509265,26.907248094147423,33.30165161069342,28.844410203711917,20.0,21.18962010041709,24.69817807045694,18.027756377319946,25.80697580112788,23.853720883753127,30.4138126514911,22.022715545545243,21.840329667841555,12.08304597359457,17.204650534085253,23.430749027719962,12.041594578792296,21.633307652783937,13.0,18.027756377319946,16.76305461424021,18.110770276274835,16.492422502470642,16.0312195418814,11.045361017187261,8.485281374238571,13.0,17.0,17.26267650163207,10.04987562112089,17.720045146669353,7.280109889280519,13.341664064126334,4.47213595499958,10.770329614269007,13.892443989449806,13.152946437965904,21.840329667841555,24.207436873820413,7.211102550927979,22.022715545545243,19.209372712298546,18.38477631085024,17.029386365926403,17.204650534085253,15.811388300841896,10.816653826391969,10.816653826391969,9.848857801796104,2.23606797749979,6.4031242374328485,8.06225774829855,1697810862.0673907
20.518284528683193,20.615528128088304,25.495097567963924,20.518284528683193,17.804493814764854,15.620499351813308,17.46424919657298,18.027756377319946,19.924858845171276,20.8806130178211,21.18962010041709,19.697715603592208,15.652475842498529,15.524174696260024,13.601470508735444,19.4164878389476,17.26267650163207,17.08800749063506,17.88854381999832,20.12461179749811,16.55294535724685,21.02379604162864,14.317821063276352,16.278820596099706,19.4164878389476,15.811388300841898,14.7648230602334,17.08800749063506,19.209372712298546,17.69180601295413,17.029386365926403,15.0,9.219544457292887,3.6055512754639896,5.385164807134504,10.44030650891055,12.0,15.297058540778355,18.110770276274835,17.0,14.7648230602334,13.416407864998739,18.027756377319946,12.36931687685298,8.54400374531753,14.0356688476182,13.0,6.4031242374328485,4.123105625617661,5.385164807134504,1.4142135623730951,6.324555320336759,1697810862.1081562
4.242640687119286,35.0,26.832815729997478,17.804493814764854,30.413812651491096,11.40175425099138,21.400934559032695,9.433981132056603,18.38477631085024,19.209372712298546,14.317821063276352,23.3452350598575,9.0,3.6055512754639896,10.04987562112089,12.0,18.248287590894655,19.026297590440446,21.023796041628636,20.8806130178211,24.16609194718914,25.079872407968903,22.80350850198276,18.60107523773827,18.38477631085024,10.770329614269007,18.38477631085024,19.1049731745428,5.099019513592785,18.027756377319946,12.0,14.142135623730951,2.23606797749979,4.123105625617661,3.1622776601683795,11.40175425099138,13.0,15.811388300841896,25.80697580112788,16.0312195418814,12.806248474865697,14.866068747318506,9.433981132056603,14.866068747318504,24.69817807045694,13.453624047073712,13.92838827718412,6.708203932499369,2.23606797749979,5.099019513592785,7.0,9.219544457292887,1697810862.1161563
18.110770276274835,11.40175425099138,10.816653826391969,17.46424919657298,25.0,12.165525060596437,34.36568055487917,13.601470508735444,15.231546211727817,23.769728648009426,23.021728866442675,19.209372712298546,11.180339887498949,12.529964086141668,21.95449840010015,15.0,16.1245154965971,12.08304597359457,11.180339887498949,12.165525060596437,17.204650534085253,15.132745950421555,24.0,12.36931687685298,10.63014581273465,13.341664064126334,11.180339887498949,14.866068747318506,10.04987562112089,23.259406699226012,7.211102550927979,10.44030650891055,4.123105625617661,7.280109889280519,10.19803902718557,11.0,10.816653826391969,14.0356688476182,16.492422502470642,10.770329614269007,14.7648230602334,13.0,18.867962264113206,18.439088914585774,12.206555615733702,8.0,12.08304597359457,7.211102550927979,5.099019513592785,7.280109889280519,7.810249675906654,2.0,1697810862.1308675
33.95585369269929,24.331050121192874,26.305892875931807,23.345235059857504,22.561028345356952,22.472205054244235,20.248456731316587,22.847319317591726,21.540659228538015,19.313207915827967,22.847319317591726,18.027756377319946,15.132745950421555,15.297058540778355,14.142135623730951,16.1245154965971,15.03329637837291,17.26267650163207,17.46424919657298,17.46424919657298,16.643316977093235,21.633307652783937,15.264337522473749,20.808652046684813,22.360679774997898,17.0,18.110770276274835,18.110770276274835,18.110770276274835,17.720045146669353,12.165525060596437,10.770329614269007,6.324555320336759,4.123105625617661,7.810249675906654,10.0,8.246211251235321,10.63014581273465,18.027756377319946,14.866068747318504,15.811388300841896,13.0,16.492422502470642,17.720045146669353,16.492422502470642,14.560219778561038,12.36931687685298,10.44030650891055,6.0827625302982185,4.123105625617661,2.8284271247461903,5.385164807134504,1697810862.141929
27.78488797889961,31.906112267087636,29.1547594742265,27.459060435491963,25.553864678361276,25.942243542145697,23.08679276123039,24.698178070456937,26.400757564888174,25.059928172283335,26.400757564888174,23.3452350598575,16.55294535724685,13.601470508735444,5.8309518948453,12.041594578792296,16.1245154965971,15.811388300841898,21.0,16.1245154965971,19.849433241279208,25.553864678361276,19.924858845171276,20.248456731316587,21.02379604162864,18.027756377319946,15.03329637837291,18.027756377319946,17.0,17.08800749063506,25.0,18.027756377319946,15.132745950421555,10.295630140987,4.242640687119286,11.180339887498949,11.40175425099138,12.806248474865697,18.439088914585774,18.681541692269406,17.11724276862369,19.313207915827967,21.400934559032695,25.238858928247925,24.207436873820413,20.808652046684813,19.209372712298546,17.029386365926403,12.041594578792296,9.219544457292887,10.816653826391969,10.0,1697810862.1629882
20.518284528683193,21.470910553583888,16.55294535724685,17.69180601295413,15.556349186104047,19.4164878389476,24.16609194718914,23.706539182259394,16.76305461424021,24.596747752497688,26.1725046566048,22.472205054244235,24.596747752497688,26.400757564888174,27.018512172212596,26.907248094147423,26.076809620810597,27.313000567495326,25.238858928247925,20.8806130178211,24.596747752497688,16.492422502470642,16.278820596099706,14.7648230602334,14.7648230602334,12.206555615733702,12.041594578792296,13.601470508735444,14.142135623730951,13.453624047073712,13.892443989449806,12.041594578792296,10.0,6.324555320336759,1.0,4.47213595499958,8.06225774829855,11.0,14.0356688476182,14.142135623730951,13.152946437965904,13.0,14.560219778561038,15.811388300841898,18.973665961010276,19.924858845171276,19.6468827043885,18.973665961010276,15.231546211727817,12.806248474865697,11.40175425099138,11.704699910719626,1697810862.342377
17.46424919657298,18.38477631085024,19.723082923316017,15.652475842498529,17.08800749063506,17.08800749063506,19.313207915827967,19.697715603592208,20.248456731316587,23.40939982143925,24.698178070456937,26.832815729997478,24.596747752497688,23.769728648009426,22.472205054244235,27.202941017470888,25.298221281347036,26.92582403567252,24.16609194718914,24.596747752497688,21.095023109728988,18.35755975068582,16.55294535724685,17.0,15.652475842498529,11.704699910719626,13.038404810405298,15.0,12.0,12.041594578792294,11.0,12.165525060596437,8.94427190999916,4.242640687119286,2.23606797749979,6.0827625302982185,7.810249675906654,9.899494936611665,13.038404810405298,13.892443989449806,14.422205101855958,13.453624047073712,17.204650534085253,17.204650534085253,19.235384061671343,21.02379604162864,20.591260281974,19.723082923316017,17.0,14.866068747318506,13.038404810405298,13.341664064126334,1697810862.359623
14.317821063276352,15.132745950421555,15.03329637837291,15.03329637837291,12.041594578792294,13.0,16.1245154965971,15.03329637837291,17.11724276862369,20.39607805437114,21.587033144922902,25.317977802344327,22.360679774997898,21.18962010041709,22.472205054244235,25.553864678361276,26.419689627245813,25.059928172283335,26.400757564888174,21.931712199461305,19.697715603592208,20.808652046684813,14.212670403551895,18.38477631085024,17.204650534085253,10.0,10.0,12.041594578792294,12.165525060596437,10.44030650891055,7.615773105863909,7.0,6.4031242374328485,14.0356688476182,18.38477631085024,5.8309518948453,13.152946437965904,18.027756377319946,13.416407864998739,10.295630140987,10.816653826391969,9.433981132056603,12.529964086141668,13.416407864998739,14.317821063276352,17.08800749063506,16.76305461424021,16.76305461424021,14.317821063276352,13.0,11.40175425099138,11.40175425099138,1697810862.379664
13.601470508735444,15.811388300841896,18.867962264113206,14.560219778561038,15.231546211727817,14.866068747318506,15.0,16.278820596099706,18.027756377319946,19.6468827043885,26.92582403567252,26.476404589747453,20.39607805437114,19.1049731745428,18.0,27.459060435491963,23.769728648009426,26.076809620810597,25.317977802344327,24.73863375370596,16.278820596099706,18.248287590894655,15.231546211727817,13.92838827718412,14.142135623730951,11.40175425099138,10.63014581273465,11.6619037896906,8.94427190999916,9.219544457292887,8.54400374531753,8.246211251235321,7.280109889280519,6.324555320336759,2.23606797749979,2.23606797749979,4.0,8.06225774829855,9.055385138137417,10.0,10.0,9.848857801796104,9.486832980505138,12.08304597359457,13.341664064126334,18.027756377319946,12.0,22.847319317591726,17.029386365926403,13.152946437965904,9.848857801796104,11.40175425099138,1697810862.423195
18.0,22.090722034374522,22.80350850198276,15.297058540778355,20.09975124224178,17.11724276862369,18.973665961010276,21.840329667841555,20.615528128088304,22.20360331117452,26.076809620810597,31.32091952673165,21.540659228538015,34.23448553724738,22.360679774997898,32.55764119219941,25.63201123595259,30.083217912982647,28.792360097775934,27.313000567495326,22.472205054244235,22.847319317591726,16.492422502470642,19.6468827043885,17.26267650163207,9.055385138137417,13.152946437965904,15.03329637837291,10.19803902718557,13.152946437965904,13.341664064126334,13.0,11.313708498984761,9.433981132056603,2.23606797749979,8.485281374238571,8.06225774829855,13.601470508735444,19.235384061671343,14.7648230602334,24.351591323771842,19.6468827043885,19.79898987322333,14.866068747318506,26.92582403567252,21.2602916254693,26.92582403567252,17.029386365926403,19.1049731745428,16.1245154965971,11.045361017187261,12.0,1697810862.465964
19.1049731745428,15.811388300841898,19.235384061671343,14.317821063276352,21.931712199461305,18.973665961010276,17.46424919657298,18.027756377319946,18.027756377319946,21.840329667841555,27.892651361962706,30.413812651491096,23.08679276123039,27.459060435491963,24.186773244895647,33.61547262794323,22.847319317591726,23.769728648009426,28.635642126552703,18.248287590894655,20.248456731316587,14.866068747318506,24.16609194718914,16.492422502470642,17.46424919657298,12.206555615733702,16.1245154965971,13.341664064126334,14.317821063276352,8.06225774829855,13.0,12.041594578792296,9.055385138137417,10.44030650891055,5.0,4.0,1.0,6.0,10.770329614269007,20.024984394500787,15.297058540778355,9.486832980505138,14.560219778561038,16.55294535724685,20.12461179749811,19.723082923316017,21.931712199461305,22.360679774997898,20.248456731316587,14.212670403551895,12.206555615733702,9.055385138137417,1697810862.4804225
16.0312195418814,17.029386365926403,18.681541692269406,14.866068747318506,16.492422502470642,15.811388300841898,15.652475842498529,15.231546211727817,20.39607805437114,20.8806130178211,28.792360097775934,28.65309756378881,18.973665961010276,23.60084744241189,28.792360097775934,29.154759474226502,21.095023109728988,29.1547594742265,22.135943621178658,29.410882339705488,18.38477631085024,12.36931687685298,11.40175425099138,18.35755975068582,11.180339887498949,8.94427190999916,10.0,13.0,14.0,13.0,7.810249675906654,14.866068747318506,10.295630140987,2.8284271247461903,2.0,3.6055512754639896,10.44030650891055,5.0,6.0827625302982185,9.219544457292889,11.180339887498949,14.560219778561038,14.142135623730951,16.0,15.03329637837291,17.26267650163207,17.26267650163207,18.027756377319946,16.0312195418814,12.36931687685298,8.94427190999916,10.816653826391969,1697810862.4865892
11.0,13.0,18.439088914585778,13.92838827718412,11.180339887498949,13.92838827718412,14.317821063276352,19.924858845171276,16.1245154965971,27.16615541441225,26.92582403567252,29.427877939124325,23.08679276123039,29.27456233660889,28.635642126552703,31.32091952673165,21.18962010041709,32.55764119219941,29.017236257093817,23.08679276123039,22.360679774997898,17.029386365926403,10.295630140987,12.041594578792294,20.39607805437114,9.219544457292889,11.6619037896906,14.866068747318504,18.788294228055936,10.63014581273465,14.212670403551895,8.602325267042627,7.810249675906654,10.63014581273465,5.8309518948453,7.0710678118654755,8.06225774829855,3.6055512754639896,9.486832980505138,17.804493814764854,10.0,14.866068747318506,14.560219778561038,15.03329637837291,20.024984394500787,20.39607805437114,20.09975124224178,19.4164878389476,16.278820596099706,13.038404810405298,7.280109889280519,7.211102550927979,1697810862.528482
12.08304597359457,12.36931687685298,16.970562748477143,9.899494936611665,13.601470508735444,14.142135623730951,17.029386365926403,15.0,16.1245154965971,17.0,26.570660511172843,24.041630560342618,23.259406699226012,29.068883707497267,26.627053911388693,28.792360097775934,26.627053911388693,21.18962010041709,21.470910553583888,18.35755975068582,21.18962010041709,15.652475842498529,16.492422502470642,14.422205101855958,15.0,9.055385138137417,12.806248474865697,13.341664064126334,12.041594578792294,11.0,6.324555320336759,8.94427190999916,8.602325267042627,2.0,4.0,6.324555320336759,5.0,7.0710678118654755,11.704699910719626,9.433981132056603,7.280109889280519,9.219544457292889,14.317821063276352,9.055385138137417,15.231546211727817,19.1049731745428,18.0,14.317821063276352,12.041594578792294,9.848857801796104,7.810249675906654,10.816653826391969,1697810862.5344903
12.041594578792294,15.264337522473749,9.433981132056603,12.165525060596437,9.899494936611665,15.524174696260024,16.278820596099706,17.08800749063506,17.4928556845359,19.235384061671343,24.515301344262525,25.96150997149434,27.892651361962706,21.213203435596427,29.732137494637012,27.16615541441225,29.1547594742265,34.0147027033899,25.495097567963924,17.26267650163207,21.095023109728988,17.88854381999832,13.152946437965904,17.46424919657298,16.278820596099706,10.0,12.041594578792294,12.806248474865697,10.04987562112089,9.219544457292889,8.54400374531753,5.099019513592785,11.40175425099138,8.602325267042627,3.1622776601683795,10.816653826391969,9.848857801796104,5.0,13.0,15.811388300841896,17.029386365926403,17.88854381999832,14.317821063276352,14.0356688476182,16.1245154965971,15.231546211727817,12.041594578792294,7.810249675906654,13.601470508735444,6.4031242374328485,15.620499351813308,10.295630140987,1697810862.542001
13.601470508735444,10.04987562112089,9.055385138137417,9.0,15.132745950421555,15.132745950421555,17.11724276862369,17.11724276862369,14.560219778561038,19.4164878389476,26.68332812825267,28.017851452243796,27.018512172212592,30.413812651491096,24.020824298928627,29.154759474226502,28.0713376952364,32.55764119219941,24.331050121192874,18.681541692269406,19.0,23.021728866442675,16.278820596099706,18.788294228055936,18.973665961010276,13.416407864998739,12.206555615733702,10.63014581273465,10.63014581273465,9.219544457292887,11.40175425099138,12.08304597359457,6.0827625302982185,5.656854249492381,7.0710678118654755,6.0827625302982185,6.0827625302982185,8.06225774829855,13.152946437965904,12.649110640673518,10.19803902718557,11.180339887498949,13.601470508735444,16.0312195418814,19.026297590440446,17.11724276862369,19.026297590440446,15.03329637837291,13.0,11.6619037896906,10.295630140987,9.055385138137417,1697810862.5505164
9.848857801796104,9.486832980505138,9.0,4.47213595499958,12.529964086141668,11.180339887498949,14.0356688476182,12.041594578792294,12.165525060596437,13.341664064126334,21.377558326431952,19.235384061671347,21.0,16.492422502470642,17.08800749063506,20.615528128088304,25.298221281347036,24.698178070456937,20.808652046684813,24.351591323771842,16.1245154965971,17.029386365926403,13.601470508735444,9.899494936611665,14.212670403551895,9.899494936611665,9.0,10.770329614269007,9.848857801796104,11.180339887498949,13.152946437965904,10.770329614269007,7.0710678118654755,2.8284271247461903,4.0,1.4142135623730951,0.0,7.810249675906654,10.770329614269007,5.099019513592785,11.180339887498949,10.295630140987,9.055385138137417,16.278820596099706,13.601470508735444,12.806248474865697,13.453624047073712,13.601470508735444,12.727922061357857,9.0,3.0,5.0,1697810862.5575244
21.93171219946131,18.788294228055936,20.248456731316587,13.601470508735444,9.848857801796104,15.231546211727817,16.76305461424021,18.867962264113206,24.08318915758459,21.633307652783937,33.941125496954285,23.3238075793812,28.460498941515414,28.178005607210743,19.723082923316017,23.08679276123039,34.52535300326414,22.847319317591726,36.796738985948195,24.207436873820413,18.60107523773827,20.12461179749811,23.40939982143925,20.39607805437114,21.377558326431952,17.0,15.0,12.041594578792294,17.029386365926403,19.4164878389476,10.770329614269007,17.26267650163207,15.231546211727817,12.727922061357857,4.47213595499958,2.0,5.8309518948453,12.36931687685298,16.76305461424021,16.1245154965971,14.142135623730951,12.806248474865697,15.231546211727817,24.69817807045694,23.706539182259394,20.591260281974,20.0,18.439088914585774,13.416407864998739,13.0,9.055385138137417,11.0,1697810862.5645242
19.849433241279208,22.360679774997898,17.720045146669353,19.1049731745428,15.231546211727817,10.770329614269007,10.19803902718557,16.1245154965971,13.341664064126334,12.041594578792294,24.041630560342615,29.120439557122076,14.560219778561038,26.0,14.560219778561038,23.769728648009426,20.615528128088304,25.709920264364882,9.848857801796104,19.235384061671347,19.697715603592208,8.06225774829855,19.4164878389476,14.142135623730951,16.0312195418814,10.0,12.206555615733702,12.806248474865697,13.453624047073712,12.727922061357857,13.892443989449806,12.08304597359457,8.06225774829855,8.06225774829855,5.8309518948453,6.708203932499369,7.280109889280519,5.0,23.021728866442675,15.620499351813308,10.770329614269007,15.524174696260024,17.46424919657298,22.80350850198276,20.39607805437114,18.0,21.095023109728984,14.0,13.038404810405298,7.615773105863909,12.206555615733702,12.529964086141668,1697810862.5744193
17.029386365926403,18.867962264113206,21.2602916254693,8.54400374531753,11.180339887498949,12.36931687685298,15.811388300841896,12.206555615733702,13.892443989449806,18.439088914585774,23.40939982143925,24.186773244895647,17.46424919657298,11.40175425099138,14.560219778561038,16.1245154965971,23.0,26.248809496813376,20.615528128088304,29.1547594742265,23.194827009486403,17.029386365926403,15.524174696260024,18.110770276274835,15.0,11.180339887498949,10.295630140987,15.264337522473749,12.08304597359457,12.806248474865697,11.180339887498949,13.601470508735444,11.180339887498949,6.0,2.8284271247461903,2.23606797749979,6.4031242374328485,9.848857801796104,12.529964086141668,17.4928556845359,15.652475842498529,15.297058540778355,17.720045146669353,14.317821063276352,19.235384061671347,20.024984394500787,18.027756377319946,17.029386365926403,14.0356688476182,11.40175425099138,7.0710678118654755,12.08304597359457,1697810862.5801623
11.6619037896906,12.041594578792296,18.027756377319946,10.44030650891055,9.433981132056603,6.4031242374328485,19.235384061671343,20.223748416156685,17.46424919657298,13.601470508735444,23.706539182259394,18.0,23.08679276123039,18.110770276274835,13.0,18.439088914585778,20.223748416156685,19.1049731745428,20.248456731316587,18.248287590894655,20.09975124224178,24.0,20.39607805437114,17.88854381999832,13.92838827718412,11.180339887498949,14.142135623730951,13.0,8.54400374531753,12.041594578792294,10.44030650891055,9.486832980505138,12.165525060596437,4.47213595499958,5.0,3.6055512754639896,5.0,8.06225774829855,11.40175425099138,13.92838827718412,11.045361017187261,5.099019513592785,20.615528128088304,18.60107523773827,15.652475842498529,17.4928556845359,14.422205101855958,18.38477631085024,9.899494936611665,9.848857801796104,7.0710678118654755,8.54400374531753,1697810862.5876343
20.09975124224178,17.720045146669353,22.135943621178658,17.11724276862369,14.317821063276352,16.278820596099706,19.4164878389476,18.248287590894655,22.360679774997898,23.021728866442675,17.08800749063506,28.0713376952364,22.0,30.14962686336267,19.6468827043885,22.20360331117452,18.0,17.46424919657298,25.079872407968907,22.02271554554524,15.132745950421555,9.219544457292889,19.0,11.0,12.36931687685298,14.142135623730951,14.560219778561038,17.4928556845359,9.486832980505138,14.142135623730951,16.278820596099706,20.6155281280883,6.324555320336759,5.385164807134504,5.8309518948453,4.47213595499958,9.219544457292887,12.041594578792294,10.44030650891055,13.152946437965904,19.924858845171276,17.08800749063506,23.0,20.39607805437114,15.524174696260024,24.596747752497688,21.633307652783937,14.560219778561038,10.770329614269007,12.041594578792296,6.324555320336759,11.045361017187261,1697810862.594635
19.1049731745428,19.4164878389476,17.804493814764854,21.633307652783937,19.1049731745428,17.69180601295413,19.209372712298546,18.38477631085024,20.0,23.60084744241189,27.018512172212596,27.202941017470888,15.652475842498529,18.38477631085024,23.706539182259394,16.55294535724685,24.839484696748443,17.69180601295413,15.0,19.723082923316017,19.313207915827967,17.46424919657298,19.026297590440446,19.1049731745428,14.560219778561038,15.03329637837291,16.1245154965971,15.297058540778355,13.453624047073712,16.278820596099706,16.401219466856727,13.0,15.297058540778355,12.08304597359457,5.0,7.615773105863909,5.0,11.0,19.235384061671343,14.866068747318506,14.0356688476182,17.46424919657298,19.0,18.027756377319946,23.086792761230395,24.186773244895647,20.615528128088304,20.024984394500787,17.88854381999832,13.038404810405298,11.313708498984761,13.341664064126334,1697810862.601813
15.297058540778355,15.03329637837291,19.235384061671347,15.811388300841898,16.0312195418814,19.1049731745428,15.652475842498529,20.8806130178211,18.38477631085024,24.0,21.213203435596427,25.079872407968907,17.26267650163207,22.472205054244235,14.317821063276352,24.515301344262525,26.305892875931807,18.027756377319946,17.0,16.76305461424021,17.08800749063506,19.4164878389476,25.942243542145697,18.027756377319946,15.811388300841898,11.180339887498949,12.0,14.0,16.0312195418814,15.524174696260024,14.0,14.142135623730951,9.486832980505138,5.656854249492381,6.0,4.47213595499958,10.19803902718557,5.8309518948453,14.422205101855958,20.6155281280883,11.180339887498949,12.041594578792296,15.264337522473749,17.204650534085253,15.231546211727817,19.313207915827967,14.317821063276352,12.08304597359457,14.142135623730951,12.165525060596437,8.54400374531753,9.433981132056603,1697810862.6098545
15.297058540778355,13.038404810405298,19.1049731745428,14.0,16.0312195418814,16.0312195418814,16.492422502470642,17.0,17.0,23.769728648009423,29.61418578992169,28.0713376952364,25.0,22.360679774997898,29.61418578992169,19.1049731745428,20.09975124224178,27.0,17.11724276862369,17.11724276862369,14.560219778561038,14.0356688476182,12.041594578792294,11.704699910719626,11.180339887498949,9.433981132056603,10.0,12.36931687685298,12.165525060596437,9.055385138137417,10.19803902718557,11.704699910719626,14.142135623730951,8.602325267042627,4.0,3.1622776601683795,7.615773105863909,9.486832980505138,13.601470508735444,16.492422502470642,15.231546211727817,16.1245154965971,17.029386365926403,16.278820596099706,19.849433241279208,20.591260281974,23.3452350598575,17.69180601295413,17.029386365926403,12.206555615733702,14.142135623730951,13.0,1697810862.622912
16.492422502470642,16.15549442140351,19.4164878389476,14.317821063276352,18.248287590894655,18.027756377319946,20.12461179749811,15.231546211727817,25.495097567963924,23.53720459187964,25.495097567963924,31.04834939252005,24.73863375370596,21.840329667841555,26.248809496813376,22.360679774997898,24.083189157584588,21.023796041628636,26.076809620810597,20.024984394500787,14.317821063276352,11.045361017187261,10.19803902718557,13.601470508735444,13.416407864998739,10.0,11.180339887498949,13.601470508735444,13.0,12.649110640673518,14.317821063276352,15.264337522473749,14.142135623730951,7.211102550927979,4.47213595499958,6.4031242374328485,7.0710678118654755,9.055385138137417,13.0,17.11724276862369,16.1245154965971,17.029386365926403,19.4164878389476,20.39607805437114,20.615528128088304,22.135943621178658,21.840329667841555,20.8806130178211,18.38477631085024,14.422205101855958,12.806248474865697,14.560219778561038,1697810862.6298196
9.486832980505138,12.165525060596437,5.656854249492381,8.602325267042627,10.816653826391969,13.453624047073712,24.413111231467404,13.601470508735444,14.142135623730951,19.79898987322333,16.76305461424021,23.853720883753127,20.518284528683193,16.492422502470642,21.931712199461305,20.808652046684813,20.248456731316587,21.93171219946131,20.223748416156685,28.0178514522438,9.433981132056603,7.0710678118654755,13.0,6.708203932499369,8.602325267042627,9.486832980505138,7.810249675906654,7.810249675906654,4.47213595499958,6.4031242374328485,10.295630140987,11.0,12.0,5.0,3.1622776601683795,5.0,4.47213595499958,12.727922061357857,14.866068747318506,13.0,6.4031242374328485,17.11724276862369,13.601470508735444,13.038404810405298,15.811388300841896,21.213203435596427,20.248456731316587,18.788294228055936,14.317821063276352,14.866068747318504,15.811388300841898,12.649110640673518,1697810862.669384
21.587033144922902,13.416407864998739,17.029386365926403,15.132745950421555,17.11724276862369,19.235384061671347,20.223748416156685,22.20360331117452,24.331050121192874,28.017851452243796,32.0,34.23448553724738,34.132096331752024,32.0,30.01666203960727,30.0,30.26549190084311,28.442925306655788,29.068883707497264,25.0,20.248456731316587,17.26267650163207,15.524174696260024,13.92838827718412,15.0,9.055385138137417,7.280109889280519,4.0,7.0710678118654755,20.591260281974,1.0,15.620499351813308,12.165525060596437,12.206555615733702,1.0,3.1622776601683795,2.23606797749979,10.0,16.401219466856727,25.553864678361276,17.204650534085253,17.4928556845359,20.248456731316587,20.8806130178211,23.40939982143925,24.041630560342615,25.0,21.213203435596427,23.194827009486403,17.0,14.560219778561038,16.401219466856727,1697810862.6773665
18.35755975068582,12.36931687685298,16.1245154965971,14.317821063276352,20.12461179749811,18.973665961010276,21.095023109728984,22.20360331117452,25.079872407968907,23.53720459187964,29.61418578992169,33.13608305156178,33.24154027718932,26.076809620810597,32.01562118716424,29.427877939124325,28.861739379323623,29.017236257093817,29.1547594742265,19.235384061671347,21.213203435596427,18.027756377319946,17.11724276862369,13.0,12.36931687685298,10.04987562112089,11.704699910719626,12.0,11.0,10.04987562112089,11.045361017187261,15.0,9.219544457292887,8.602325267042627,9.848857801796104,5.099019513592785,7.615773105863909,6.0,11.40175425099138,16.0312195418814,15.132745950421555,12.165525060596437,17.08800749063506,19.924858845171276,18.788294228055936,18.35755975068582,21.95449840010015,20.591260281974,18.35755975068582,14.866068747318504,13.038404810405298,12.041594578792294,1697810862.682364
16.0312195418814,13.892443989449806,22.203603311174515,8.602325267042627,29.20616373302047,25.63201123595259,33.015148038438355,33.24154027718932,37.44329045369811,45.34313619501853,51.088159097779204,33.13608305156178,50.931326312987366,49.678969393496885,32.01562118716424,50.537115073973105,46.61544808322666,45.617978911828175,35.60898762952971,36.400549446402586,21.213203435596427,29.120439557122076,17.11724276862369,23.769728648009423,18.027756377319946,12.206555615733702,17.804493814764854,20.248456731316587,17.88854381999832,19.849433241279208,20.248456731316587,27.730849247724095,30.26549190084311,8.602325267042627,11.40175425099138,17.88854381999832,12.041594578792294,21.02379604162864,22.627416997969522,26.870057685088806,26.1725046566048,23.3452350598575,35.0,26.248809496813372,31.304951684997057,37.16180835212409,35.4682957019364,34.785054261852174,34.539832078341085,31.622776601683796,20.39607805437114,23.706539182259394,1697810862.7177658
3.0,4.0,9.433981132056603,5.0,6.4031242374328485,8.602325267042627,12.08304597359457,15.811388300841898,18.973665961010276,18.027756377319946,22.135943621178658,24.73863375370596,22.135943621178658,23.259406699226012,25.317977802344327,25.495097567963924,26.0,22.472205054244235,22.203603311174515,18.60107523773827,14.212670403551895,16.401219466856727,9.899494936611665,8.602325267042627,5.8309518948453,2.8284271247461903,1.0,1.4142135623730951,3.1622776601683795,6.324555320336759,10.19803902718557,13.0,13.038404810405298,11.40175425099138,12.529964086141668,8.06225774829855,4.0,2.23606797749979,6.324555320336759,10.04987562112089,12.529964086141668,11.045361017187261,14.142135623730951,17.11724276862369,19.1049731745428,17.11724276862369,20.09975124224178,18.248287590894655,19.026297590440446,16.76305461424021,17.0,14.7648230602334,1697810862.9873188
2.8284271247461903,5.385164807134504,10.770329614269007,6.0827625302982185,21.540659228538015,3.6055512754639896,14.142135623730951,20.248456731316587,9.219544457292889,22.20360331117452,24.083189157584588,26.1725046566048,19.026297590440446,20.0,28.284271247461902,27.85677655436824,29.546573405388315,24.73863375370596,22.472205054244235,23.40939982143925,18.681541692269406,18.027756377319946,13.152946437965904,7.810249675906654,9.219544457292889,8.06225774829855,8.06225774829855,7.211102550927979,2.23606797749979,4.123105625617661,8.94427190999916,11.045361017187261,17.0,12.529964086141668,18.973665961010276,8.06225774829855,2.23606797749979,16.15549442140351,9.433981132056603,6.0827625302982185,10.19803902718557,10.770329614269007,10.44030650891055,19.849433241279208,27.51363298439521,15.231546211727817,17.029386365926403,18.867962264113206,17.204650534085253,11.313708498984761,17.46424919657298,15.0,1697810863.008622
3.1622776601683795,2.8284271247461903,6.324555320336759,7.615773105863909,8.54400374531753,9.0,12.041594578792294,14.142135623730951,18.110770276274835,20.223748416156685,24.331050121192874,26.076809620810597,25.079872407968907,25.179356624028344,25.179356624028344,29.427877939124325,27.018512172212592,27.0,24.020824298928627,22.090722034374522,18.110770276274835,17.029386365926403,14.0356688476182,11.045361017187261,8.0,6.0827625302982185,3.1622776601683795,1.0,2.23606797749979,5.099019513592785,7.280109889280519,11.180339887498949,13.038404810405298,12.165525060596437,12.649110640673518,9.848857801796104,6.708203932499369,4.123105625617661,2.23606797749979,7.0,8.06225774829855,8.06225774829855,10.44030650891055,12.08304597359457,14.866068747318506,17.08800749063506,18.027756377319946,17.720045146669353,17.08800749063506,14.7648230602334,15.0,15.0,1697810863.0180533
4.47213595499958,3.0,7.615773105863909,10.770329614269007,9.433981132056603,12.727922061357857,15.620499351813308,19.4164878389476,23.021728866442675,24.413111231467404,29.1547594742265,33.015148038438355,30.80584360149873,31.906112267087636,32.449961479175904,34.9857113690718,35.0,32.64965543462902,31.89043743820395,29.0,24.041630560342618,21.93171219946131,17.69180601295413,14.142135623730951,11.40175425099138,8.06225774829855,4.47213595499958,2.0,4.123105625617661,5.099019513592785,10.770329614269007,13.038404810405298,17.029386365926403,21.213203435596427,15.264337522473749,12.806248474865697,10.0,5.656854249492381,2.23606797749979,8.602325267042627,10.63014581273465,11.313708498984761,12.529964086141668,16.15549442140351,19.313207915827967,22.472205054244235,22.847319317591726,23.259406699226012,20.6155281280883,19.6468827043885,18.027756377319946,19.235384061671347,1697810863.025057
5.0,3.1622776601683795,5.8309518948453,8.602325267042627,8.602325267042627,10.44030650891055,12.36931687685298,16.1245154965971,19.235384061671347,20.223748416156685,24.083189157584588,27.459060435491963,25.709920264364882,26.305892875931807,26.305892875931807,30.26549190084311,28.635642126552703,28.160255680657446,27.202941017470888,26.0,21.02379604162864,19.697715603592208,16.15549442140351,13.0,10.44030650891055,8.0,5.0,3.0,0.0,3.0,6.0827625302982185,10.44030650891055,11.6619037896906,12.041594578792296,12.041594578792296,8.94427190999916,7.211102550927979,4.242640687119286,1.0,5.8309518948453,7.810249675906654,8.06225774829855,10.44030650891055,12.165525060596437,14.317821063276352,17.26267650163207,18.439088914585778,18.681541692269406,18.439088914585778,17.029386365926403,17.0,17.46424919657298,1697810863.0604343
1.4142135623730951,9.848857801796104,8.94427190999916,12.041594578792294,8.06225774829855,7.615773105863909,15.811388300841896,22.561028345356952,23.259406699226012,20.8806130178211,24.186773244895647,31.144823004794873,26.832815729997478,31.622776601683793,34.014702703389894,36.24913792078371,33.61547262794323,34.88552708502481,33.421549934136806,26.1725046566048,21.95449840010015,29.832867780352593,21.095023109728988,14.212670403551895,14.866068747318504,8.54400374531753,11.704699910719626,7.615773105863909,3.6055512754639896,4.47213595499958,4.242640687119286,12.529964086141668,14.212670403551895,14.422205101855958,15.556349186104047,10.770329614269007,7.810249675906654,6.0827625302982185,5.0,7.615773105863909,10.0,7.615773105863909,10.770329614269007,14.142135623730951,14.866068747318506,19.1049731745428,22.472205054244235,20.248456731316587,23.08679276123039,17.11724276862369,15.03329637837291,17.720045146669353,1697810863.0744154
6.324555320336759,7.211102550927979,7.280109889280519,8.485281374238571,5.385164807134504,16.15549442140351,10.770329614269007,18.35755975068582,18.439088914585778,28.635642126552703,24.596747752497688,29.61418578992169,28.30194339616981,30.016662039607265,26.076809620810597,35.17101079013795,32.28002478313795,26.248809496813376,33.95585369269929,24.041630560342615,27.51363298439521,19.313207915827967,17.0,17.0,8.06225774829855,6.708203932499369,6.708203932499369,2.8284271247461903,3.0,6.324555320336759,11.180339887498949,11.704699910719626,14.0,16.0,18.38477631085024,10.0,7.615773105863909,6.0827625302982185,2.8284271247461903,5.099019513592785,14.317821063276352,10.19803902718557,7.280109889280519,11.704699910719626,15.264337522473749,17.4928556845359,21.931712199461305,20.8806130178211,21.02379604162864,21.095023109728988,17.029386365926403,17.804493814764854,1697810863.08864
6.0,4.47213595499958,2.23606797749979,4.242640687119286,5.099019513592785,6.0,9.055385138137417,12.0,14.0356688476182,17.720045146669353,21.0,25.495097567963924,24.041630560342615,23.345235059857504,20.09975124224178,24.020824298928627,25.317977802344327,24.515301344262525,27.892651361962706,22.135943621178658,19.4164878389476,16.76305461424021,17.720045146669353,12.36931687685298,10.19803902718557,9.055385138137417,6.324555320336759,7.0,5.0,2.23606797749979,0.0,6.708203932499369,11.180339887498949,10.816653826391969,10.44030650891055,7.615773105863909,7.810249675906654,13.601470508735444,8.602325267042627,5.0,2.23606797749979,3.1622776601683795,7.0710678118654755,10.0,17.029386365926403,7.0,21.587033144922902,13.0,15.652475842498529,14.7648230602334,17.46424919657298,10.0,1697810863.102738
10.816653826391969,5.8309518948453,3.1622776601683795,4.242640687119286,4.47213595499958,7.0710678118654755,10.44030650891055,14.866068747318506,19.6468827043885,21.18962010041709,26.92582403567252,28.160255680657446,35.440090293338706,33.24154027718932,31.304951684997057,33.12099032335839,34.92849839314596,37.85498646149539,29.27456233660889,35.35533905932738,26.305892875931807,28.442925306655788,21.587033144922902,20.39607805437114,16.1245154965971,12.08304597359457,9.486832980505138,7.615773105863909,2.8284271247461903,1.0,1.0,10.04987562112089,14.0356688476182,18.027756377319946,16.15549442140351,13.892443989449806,10.816653826391969,7.211102550927979,2.23606797749979,5.0,8.0,8.0,5.8309518948453,10.295630140987,14.866068747318504,18.867962264113206,19.235384061671343,19.235384061671347,16.278820596099706,18.38477631085024,17.029386365926403,17.4928556845359,1697810863.1208718
20.8806130178211,26.68332812825267,25.553864678361276,16.55294535724685,25.079872407968903,16.492422502470642,25.059928172283335,20.591260281974,19.4164878389476,26.68332812825267,11.704699910719626,22.80350850198276,15.231546211727817,14.7648230602334,11.40175425099138,12.08304597359457,16.401219466856727,13.601470508735444,10.44030650891055,23.706539182259394,12.806248474865697,16.76305461424021,15.556349186104047,13.892443989449806,18.027756377319946,13.038404810405298,6.0827625302982185,8.94427190999916,18.973665961010276,24.186773244895647,7.0710678118654755,5.0,10.19803902718557,5.0,10.44030650891055,22.847319317591726,15.556349186104047,21.02379604162864,14.422205101855958,19.313207915827967,17.69180601295413,16.1245154965971,20.615528128088304,17.029386365926403,19.79898987322333,19.313207915827967,17.46424919657298,17.204650534085253,16.643316977093235,10.295630140987,9.219544457292889,13.152946437965904,1697810863.5113935
17.4928556845359,17.4928556845359,20.248456731316587,16.1245154965971,17.46424919657298,18.38477631085024,17.88854381999832,17.4928556845359,18.35755975068582,17.88854381999832,20.248456731316587,21.213203435596427,16.970562748477143,18.439088914585774,19.849433241279208,24.839484696748443,21.2602916254693,20.0,19.1049731745428,19.849433241279208,17.029386365926403,16.278820596099706,15.556349186104047,15.264337522473749,14.212670403551895,9.433981132056603,9.0,7.280109889280519,8.06225774829855,10.19803902718557,2.8284271247461903,1.0,5.0,6.4031242374328485,5.385164807134504,11.180339887498949,9.219544457292887,13.453624047073712,16.643316977093235,17.720045146669353,16.76305461424021,16.55294535724685,19.849433241279208,22.360679774997898,19.723082923316017,18.439088914585774,20.518284528683193,22.627416997969522,19.209372712298546,11.180339887498949,9.486832980505138,16.278820596099706,1697810863.562874
28.42534080710379,29.73213749463701,26.627053911388693,18.439088914585778,32.55764119219941,17.720045146669353,25.455844122715714,28.0713376952364,21.540659228538015,29.068883707497267,46.87216658103186,34.66987164671943,45.70557952810576,23.194827009486403,31.0,51.26402247190518,43.41658669218482,41.62931659299729,36.49657518178931,40.162171256046406,23.086792761230395,28.42534080710379,27.459060435491963,29.61418578992169,33.83784863137726,15.0,19.79898987322333,21.02379604162864,13.341664064126334,8.54400374531753,4.47213595499958,6.4031242374328485,7.0710678118654755,5.8309518948453,22.0,18.248287590894655,26.0,25.079872407968907,32.01562118716424,15.264337522473749,19.235384061671343,24.041630560342615,29.427877939124325,29.427877939124325,32.89376840679706,30.80584360149873,35.90264614203249,32.01562118716424,26.1725046566048,22.360679774997898,21.633307652783937,22.203603311174515,1697810863.5928695
28.42534080710379,44.384682042344295,41.0,33.52610922848042,31.04834939252005,24.083189157584588,26.019223662515373,22.847319317591726,23.3238075793812,32.64965543462902,36.400549446402586,47.16990566028302,48.104053883222775,38.01315561749643,31.0,49.8196748283246,43.41658669218482,41.62931659299729,36.49657518178931,40.162171256046406,23.086792761230395,28.42534080710379,27.459060435491963,29.61418578992169,42.43819034784589,23.40939982143925,27.294688127912362,29.120439557122076,18.788294228055936,15.620499351813308,21.095023109728988,8.94427190999916,13.152946437965904,11.40175425099138,22.47220505424423,26.1725046566048,27.018512172212596,21.931712199461305,22.80350850198276,22.472205054244235,11.0,14.866068747318504,23.430749027719962,24.207436873820413,27.58622844826744,31.400636936215164,41.773197148410844,46.010868281309364,26.1725046566048,35.35533905932738,26.419689627245813,27.018512172212592,1697810863.6924152
27.80287754891569,26.248809496813372,26.1725046566048,25.80697580112788,23.021728866442675,19.723082923316017,20.248456731316587,20.808652046684813,16.401219466856727,17.804493814764854,16.401219466856727,17.88854381999832,23.40939982143925,20.09975124224178,22.090722034374522,21.587033144922902,23.53720459187964,28.017851452243796,21.095023109728984,24.083189157584588,32.14031735997639,23.853720883753127,26.248809496813376,19.849433241279208,19.849433241279208,26.248809496813372,21.095023109728988,20.615528128088304,21.931712199461305,11.40175425099138,16.1245154965971,8.485281374238571,10.0,2.8284271247461903,10.44030650891055,10.770329614269007,10.44030650891055,9.486832980505138,14.142135623730951,15.524174696260024,7.810249675906654,12.0,8.246211251235321,10.19803902718557,11.6619037896906,10.0,9.219544457292887,13.453624047073712,11.313708498984761,14.142135623730951,5.0,4.0,1697810863.953037
25.80697580112788,29.068883707497267,31.32091952673165,26.248809496813376,21.95449840010015,19.235384061671347,21.213203435596427,18.973665961010276,18.973665961010276,19.235384061671343,13.453624047073712,18.439088914585778,14.212670403551895,17.720045146669353,14.560219778561038,27.65863337187866,26.419689627245813,31.953090617340916,21.95449840010015,30.80584360149873,23.769728648009426,31.304951684997057,25.238858928247925,23.60084744241189,24.839484696748443,18.38477631085024,21.213203435596427,21.18962010041709,19.0,13.152946437965904,14.0,6.0,4.123105625617661,7.615773105863909,6.4031242374328485,15.811388300841896,19.313207915827967,18.788294228055936,15.0,13.038404810405298,7.615773105863909,6.0827625302982185,9.219544457292889,6.708203932499369,10.63014581273465,12.165525060596437,17.88854381999832,17.4928556845359,14.866068747318504,9.848857801796104,9.486832980505138,6.0,1697810863.9610388
29.068883707497264,25.01999200639361,27.658633371878665,29.017236257093817,18.439088914585778,16.278820596099706,17.26267650163207,19.026297590440446,17.029386365926403,17.029386365926403,13.92838827718412,19.235384061671343,14.866068747318504,16.401219466856727,7.615773105863909,13.453624047073712,20.0,25.80697580112788,21.633307652783937,23.60084744241189,21.400934559032695,25.942243542145697,18.867962264113206,22.472205054244235,17.46424919657298,15.132745950421555,17.11724276862369,18.973665961010276,16.76305461424021,11.704699910719626,10.770329614269007,6.708203932499369,3.6055512754639896,9.848857801796104,7.0710678118654755,9.219544457292887,17.029386365926403,8.54400374531753,15.811388300841896,12.727922061357857,3.1622776601683795,8.94427190999916,11.40175425099138,8.06225774829855,8.602325267042627,8.06225774829855,12.165525060596437,11.045361017187261,9.486832980505138,9.0,8.06225774829855,4.47213595499958,1697810863.9680398
29.410882339705488,20.8806130178211,26.476404589747453,22.20360331117452,23.40939982143925,19.723082923316017,21.377558326431952,18.38477631085024,24.351591323771842,17.029386365926403,20.09975124224178,21.400934559032695,21.400934559032695,17.88854381999832,15.264337522473749,20.09975124224178,19.79898987322333,29.068883707497267,27.29468812791236,33.30165161069342,29.0,24.041630560342615,25.80697580112788,21.18962010041709,24.16609194718914,21.095023109728984,22.0,30.26549190084311,23.021728866442675,12.0,9.433981132056603,7.810249675906654,6.4031242374328485,9.219544457292889,11.313708498984761,11.313708498984761,12.08304597359457,18.60107523773827,13.416407864998739,15.556349186104047,2.23606797749979,8.06225774829855,10.770329614269007,7.0710678118654755,5.099019513592785,13.152946437965904,11.0,13.601470508735444,15.652475842498529,15.652475842498529,10.816653826391969,7.280109889280519,1697810863.9750395
30.80584360149873,30.413812651491096,29.61418578992169,25.079872407968907,24.083189157584588,21.023796041628636,25.0,22.090722034374522,21.377558326431952,20.615528128088304,23.769728648009423,22.203603311174515,18.38477631085024,18.439088914585774,19.1049731745428,26.400757564888174,30.479501308256342,28.600699292150182,29.20616373302047,33.24154027718932,27.58622844826744,29.068883707497267,29.68164415931166,21.095023109728988,23.769728648009426,20.223748416156685,22.360679774997898,25.179356624028344,21.095023109728984,13.92838827718412,8.94427190999916,12.36931687685298,2.23606797749979,6.4031242374328485,6.324555320336759,13.892443989449806,17.88854381999832,20.12461179749811,14.866068747318504,13.038404810405298,16.1245154965971,16.76305461424021,10.63014581273465,9.848857801796104,10.770329614269007,11.180339887498949,13.601470508735444,16.0,13.038404810405298,11.0,7.0710678118654755,6.4031242374328485,1697810863.9820387
29.20616373302047,24.413111231467404,30.528675044947498,24.08318915758459,17.88854381999832,21.931712199461305,19.723082923316017,23.021728866442675,19.4164878389476,21.095023109728988,26.1725046566048,19.924858845171276,24.413111231467404,10.295630140987,22.847319317591726,20.248456731316587,25.317977802344327,26.1725046566048,32.57299494980467,27.294688127912362,24.020824298928627,37.107950630558946,28.460498941515414,24.186773244895647,27.85677655436824,18.027756377319946,22.022715545545243,17.88854381999832,10.63014581273465,18.027756377319946,5.385164807134504,11.40175425099138,9.0,2.8284271247461903,10.04987562112089,2.23606797749979,18.027756377319946,14.317821063276352,12.206555615733702,16.0312195418814,8.06225774829855,25.80697580112788,10.770329614269007,8.246211251235321,10.0,12.36931687685298,10.63014581273465,13.038404810405298,15.556349186104047,10.770329614269007,7.810249675906654,5.385164807134504,1697810863.9910398
28.0178514522438,27.459060435491963,28.635642126552703,25.553864678361276,25.495097567963924,20.12461179749811,21.02379604162864,20.6155281280883,22.360679774997898,22.80350850198276,24.413111231467404,24.207436873820413,16.55294535724685,20.248456731316587,21.02379604162864,25.0,27.730849247724095,29.068883707497267,26.92582403567252,29.5296461204668,21.931712199461305,27.459060435491963,23.259406699226012,25.495097567963924,23.3452350598575,21.213203435596427,20.6155281280883,21.840329667841555,17.720045146669353,17.26267650163207,9.486832980505138,7.0710678118654755,8.485281374238571,3.6055512754639896,6.4031242374328485,10.295630140987,13.601470508735444,15.811388300841898,15.524174696260024,12.649110640673518,7.0,10.04987562112089,10.19803902718557,9.848857801796104,10.295630140987,13.341664064126334,13.0,13.038404810405298,12.727922061357857,9.219544457292887,7.280109889280519,5.0,1697810864.0040379
27.78488797889961,26.076809620810597,28.178005607210743,25.059928172283335,23.259406699226012,21.18962010041709,24.698178070456937,19.697715603592208,22.847319317591726,21.2602916254693,23.3452350598575,22.671568097509265,19.6468827043885,16.643316977093235,15.264337522473749,21.95449840010015,23.259406699226012,24.413111231467404,23.706539182259394,20.6155281280883,29.410882339705488,29.20616373302047,24.186773244895647,25.0,25.612496949731394,19.849433241279208,20.615528128088304,21.213203435596427,18.248287590894655,12.529964086141668,11.045361017187261,6.0827625302982185,4.0,6.324555320336759,11.40175425099138,15.0,13.892443989449806,15.652475842498529,14.317821063276352,11.045361017187261,12.165525060596437,8.06225774829855,10.44030650891055,9.055385138137417,12.041594578792294,12.36931687685298,11.045361017187261,11.6619037896906,13.601470508735444,8.54400374531753,7.280109889280519,6.4031242374328485,1697810864.0130422
24.331050121192874,30.06659275674582,28.635642126552703,23.3238075793812,14.422205101855958,15.231546211727817,23.769728648009423,26.305892875931807,23.769728648009426,21.023796041628636,19.235384061671343,21.023796041628636,12.649110640673518,14.7648230602334,23.259406699226012,24.083189157584588,25.553864678361276,21.2602916254693,34.014702703389894,25.238858928247925,27.16615541441225,31.304951684997057,30.083217912982644,21.377558326431952,24.515301344262525,19.026297590440446,21.540659228538015,22.135943621178658,19.313207915827967,14.142135623730951,11.704699910719626,8.54400374531753,5.385164807134504,5.8309518948453,3.6055512754639896,16.1245154965971,11.180339887498949,16.401219466856727,21.540659228538015,17.4928556845359,6.4031242374328485,10.295630140987,9.219544457292887,15.297058540778355,10.295630140987,12.165525060596437,16.278820596099706,9.486832980505138,12.0,10.19803902718557,5.0,9.433981132056603,1697810864.0200388
15.524174696260024,23.259406699226012,20.591260281974,19.235384061671343,22.203603311174515,17.4928556845359,17.4928556845359,14.317821063276352,18.867962264113206,12.08304597359457,14.560219778561038,16.278820596099706,17.11724276862369,13.152946437965904,18.38477631085024,11.704699910719626,17.720045146669353,24.020824298928627,16.1245154965971,27.658633371878665,9.055385138137417,19.6468827043885,23.194827009486403,20.09975124224178,10.0,13.0,13.416407864998739,20.518284528683193,16.970562748477143,7.810249675906654,6.0,3.1622776601683795,3.1622776601683795,4.123105625617661,11.704699910719626,10.0,13.341664064126334,8.246211251235321,17.029386365926403,14.142135623730951,7.0,11.0,8.602325267042627,8.602325267042627,7.0710678118654755,11.180339887498949,9.433981132056603,11.313708498984761,10.0,7.810249675906654,2.23606797749979,8.06225774829855,1697810864.0290666
26.0,24.207436873820413,28.0178514522438,20.12461179749811,22.80350850198276,17.88854381999832,19.849433241279208,21.400934559032695,19.79898987322333,17.804493814764854,13.341664064126334,17.46424919657298,11.045361017187261,20.248456731316587,10.0,25.455844122715714,24.331050121192874,21.213203435596427,18.110770276274835,23.769728648009426,20.39607805437114,19.924858845171276,19.723082923316017,21.095023109728988,19.924858845171276,13.601470508735444,15.652475842498529,19.4164878389476,12.041594578792296,10.44030650891055,10.0,3.0,3.1622776601683795,5.0,12.041594578792294,12.806248474865697,14.866068747318506,11.40175425099138,14.866068747318506,14.560219778561038,8.246211251235321,18.027756377319946,12.0,9.486832980505138,17.720045146669353,9.055385138137417,12.165525060596437,15.811388300841898,14.866068747318506,10.19803902718557,8.06225774829855,7.615773105863909,1697810864.0360494
24.73863375370596,23.194827009486403,25.079872407968907,21.023796041628636,20.024984394500787,19.1049731745428,19.0,17.11724276862369,16.492422502470642,16.278820596099706,19.6468827043885,38.41874542459709,6.708203932499369,12.206555615733702,12.806248474865697,19.697715603592208,21.02379604162864,22.825424421026653,23.706539182259394,21.02379604162864,21.95449840010015,22.135943621178658,22.847319317591726,21.377558326431952,20.024984394500787,16.0312195418814,17.204650534085253,15.811388300841896,13.892443989449806,12.806248474865697,8.06225774829855,4.242640687119286,4.242640687119286,7.280109889280519,9.055385138137417,8.06225774829855,18.973665961010276,12.165525060596437,13.0,8.94427190999916,8.94427190999916,8.54400374531753,11.40175425099138,10.0,8.06225774829855,10.295630140987,11.313708498984761,12.727922061357857,12.727922061357857,10.44030650891055,7.810249675906654,8.0,1697810864.041562
21.400934559032695,19.79898987322333,25.612496949731394,22.203603311174515,23.853720883753127,16.1245154965971,15.264337522473749,18.027756377319946,17.804493814764854,16.278820596099706,21.540659228538015,19.026297590440446,11.045361017187261,12.0,15.811388300841896,13.892443989449806,23.08679276123039,22.20360331117452,23.194827009486403,23.194827009486403,25.317977802344327,21.02379604162864,22.360679774997898,20.39607805437114,21.02379604162864,14.212670403551895,17.029386365926403,16.55294535724685,9.433981132056603,8.94427190999916,6.0,2.23606797749979,3.6055512754639896,8.06225774829855,12.165525060596437,14.560219778561038,9.433981132056603,8.06225774829855,10.770329614269007,8.246211251235321,12.165525060596437,4.47213595499958,12.08304597359457,7.615773105863909,5.656854249492381,10.816653826391969,15.0,9.055385138137417,10.04987562112089,5.385164807134504,8.54400374531753,2.23606797749979,1697810864.0465605
19.026297590440446,26.1725046566048,28.160255680657446,21.095023109728984,12.041594578792294,17.11724276862369,17.720045146669353,18.110770276274835,18.110770276274835,15.132745950421555,15.297058540778355,16.1245154965971,15.620499351813308,10.63014581273465,15.231546211727817,19.723082923316017,19.235384061671343,23.430749027719962,21.400934559032695,26.248809496813372,22.022715545545243,22.203603311174515,19.1049731745428,24.69817807045694,21.540659228538015,18.027756377319946,20.39607805437114,13.0,13.341664064126334,7.0,4.0,2.8284271247461903,3.6055512754639896,13.416407864998739,2.0,11.40175425099138,15.556349186104047,13.038404810405298,7.0710678118654755,10.44030650891055,8.54400374531753,6.708203932499369,6.4031242374328485,11.704699910719626,9.219544457292889,6.4031242374328485,7.280109889280519,8.0,13.341664064126334,7.810249675906654,13.038404810405298,5.8309518948453,1697810864.052562
29.20616373302047,24.186773244895647,22.20360331117452,21.213203435596427,20.223748416156685,18.973665961010276,17.08800749063506,18.38477631085024,16.76305461424021,17.08800749063506,17.720045146669353,17.0,17.26267650163207,18.110770276274835,18.027756377319946,19.1049731745428,25.01999200639361,24.020824298928627,26.019223662515373,23.086792761230395,21.0,22.02271554554524,22.0,21.540659228538015,21.02379604162864,18.027756377319946,18.027756377319946,19.313207915827967,15.811388300841896,13.601470508735444,9.219544457292889,9.0,3.0,1.0,5.099019513592785,9.055385138137417,11.6619037896906,11.313708498984761,14.142135623730951,14.317821063276352,5.8309518948453,8.246211251235321,10.295630140987,8.246211251235321,10.19803902718557,8.246211251235321,12.36931687685298,12.041594578792294,11.704699910719626,10.0,7.280109889280519,12.206555615733702,1697810864.0585654
22.47220505424423,36.400549446402586,33.61547262794322,21.18962010041709,44.77722635447623,24.596747752497688,15.297058540778355,22.203603311174515,12.649110640673518,16.15549442140351,13.038404810405298,21.540659228538015,14.0356688476182,20.808652046684813,11.6619037896906,18.439088914585778,21.840329667841555,28.30194339616981,24.16609194718914,25.059928172283335,27.80287754891569,19.723082923316017,26.248809496813372,20.39607805437114,26.1725046566048,20.808652046684813,18.027756377319946,12.206555615733702,27.0,12.206555615733702,12.041594578792294,5.385164807134504,6.324555320336759,3.6055512754639896,5.385164807134504,11.180339887498949,12.041594578792296,10.44030650891055,13.038404810405298,15.811388300841898,13.152946437965904,8.602325267042627,15.0,13.152946437965904,6.0827625302982185,9.848857801796104,4.123105625617661,13.416407864998739,11.313708498984761,9.433981132056603,11.6619037896906,11.045361017187261,1697810864.131567
16.55294535724685,20.615528128088304,15.652475842498529,11.40175425099138,9.433981132056603,23.60084744241189,17.804493814764854,15.620499351813308,16.401219466856727,9.899494936611665,18.60107523773827,14.866068747318506,14.0,11.045361017187261,13.0,23.194827009486403,22.360679774997898,19.6468827043885,19.1049731745428,16.55294535724685,24.698178070456937,22.135943621178658,17.11724276862369,17.46424919657298,17.4928556845359,17.0,13.416407864998739,13.892443989449806,13.038404810405298,8.54400374531753,8.94427190999916,8.246211251235321,6.4031242374328485,5.0,7.280109889280519,5.0,9.219544457292889,10.44030650891055,9.219544457292889,10.19803902718557,7.615773105863909,5.8309518948453,7.0710678118654755,9.433981132056603,11.6619037896906,9.0,10.0,8.246211251235321,8.94427190999916,8.54400374531753,4.0,4.47213595499958,1697810864.2290967
25.01999200639361,25.179356624028344,25.317977802344327,23.53720459187964,23.08679276123039,19.6468827043885,19.6468827043885,17.720045146669353,17.46424919657298,17.26267650163207,19.0,19.6468827043885,17.08800749063506,16.15549442140351,16.492422502470642,23.769728648009423,25.079872407968903,27.29468812791236,26.419689627245813,29.5296461204668,26.92582403567252,27.730849247724095,25.942243542145697,25.63201123595259,26.248809496813376,21.377558326431952,19.4164878389476,21.095023109728984,21.18962010041709,10.770329614269007,9.486832980505138,4.242640687119286,4.123105625617661,5.656854249492381,9.486832980505138,13.92838827718412,15.0,12.806248474865697,14.212670403551895,12.041594578792296,9.899494936611665,8.602325267042627,10.63014581273465,10.295630140987,9.486832980505138,10.44030650891055,11.180339887498949,13.038404810405298,13.038404810405298,11.0,8.06225774829855,8.485281374238571,1697810864.2876043
22.472205054244235,24.041630560342618,33.83784863137726,30.463092423455635,20.615528128088304,31.906112267087636,23.769728648009423,21.095023109728988,13.92838827718412,14.0356688476182,17.0,13.601470508735444,7.615773105863909,4.123105625617661,8.0,9.433981132056603,11.045361017187261,16.15549442140351,15.556349186104047,22.671568097509265,26.248809496813372,30.479501308256342,24.413111231467404,26.1725046566048,29.0,23.3452350598575,20.591260281974,24.596747752497688,17.08800749063506,18.027756377319946,15.231546211727817,15.132745950421555,13.341664064126334,5.656854249492381,12.0,14.7648230602334,18.110770276274835,14.560219778561038,16.278820596099706,18.027756377319946,15.811388300841898,15.297058540778355,20.09975124224178,15.03329637837291,16.1245154965971,15.03329637837291,12.041594578792294,13.892443989449806,5.385164807134504,3.6055512754639896,1.4142135623730951,2.23606797749979,1697810864.8666697
32.57299494980467,36.22154055254967,33.060550509633075,36.878177829171555,26.0,30.083217912982647,22.090722034374522,24.083189157584588,20.024984394500787,16.492422502470642,18.248287590894655,12.041594578792296,5.0,8.602325267042627,4.0,6.708203932499369,12.165525060596437,14.142135623730951,17.804493814764854,20.615528128088304,17.804493814764854,23.259406699226012,25.495097567963924,27.78488797889961,26.92582403567252,22.825424421026653,23.3452350598575,22.022715545545243,22.022715545545243,15.811388300841896,14.422205101855958,15.811388300841898,7.211102550927979,8.485281374238571,12.806248474865697,13.341664064126334,19.4164878389476,12.727922061357857,22.022715545545243,18.439088914585774,17.4928556845359,16.643316977093235,19.209372712298546,14.212670403551895,14.212670403551895,14.7648230602334,5.099019513592785,7.0710678118654755,6.0827625302982185,12.0,4.242640687119286,4.47213595499958,1697810864.8736694
31.016124838541643,35.014282800023196,29.61418578992169,32.01562118716424,24.083189157584588,21.0,28.017851452243796,24.0,25.495097567963924,23.53720459187964,16.0312195418814,16.492422502470642,7.211102550927979,12.041594578792294,8.94427190999916,5.099019513592785,21.587033144922902,17.029386365926403,25.63201123595259,28.861739379323623,25.942243542145697,24.596747752497688,26.832815729997478,29.410882339705488,31.32091952673165,28.460498941515414,29.27456233660889,27.294688127912362,21.0,20.09975124224178,20.39607805437114,14.0,10.19803902718557,8.54400374531753,7.280109889280519,18.027756377319946,15.297058540778355,25.553864678361276,20.024984394500787,15.03329637837291,16.278820596099706,18.439088914585778,20.808652046684813,18.439088914585778,20.223748416156685,14.142135623730951,12.36931687685298,10.04987562112089,7.0710678118654755,9.219544457292887,4.47213595499958,2.23606797749979,1697810864.87967
36.68787265568829,35.84689665786984,41.7612260356422,37.57658845611187,34.0,31.76476034853718,29.68164415931166,27.29468812791236,24.69817807045694,23.3238075793812,20.248456731316587,15.524174696260024,11.180339887498949,10.04987562112089,9.899494936611665,11.6619037896906,14.317821063276352,18.788294228055936,31.32091952673165,27.16615541441225,29.017236257093817,33.0,31.016124838541643,35.05709628591621,34.23448553724738,31.0,29.120439557122076,30.364452901377952,25.63201123595259,25.059928172283335,21.95449840010015,19.209372712298546,13.453624047073712,8.06225774829855,12.206555615733702,18.38477631085024,24.16609194718914,20.248456731316587,22.825424421026653,23.259406699226012,22.47220505424423,23.259406699226012,21.633307652783937,18.867962264113206,18.027756377319946,15.652475842498529,18.027756377319946,17.26267650163207,12.165525060596437,8.06225774829855,4.123105625617661,4.242640687119286,1697810864.8876696
28.861739379323623,23.40939982143925,24.698178070456937,22.472205054244235,24.698178070456937,21.840329667841555,15.811388300841896,11.704699910719626,15.231546211727817,15.264337522473749,19.1049731745428,13.038404810405298,6.708203932499369,4.242640687119286,6.0827625302982185,28.160255680657446,4.47213595499958,14.212670403551895,18.248287590894655,30.479501308256342,21.213203435596427,28.160255680657446,33.0,31.32091952673165,29.068883707497264,17.11724276862369,18.110770276274835,26.92582403567252,21.18962010041709,21.095023109728988,21.633307652783937,10.816653826391969,13.453624047073712,6.0,13.601470508735444,10.295630140987,20.248456731316587,14.317821063276352,14.317821063276352,13.92838827718412,14.317821063276352,15.524174696260024,19.235384061671343,12.529964086141668,16.278820596099706,11.40175425099138,13.038404810405298,12.649110640673518,9.848857801796104,7.615773105863909,3.6055512754639896,4.47213595499958,1697810864.9306805
29.73213749463701,28.284271247461902,29.0,27.80287754891569,26.627053911388693,22.203603311174515,19.209372712298546,19.723082923316017,17.46424919657298,21.633307652783937,18.38477631085024,9.219544457292887,10.0,6.0,6.0,12.649110640673518,17.08800749063506,18.681541692269406,15.231546211727817,24.596747752497688,16.278820596099706,25.455844122715714,14.866068747318504,19.4164878389476,25.455844122715714,19.697715603592208,25.0,18.788294228055936,24.331050121192874,20.223748416156685,14.317821063276352,12.041594578792294,8.06225774829855,4.47213595499958,12.36931687685298,19.4164878389476,15.03329637837291,20.615528128088304,18.681541692269406,14.142135623730951,19.1049731745428,23.021728866442675,18.35755975068582,17.46424919657298,21.02379604162864,10.770329614269007,11.6619037896906,9.055385138137417,12.041594578792294,6.0,5.099019513592785,5.0,1697810864.947194
28.635642126552703,29.068883707497267,33.12099032335839,24.596747752497688,25.63201123595259,22.135943621178658,25.0,18.439088914585778,20.09975124224178,18.788294228055936,16.278820596099706,16.643316977093235,8.94427190999916,9.055385138137417,27.80287754891569,13.601470508735444,27.202941017470888,34.36568055487917,18.027756377319946,22.47220505424423,21.633307652783937,23.40939982143925,26.400757564888174,25.079872407968903,29.966648127543394,21.633307652783937,20.615528128088304,22.02271554554524,15.297058540778355,18.110770276274835,18.027756377319946,16.1245154965971,8.54400374531753,5.8309518948453,8.246211251235321,16.0,22.090722034374522,18.110770276274835,17.26267650163207,17.26267650163207,18.681541692269406,14.317821063276352,17.46424919657298,13.92838827718412,12.649110640673518,13.92838827718412,13.152946437965904,13.038404810405298,10.04987562112089,5.099019513592785,4.123105625617661,5.8309518948453,1697810864.9551845
27.892651361962706,30.59411708155671,29.427877939124325,28.861739379323623,24.351591323771842,25.079872407968903,18.867962264113206,19.235384061671343,19.235384061671343,19.723082923316017,20.12461179749811,12.36931687685298,5.099019513592785,11.40175425099138,11.313708498984761,9.848857801796104,25.0,14.560219778561038,13.416407864998739,22.671568097509265,23.194827009486403,19.697715603592208,13.038404810405298,17.69180601295413,33.24154027718932,18.35755975068582,20.615528128088304,21.633307652783937,21.095023109728988,17.4928556845359,11.6619037896906,21.095023109728984,3.0,6.4031242374328485,4.123105625617661,25.495097567963924,13.0,23.021728866442675,18.248287590894655,20.8806130178211,21.377558326431952,20.024984394500787,17.11724276862369,15.03329637837291,15.231546211727817,18.027756377319946,13.038404810405298,11.40175425099138,8.246211251235321,8.54400374531753,4.123105625617661,6.708203932499369,1697810864.9631963
28.31960451701259,29.068883707497267,33.941125496954285,22.627416997969522,29.068883707497267,25.495097567963924,24.08318915758459,18.60107523773827,17.804493814764854,19.4164878389476,19.1049731745428,13.416407864998739,8.246211251235321,7.280109889280519,10.0,12.165525060596437,15.231546211727817,18.027756377319946,19.209372712298546,22.627416997969522,25.80697580112788,27.202941017470888,25.0,26.907248094147423,27.58622844826744,24.758836806279895,23.3238075793812,25.059928172283335,21.470910553583888,18.788294228055936,16.15549442140351,13.601470508735444,8.0,7.211102550927979,11.40175425099138,16.76305461424021,17.46424919657298,17.029386365926403,19.1049731745428,19.235384061671347,17.46424919657298,16.1245154965971,17.0,15.0,14.0,14.142135623730951,14.560219778561038,12.08304597359457,9.433981132056603,5.8309518948453,5.099019513592785,4.123105625617661,1697810864.9691882
29.068883707497267,25.495097567963924,25.942243542145697,26.248809496813372,27.018512172212596,23.021728866442675,26.076809620810597,17.804493814764854,19.849433241279208,19.1049731745428,16.55294535724685,14.142135623730951,7.0710678118654755,5.0,2.23606797749979,21.540659228538015,15.811388300841896,14.866068747318504,22.825424421026653,10.770329614269007,24.351591323771842,17.88854381999832,34.014702703389894,32.38826948140329,28.861739379323623,17.0,22.847319317591726,30.016662039607265,18.867962264113206,15.620499351813308,13.601470508735444,4.123105625617661,13.038404810405298,21.023796041628636,12.08304597359457,10.19803902718557,22.203603311174515,29.832867780352593,23.60084744241189,21.2602916254693,15.231546211727817,11.6619037896906,17.69180601295413,11.40175425099138,19.209372712298546,14.866068747318506,15.652475842498529,11.704699910719626,11.40175425099138,6.708203932499369,6.0827625302982185,7.810249675906654,1697810864.976187
23.08679276123039,23.08679276123039,22.80350850198276,23.53720459187964,19.6468827043885,20.248456731316587,17.720045146669353,16.76305461424021,15.231546211727817,14.560219778561038,12.36931687685298,9.219544457292889,9.219544457292889,13.038404810405298,9.899494936611665,13.453624047073712,10.0,10.44030650891055,14.0356688476182,12.0,17.204650534085253,20.39607805437114,12.727922061357857,13.416407864998739,23.345235059857504,21.023796041628636,18.027756377319946,21.540659228538015,18.439088914585778,14.560219778561038,9.055385138137417,12.0,14.866068747318504,4.123105625617661,12.041594578792294,16.643316977093235,17.0,7.615773105863909,18.027756377319946,13.038404810405298,14.7648230602334,12.08304597359457,13.453624047073712,12.041594578792296,11.40175425099138,10.0,11.180339887498949,10.44030650891055,5.099019513592785,4.47213595499958,2.23606797749979,4.242640687119286,1697810864.9821897
32.57299494980467,35.84689665786984,37.57658845611187,32.55764119219941,34.20526275297414,25.0,28.65309756378881,24.758836806279895,20.808652046684813,21.2602916254693,18.027756377319946,15.264337522473749,13.038404810405298,14.0,20.591260281974,23.430749027719962,12.806248474865697,18.439088914585774,17.88854381999832,26.907248094147423,32.2490309931942,22.627416997969522,33.54101966249685,32.802438933713454,27.58622844826744,25.0,27.202941017470888,28.600699292150182,25.553864678361276,21.377558326431952,13.038404810405298,17.88854381999832,11.6619037896906,5.099019513592785,10.295630140987,17.029386365926403,22.360679774997898,16.76305461424021,19.0,23.345235059857504,22.80350850198276,19.6468827043885,21.213203435596427,13.601470508735444,17.11724276862369,14.0356688476182,14.0356688476182,11.704699910719626,10.770329614269007,7.810249675906654,7.280109889280519,9.486832980505138,1697810864.9881895
31.76476034853718,24.698178070456937,26.627053911388693,31.064449134018133,17.804493814764854,18.027756377319946,23.259406699226012,23.3238075793812,18.35755975068582,19.1049731745428,12.806248474865697,18.439088914585774,16.1245154965971,16.278820596099706,10.0,13.152946437965904,14.317821063276352,13.341664064126334,22.561028345356952,24.596747752497688,20.09975124224178,22.135943621178658,16.1245154965971,17.029386365926403,27.730849247724095,21.023796041628636,28.65309756378881,20.808652046684813,19.924858845171276,13.601470508735444,13.892443989449806,13.92838827718412,6.0,2.23606797749979,8.54400374531753,11.0,19.6468827043885,12.041594578792294,20.09975124224178,12.36931687685298,22.02271554554524,12.206555615733702,11.045361017187261,17.46424919657298,20.39607805437114,14.866068747318506,14.142135623730951,14.560219778561038,12.041594578792294,8.06225774829855,10.04987562112089,12.36931687685298,1697810865.0547287
25.612496949731394,24.596747752497688,27.459060435491963,24.08318915758459,21.400934559032695,22.80350850198276,17.69180601295413,16.401219466856727,22.360679774997898,19.723082923316017,19.849433241279208,16.643316977093235,10.04987562112089,29.20616373302047,14.422205101855958,5.099019513592785,9.219544457292887,6.0827625302982185,20.248456731316587,8.06225774829855,19.849433241279208,16.643316977093235,26.0,25.298221281347036,20.6155281280883,27.018512172212592,19.235384061671347,21.540659228538015,22.561028345356952,23.40939982143925,12.529964086141668,12.649110640673518,6.4031242374328485,8.485281374238571,6.4031242374328485,15.0,16.55294535724685,12.727922061357857,14.866068747318504,14.422205101855958,16.643316977093235,17.88854381999832,16.278820596099706,14.7648230602334,14.422205101855958,16.643316977093235,18.439088914585774,14.317821063276352,12.206555615733702,10.295630140987,7.810249675906654,8.246211251235321,1697810865.0687304
28.635642126552703,18.439088914585778,23.706539182259394,20.8806130178211,20.12461179749811,17.88854381999832,18.788294228055936,16.76305461424021,14.560219778561038,29.966648127543394,8.0,13.601470508735444,10.816653826391969,7.810249675906654,8.602325267042627,9.486832980505138,17.69180601295413,13.453624047073712,20.518284528683193,20.248456731316587,22.360679774997898,15.811388300841896,22.561028345356952,24.351591323771842,20.615528128088304,17.804493814764854,20.518284528683193,18.60107523773827,17.4928556845359,16.401219466856727,10.295630140987,8.485281374238571,4.242640687119286,2.23606797749979,8.94427190999916,12.649110640673518,13.92838827718412,14.560219778561038,15.811388300841896,10.04987562112089,7.615773105863909,15.231546211727817,11.40175425099138,9.433981132056603,11.045361017187261,15.0,10.0,14.142135623730951,7.0710678118654755,6.324555320336759,7.0710678118654755,5.099019513592785,1697810865.1237273
14.0,42.19004621945797,24.041630560342615,32.69556544854363,34.92849839314596,11.6619037896906,27.29468812791236,9.433981132056603,31.57530680769389,13.892443989449806,19.723082923316017,7.211102550927979,15.652475842498529,11.313708498984761,17.46424919657298,13.152946437965904,18.248287590894655,21.095023109728984,27.459060435491963,17.46424919657298,26.400757564888174,18.973665961010276,33.83784863137726,29.068883707497267,24.041630560342618,18.60107523773827,15.231546211727817,25.238858928247925,18.439088914585778,16.15549442140351,12.206555615733702,12.806248474865697,9.055385138137417,5.656854249492381,6.0827625302982185,20.0,15.811388300841898,18.439088914585774,17.0,18.867962264113206,12.206555615733702,6.324555320336759,3.6055512754639896,19.4164878389476,17.88854381999832,12.08304597359457,16.278820596099706,13.038404810405298,12.165525060596437,10.44030650891055,11.704699910719626,0.0,1697810865.1422474
26.400757564888174,26.92582403567252,26.248809496813376,27.658633371878665,24.186773244895647,25.317977802344327,20.223748416156685,14.0356688476182,16.0312195418814,17.720045146669353,22.561028345356952,14.422205101855958,14.866068747318504,8.602325267042627,18.35755975068582,13.92838827718412,13.038404810405298,21.95449840010015,20.591260281974,21.931712199461305,22.472205054244235,23.40939982143925,26.400757564888174,28.160255680657446,25.079872407968903,22.825424421026653,23.021728866442675,25.612496949731394,18.867962264113206,19.209372712298546,14.866068747318504,12.206555615733702,4.0,6.4031242374328485,10.19803902718557,13.038404810405298,19.0,16.0,12.041594578792294,12.041594578792294,18.439088914585778,12.08304597359457,12.08304597359457,13.416407864998739,14.317821063276352,20.223748416156685,16.76305461424021,16.0,13.92838827718412,11.045361017187261,10.04987562112089,6.708203932499369,1697810865.1692483
25.553864678361276,27.78488797889961,24.351591323771842,24.73863375370596,26.92582403567252,20.6155281280883,19.235384061671347,20.248456731316587,14.560219778561038,16.492422502470642,14.866068747318506,17.69180601295413,13.453624047073712,10.0,10.0,18.439088914585774,20.12461179749811,17.88854381999832,19.313207915827967,21.587033144922902,20.8806130178211,24.351591323771842,19.6468827043885,22.80350850198276,21.540659228538015,19.723082923316017,21.95449840010015,18.867962264113206,17.69180601295413,16.15549442140351,12.36931687685298,11.045361017187261,5.8309518948453,5.656854249492381,14.0356688476182,12.206555615733702,13.152946437965904,11.045361017187261,13.152946437965904,14.0,15.132745950421555,12.165525060596437,15.03329637837291,12.0,12.165525060596437,13.92838827718412,15.03329637837291,15.297058540778355,11.40175425099138,10.770329614269007,8.246211251235321,7.0710678118654755,1697810865.180252
26.832815729997478,28.178005607210743,25.63201123595259,24.351591323771842,21.18962010041709,24.041630560342615,18.867962264113206,15.811388300841896,22.472205054244235,14.0356688476182,12.727922061357857,17.204650534085253,18.027756377319946,12.206555615733702,14.317821063276352,19.6468827043885,17.26267650163207,20.223748416156685,25.317977802344327,29.068883707497264,29.0,30.364452901377952,29.61418578992169,30.01666203960727,29.832867780352593,21.095023109728984,16.0312195418814,18.38477631085024,19.313207915827967,17.4928556845359,11.40175425099138,11.6619037896906,8.602325267042627,4.242640687119286,10.63014581273465,20.591260281974,15.620499351813308,13.453624047073712,11.313708498984761,15.652475842498529,12.041594578792294,17.69180601295413,15.264337522473749,13.453624047073712,11.40175425099138,13.0,12.36931687685298,19.6468827043885,15.297058540778355,12.206555615733702,6.4031242374328485,10.816653826391969,1697810865.2072482
25.80697580112788,21.633307652783937,21.93171219946131,18.027756377319946,17.69180601295413,19.849433241279208,14.866068747318504,10.0,13.601470508735444,10.0,16.643316977093235,15.03329637837291,5.099019513592785,14.142135623730951,18.027756377319946,17.26267650163207,14.317821063276352,20.8806130178211,28.600699292150182,29.068883707497267,33.1058907144937,29.546573405388315,31.38470965295043,23.769728648009423,31.57530680769389,20.39607805437114,23.53720459187964,22.135943621178658,18.027756377319946,14.0,13.341664064126334,8.94427190999916,9.899494936611665,5.8309518948453,11.180339887498949,17.029386365926403,13.038404810405298,13.453624047073712,16.401219466856727,14.560219778561038,11.180339887498949,12.041594578792296,9.848857801796104,8.246211251235321,10.63014581273465,12.206555615733702,15.132745950421555,14.0356688476182,9.486832980505138,9.848857801796104,6.0827625302982185,6.708203932499369,1697810865.232263
15.132745950421555,27.80287754891569,19.6468827043885,22.472205054244235,21.213203435596427,16.55294535724685,17.4928556845359,18.027756377319946,19.209372712298546,13.038404810405298,17.0,14.560219778561038,6.0,15.132745950421555,15.652475842498529,22.47220505424423,14.866068747318506,14.7648230602334,20.6155281280883,19.697715603592208,22.80350850198276,21.93171219946131,26.92582403567252,16.55294535724685,19.79898987322333,19.1049731745428,23.021728866442675,21.840329667841555,19.0,14.317821063276352,9.055385138137417,8.06225774829855,5.385164807134504,5.385164807134504,7.0710678118654755,9.848857801796104,12.041594578792294,12.529964086141668,14.866068747318504,18.248287590894655,12.36931687685298,6.0827625302982185,11.40175425099138,9.219544457292889,11.6619037896906,15.524174696260024,13.152946437965904,13.601470508735444,14.0356688476182,11.0,5.099019513592785,13.341664064126334,1697810865.2437725
26.1725046566048,26.305892875931807,26.305892875931807,24.515301344262525,21.840329667841555,20.8806130178211,20.615528128088304,17.46424919657298,16.492422502470642,16.1245154965971,17.11724276862369,15.231546211727817,14.212670403551895,15.0,15.556349186104047,25.495097567963924,24.596747752497688,35.805027579936315,23.3238075793812,27.459060435491963,26.419689627245813,30.479501308256342,28.65309756378881,33.97057550292606,27.58622844826744,24.041630560342618,24.16609194718914,21.931712199461305,19.723082923316017,18.027756377319946,14.0356688476182,11.180339887498949,3.1622776601683795,5.385164807134504,12.041594578792296,15.297058540778355,13.152946437965904,16.0,16.76305461424021,16.0,14.0356688476182,12.041594578792294,14.142135623730951,14.0356688476182,13.038404810405298,14.0356688476182,15.811388300841898,13.892443989449806,12.529964086141668,10.295630140987,19.4164878389476,9.055385138137417,1697810865.2657738
17.029386365926403,27.51363298439521,31.906112267087636,24.041630560342618,16.76305461424021,26.248809496813376,23.53720459187964,18.38477631085024,16.492422502470642,15.811388300841898,8.54400374531753,19.4164878389476,12.08304597359457,19.723082923316017,16.1245154965971,22.20360331117452,21.023796041628636,29.068883707497264,30.0,33.060550509633075,31.016124838541643,32.14031735997639,30.26549190084311,28.160255680657446,30.413812651491096,26.570660511172843,30.016662039607265,27.202941017470888,20.808652046684813,21.213203435596427,18.439088914585774,7.211102550927979,9.219544457292887,4.123105625617661,12.08304597359457,20.223748416156685,18.439088914585774,21.587033144922902,16.76305461424021,19.1049731745428,14.317821063276352,15.231546211727817,14.317821063276352,16.643316977093235,15.811388300841898,17.4928556845359,13.92838827718412,18.35755975068582,7.810249675906654,8.94427190999916,8.602325267042627,5.8309518948453,1697810865.272774
26.627053911388693,29.1547594742265,29.5296461204668,21.540659228538015,23.769728648009423,24.16609194718914,23.08679276123039,18.788294228055936,20.6155281280883,14.7648230602334,20.615528128088304,19.723082923316017,14.142135623730951,15.132745950421555,16.15549442140351,21.02379604162864,25.317977802344327,26.1725046566048,26.1725046566048,28.861739379323623,29.427877939124325,28.635642126552703,27.892651361962706,29.120439557122076,28.792360097775934,25.553864678361276,26.870057685088806,24.08318915758459,20.518284528683193,19.235384061671343,13.453624047073712,13.601470508735444,6.0827625302982185,5.656854249492381,12.0,16.278820596099706,19.026297590440446,20.09975124224178,12.649110640673518,15.297058540778355,17.11724276862369,13.152946437965904,14.0,12.165525060596437,11.0,15.132745950421555,13.341664064126334,15.264337522473749,14.866068747318504,10.63014581273465,8.06225774829855,5.0,1697810865.2827766
29.120439557122076,28.635642126552703,34.23448553724738,25.298221281347036,26.0,22.47220505424423,27.459060435491963,18.38477631085024,19.313207915827967,17.46424919657298,25.0,16.278820596099706,16.970562748477143,18.38477631085024,5.8309518948453,29.0,30.23243291566195,24.041630560342618,35.35533905932738,28.23118842698621,33.1058907144937,35.0,32.2490309931942,30.479501308256342,30.4138126514911,27.65863337187866,20.808652046684813,28.635642126552703,26.832815729997478,17.88854381999832,11.045361017187261,13.038404810405298,8.06225774829855,26.476404589747453,14.142135623730951,16.1245154965971,18.439088914585778,26.248809496813376,16.76305461424021,18.439088914585778,16.0312195418814,13.0,13.038404810405298,14.7648230602334,15.264337522473749,6.324555320336759,21.470910553583888,19.79898987322333,11.40175425099138,14.422205101855958,12.206555615733702,8.602325267042627,1697810865.2917736
33.61547262794322,30.886890422961002,29.61418578992169,21.095023109728984,23.53720459187964,17.204650534085253,14.142135623730951,16.278820596099706,15.0,19.723082923316017,17.0,19.4164878389476,21.095023109728984,12.041594578792294,17.08800749063506,22.090722034374522,19.6468827043885,28.160255680657446,32.01562118716424,32.38826948140329,32.984845004941285,36.345563690772494,34.785054261852174,31.064449134018133,32.0,22.0,20.8806130178211,23.769728648009426,20.12461179749811,16.401219466856727,15.811388300841896,8.06225774829855,2.0,3.6055512754639896,8.06225774829855,16.76305461424021,12.206555615733702,13.341664064126334,16.643316977093235,17.26267650163207,20.248456731316587,7.0710678118654755,15.0,14.142135623730951,12.727922061357857,16.643316977093235,18.027756377319946,19.235384061671347,13.038404810405298,12.36931687685298,8.06225774829855,8.602325267042627,1697810865.304776
27.58622844826744,22.80350850198276,31.38470965295043,21.470910553583888,18.35755975068582,22.360679774997898,17.0,18.35755975068582,17.88854381999832,13.892443989449806,12.041594578792296,15.231546211727817,13.341664064126334,16.0,14.317821063276352,20.09975124224178,22.135943621178658,26.248809496813376,25.63201123595259,28.635642126552703,28.861739379323623,31.04834939252005,25.079872407968903,26.476404589747453,26.1725046566048,25.079872407968907,23.769728648009426,23.40939982143925,15.652475842498529,16.401219466856727,8.246211251235321,7.280109889280519,8.06225774829855,1.0,3.6055512754639896,16.1245154965971,16.643316977093235,13.038404810405298,14.7648230602334,12.206555615733702,15.620499351813308,10.44030650891055,14.866068747318504,9.219544457292887,19.4164878389476,14.7648230602334,16.492422502470642,14.142135623730951,9.219544457292889,9.055385138137417,10.04987562112089,12.08304597359457,1697810865.3117762
26.248809496813372,26.400757564888174,27.78488797889961,18.60107523773827,19.697715603592208,21.095023109728988,17.88854381999832,14.212670403551895,14.317821063276352,9.219544457292887,17.4928556845359,21.023796041628636,15.297058540778355,20.615528128088304,12.36931687685298,18.027756377319946,23.53720459187964,29.410882339705488,27.073972741361768,31.40063693621516,24.020824298928627,27.018512172212592,30.26549190084311,28.017851452243796,29.1547594742265,24.331050121192874,21.400934559032695,25.495097567963924,13.453624047073712,19.209372712298546,17.0,7.0710678118654755,5.0,4.47213595499958,7.0,13.892443989449806,18.248287590894655,20.0,15.811388300841898,16.278820596099706,11.40175425099138,16.1245154965971,11.180339887498949,12.041594578792296,8.06225774829855,13.601470508735444,13.453624047073712,13.416407864998739,9.219544457292889,11.6619037896906,8.246211251235321,5.8309518948453,1697810865.338819
28.0713376952364,24.020824298928627,30.364452901377952,26.1725046566048,19.0,17.0,19.697715603592208,16.0312195418814,17.029386365926403,15.297058540778355,16.0,15.620499351813308,12.806248474865697,16.1245154965971,17.029386365926403,20.808652046684813,25.059928172283335,24.207436873820413,29.068883707497267,30.610455730027933,25.80697580112788,30.80584360149873,23.021728866442675,25.495097567963924,28.600699292150182,23.021728866442675,23.194827009486403,21.377558326431952,20.248456731316587,14.0356688476182,12.0,9.486832980505138,4.242640687119286,4.123105625617661,4.47213595499958,15.620499351813308,24.69817807045694,16.492422502470642,16.15549442140351,14.866068747318506,12.041594578792296,13.892443989449806,13.038404810405298,12.529964086141668,13.601470508735444,12.649110640673518,15.524174696260024,14.0356688476182,13.0,11.045361017187261,9.055385138137417,8.94427190999916,1697810865.3448255
25.298221281347036,25.238858928247925,29.120439557122076,24.698178070456937,29.1547594742265,16.278820596099706,22.80350850198276,5.656854249492381,15.0,19.1049731745428,13.892443989449806,14.317821063276352,16.0312195418814,15.231546211727817,11.704699910719626,19.0,15.0,25.01999200639361,20.6155281280883,24.020824298928627,25.079872407968907,32.0,25.079872407968907,23.021728866442675,20.615528128088304,18.439088914585778,19.313207915827967,19.209372712298546,15.0,14.422205101855958,9.433981132056603,8.485281374238571,5.099019513592785,2.23606797749979,7.615773105863909,12.08304597359457,12.806248474865697,10.295630140987,12.206555615733702,11.6619037896906,8.602325267042627,9.433981132056603,8.94427190999916,7.810249675906654,9.219544457292887,9.219544457292887,11.6619037896906,11.40175425099138,10.04987562112089,9.055385138137417,7.280109889280519,6.4031242374328485,1697810865.3588595
25.553864678361276,24.758836806279895,27.018512172212596,25.455844122715714,22.627416997969522,21.213203435596427,21.400934559032695,13.892443989449806,12.806248474865697,16.401219466856727,16.76305461424021,17.029386365926403,15.297058540778355,21.095023109728984,15.524174696260024,22.090722034374522,21.18962010041709,23.40939982143925,26.92582403567252,32.7566787083184,32.57299494980467,29.61418578992169,27.85677655436824,34.0,27.294688127912362,24.083189157584588,24.69817807045694,21.931712199461305,10.44030650891055,14.422205101855958,13.601470508735444,12.206555615733702,2.8284271247461903,7.810249675906654,12.649110640673518,11.40175425099138,15.652475842498529,15.811388300841898,17.46424919657298,15.620499351813308,15.811388300841896,15.620499351813308,14.422205101855958,12.041594578792296,14.317821063276352,13.453624047073712,15.264337522473749,14.317821063276352,12.36931687685298,11.180339887498949,8.94427190999916,9.219544457292887,1697810865.3659167
25.455844122715714,20.591260281974,22.022715545545243,13.416407864998739,17.204650534085253,19.4164878389476,13.92838827718412,14.142135623730951,10.0,11.40175425099138,20.615528128088304,12.529964086141668,13.341664064126334,21.02379604162864,8.0,17.46424919657298,17.029386365926403,24.020824298928627,26.0,28.284271247461902,24.020824298928627,29.832867780352593,21.18962010041709,24.0,20.12461179749811,18.38477631085024,19.1049731745428,18.439088914585774,17.804493814764854,15.811388300841896,12.206555615733702,11.704699910719626,5.099019513592785,5.656854249492381,12.08304597359457,3.1622776601683795,8.06225774829855,6.0827625302982185,11.180339887498949,13.038404810405298,6.324555320336759,8.06225774829855,9.055385138137417,9.0,6.324555320336759,11.0,10.770329614269007,11.313708498984761,8.602325267042627,9.433981132056603,5.385164807134504,6.0,1697810865.3930535
24.73863375370596,24.083189157584588,22.090722034374522,23.769728648009423,20.615528128088304,15.297058540778355,21.213203435596427,9.848857801796104,13.341664064126334,17.11724276862369,15.231546211727817,18.027756377319946,12.529964086141668,15.524174696260024,19.1049731745428,19.79898987322333,20.808652046684813,24.16609194718914,27.459060435491963,27.51363298439521,23.40939982143925,26.92582403567252,24.351591323771842,26.0,23.706539182259394,19.723082923316017,26.076809620810597,22.472205054244235,19.4164878389476,17.88854381999832,9.486832980505138,10.63014581273465,10.63014581273465,6.0,9.219544457292889,23.60084744241189,15.231546211727817,13.416407864998739,11.180339887498949,15.811388300841896,9.848857801796104,8.0,14.422205101855958,10.63014581273465,10.19803902718557,12.041594578792296,15.556349186104047,13.416407864998739,13.341664064126334,9.219544457292889,6.0827625302982185,8.06225774829855,1697810865.4028764
19.235384061671343,22.135943621178658,25.238858928247925,21.095023109728988,20.615528128088304,14.422205101855958,19.924858845171276,15.811388300841896,12.08304597359457,12.165525060596437,17.0,12.806248474865697,13.341664064126334,8.94427190999916,10.19803902718557,13.601470508735444,19.849433241279208,19.235384061671343,20.808652046684813,20.518284528683193,25.0,23.430749027719962,22.671568097509265,19.849433241279208,26.419689627245813,18.38477631085024,16.0312195418814,15.132745950421555,15.297058540778355,13.152946437965904,7.0,8.06225774829855,10.63014581273465,8.246211251235321,9.433981132056603,15.231546211727817,15.652475842498529,8.94427190999916,20.808652046684813,15.652475842498529,11.6619037896906,4.242640687119286,10.04987562112089,10.04987562112089,6.708203932499369,10.04987562112089,10.0,12.529964086141668,10.63014581273465,10.295630140987,3.6055512754639896,8.06225774829855,1697810865.4118414
27.018512172212596,22.80350850198276,33.24154027718932,22.847319317591726,27.78488797889961,21.93171219946131,18.788294228055936,15.297058540778355,16.278820596099706,13.453624047073712,17.0,15.132745950421555,16.492422502470642,13.892443989449806,19.235384061671347,24.16609194718914,26.076809620810597,28.65309756378881,29.966648127543394,34.17601498127012,24.16609194718914,34.17601498127012,29.1547594742265,27.313000567495326,29.410882339705488,23.345235059857504,20.223748416156685,23.0,18.110770276274835,18.38477631085024,11.704699910719626,13.038404810405298,6.4031242374328485,3.1622776601683795,13.152946437965904,17.0,6.4031242374328485,11.045361017187261,18.439088914585778,15.0,21.470910553583888,13.0,14.866068747318504,7.810249675906654,8.54400374531753,14.317821063276352,11.704699910719626,20.248456731316587,13.453624047073712,13.453624047073712,8.06225774829855,5.0,1697810865.4365535
24.041630560342618,24.758836806279895,22.627416997969522,21.2602916254693,18.867962264113206,17.69180601295413,16.278820596099706,15.556349186104047,13.453624047073712,14.866068747318504,17.4928556845359,18.439088914585778,15.03329637837291,15.132745950421555,16.1245154965971,21.023796041628636,24.083189157584588,21.023796041628636,24.73863375370596,23.194827009486403,28.160255680657446,25.079872407968907,27.16615541441225,29.017236257093817,26.1725046566048,21.587033144922902,21.095023109728988,20.591260281974,17.204650534085253,14.212670403551895,10.63014581273465,7.0710678118654755,4.0,3.6055512754639896,7.0710678118654755,15.297058540778355,12.36931687685298,13.416407864998739,13.416407864998739,10.770329614269007,10.44030650891055,9.848857801796104,10.295630140987,8.602325267042627,7.810249675906654,11.313708498984761,10.770329614269007,18.0,8.246211251235321,7.0,7.0710678118654755,5.8309518948453,1697810865.4470615
26.1725046566048,25.298221281347036,30.4138126514911,21.93171219946131,26.870057685088806,24.413111231467404,21.470910553583888,9.848857801796104,16.970562748477143,14.212670403551895,20.8806130178211,26.400757564888174,16.76305461424021,17.46424919657298,18.027756377319946,23.194827009486403,27.459060435491963,30.06659275674582,32.01562118716424,31.256999216175565,27.16615541441225,32.984845004941285,27.018512172212592,27.202941017470888,28.23118842698621,26.832815729997478,24.839484696748443,20.518284528683193,19.4164878389476,17.029386365926403,11.6619037896906,5.0,3.6055512754639896,4.47213595499958,5.0,17.46424919657298,19.235384061671343,14.560219778561038,19.4164878389476,7.615773105863909,14.560219778561038,11.6619037896906,11.704699910719626,9.055385138137417,7.280109889280519,13.038404810405298,14.317821063276352,13.416407864998739,12.206555615733702,11.6619037896906,7.280109889280519,5.099019513592785,1697810865.4687726
26.1725046566048,21.095023109728984,23.086792761230395,15.524174696260024,20.6155281280883,16.0312195418814,23.706539182259394,15.264337522473749,10.44030650891055,19.0,14.317821063276352,16.278820596099706,17.46424919657298,18.439088914585774,20.615528128088304,23.769728648009426,25.059928172283335,34.66987164671943,22.561028345356952,27.85677655436824,26.0,26.248809496813376,26.92582403567252,27.51363298439521,24.041630560342615,25.495097567963924,18.681541692269406,25.942243542145697,11.704699910719626,17.0,8.602325267042627,5.0,4.242640687119286,2.8284271247461903,13.038404810405298,14.0,17.720045146669353,7.615773105863909,10.04987562112089,11.704699910719626,8.06225774829855,12.0,10.04987562112089,6.324555320336759,7.280109889280519,10.19803902718557,8.602325267042627,10.295630140987,9.433981132056603,10.0,5.0,5.8309518948453,1697810865.4768076
19.1049731745428,27.78488797889961,24.207436873820413,14.317821063276352,16.970562748477143,15.811388300841896,17.88854381999832,15.132745950421555,15.556349186104047,19.697715603592208,23.706539182259394,25.0,18.248287590894655,12.08304597359457,18.681541692269406,22.135943621178658,20.0,24.041630560342615,27.073972741361768,32.0624390837628,27.459060435491963,21.540659228538015,26.305892875931807,22.561028345356952,21.633307652783937,20.0,13.038404810405298,17.804493814764854,19.209372712298546,14.560219778561038,12.529964086141668,10.295630140987,4.47213595499958,11.0,6.0,17.26267650163207,6.0,13.601470508735444,10.19803902718557,16.1245154965971,14.142135623730951,10.0,11.180339887498949,13.601470508735444,9.848857801796104,14.0356688476182,15.652475842498529,9.486832980505138,8.602325267042627,10.0,9.0,11.045361017187261,1697810865.4837718
24.186773244895647,23.769728648009426,29.154759474226502,26.0,20.024984394500787,22.02271554554524,13.601470508735444,16.278820596099706,15.297058540778355,24.08318915758459,4.47213595499958,18.38477631085024,12.08304597359457,13.341664064126334,20.39607805437114,22.472205054244235,27.892651361962706,29.832867780352593,32.01562118716424,28.160255680657446,33.13608305156178,33.54101966249685,25.079872407968907,27.658633371878665,32.2490309931942,24.351591323771842,27.018512172212596,26.870057685088806,21.93171219946131,19.1049731745428,16.643316977093235,8.06225774829855,5.099019513592785,7.810249675906654,7.0710678118654755,18.439088914585774,13.601470508735444,12.041594578792296,14.560219778561038,12.529964086141668,5.385164807134504,7.0,15.03329637837291,8.54400374531753,12.041594578792296,12.206555615733702,17.4928556845359,16.15549442140351,15.297058540778355,11.0,12.649110640673518,10.63014581273465,1697810865.5380452
23.430749027719962,25.059928172283335,31.827660925679098,20.591260281974,24.041630560342618,18.35755975068582,15.811388300841896,14.212670403551895,13.601470508735444,15.652475842498529,18.788294228055936,19.4164878389476,20.223748416156685,17.08800749063506,21.095023109728988,24.515301344262525,22.472205054244235,28.844410203711917,31.906112267087636,29.410882339705484,34.40930106817051,31.38470965295043,30.528675044947498,27.51363298439521,25.495097567963924,22.360679774997898,23.086792761230395,24.186773244895647,16.76305461424021,18.027756377319946,18.35755975068582,9.899494936611665,2.0,8.94427190999916,13.892443989449806,5.385164807134504,15.620499351813308,9.848857801796104,15.264337522473749,16.76305461424021,12.727922061357857,12.08304597359457,11.40175425099138,12.08304597359457,14.866068747318506,13.0,17.11724276862369,16.0312195418814,14.142135623730951,10.44030650891055,13.152946437965904,8.246211251235321,1697810865.5445564
19.924858845171276,20.024984394500787,17.26267650163207,18.35755975068582,13.601470508735444,15.297058540778355,11.045361017187261,14.317821063276352,16.1245154965971,10.44030650891055,13.601470508735444,13.601470508735444,18.788294228055936,14.317821063276352,10.816653826391969,21.095023109728988,18.35755975068582,21.213203435596427,22.022715545545243,22.022715545545243,22.022715545545243,20.0,23.430749027719962,25.63201123595259,20.591260281974,17.720045146669353,18.110770276274835,17.11724276862369,17.11724276862369,16.76305461424021,8.246211251235321,5.385164807134504,6.708203932499369,6.324555320336759,6.4031242374328485,14.317821063276352,14.422205101855958,14.866068747318506,9.899494936611665,7.615773105863909,8.94427190999916,10.04987562112089,12.041594578792296,11.6619037896906,8.06225774829855,11.180339887498949,11.180339887498949,11.0,12.041594578792294,9.0,10.44030650891055,8.602325267042627,1697810865.5583813
14.866068747318506,14.317821063276352,16.0312195418814,11.0,16.0,11.045361017187261,13.92838827718412,8.06225774829855,10.04987562112089,7.615773105863909,15.132745950421555,10.295630140987,12.206555615733702,8.246211251235321,12.041594578792296,17.4928556845359,14.317821063276352,14.317821063276352,16.15549442140351,14.7648230602334,16.55294535724685,20.615528128088304,15.620499351813308,15.652475842498529,16.76305461424021,16.492422502470642,15.03329637837291,17.0,6.708203932499369,10.0,5.656854249492381,2.8284271247461903,4.242640687119286,5.656854249492381,1.0,10.44030650891055,10.63014581273465,9.219544457292887,7.615773105863909,10.0,12.165525060596437,6.324555320336759,10.0,10.816653826391969,6.0827625302982185,7.0710678118654755,12.206555615733702,6.708203932499369,8.0,8.246211251235321,8.06225774829855,7.810249675906654,1697810865.5653896
29.732137494637012,20.0,32.38826948140329,23.60084744241189,16.278820596099706,26.248809496813372,22.561028345356952,24.839484696748443,17.88854381999832,15.524174696260024,14.866068747318504,25.0,14.317821063276352,28.30194339616981,11.180339887498949,18.110770276274835,20.6155281280883,26.0,24.69817807045694,22.80350850198276,23.08679276123039,27.78488797889961,20.223748416156685,24.020824298928627,30.14962686336267,31.0,22.203603311174515,22.135943621178658,20.0,13.416407864998739,8.602325267042627,8.246211251235321,6.708203932499369,10.19803902718557,10.44030650891055,12.041594578792296,18.027756377319946,14.866068747318504,9.899494936611665,10.816653826391969,21.095023109728988,12.041594578792294,15.811388300841898,10.770329614269007,11.180339887498949,3.6055512754639896,14.142135623730951,12.041594578792296,11.313708498984761,12.041594578792296,12.727922061357857,7.280109889280519,1697810865.603803
24.186773244895647,22.203603311174515,24.186773244895647,19.313207915827967,21.931712199461305,18.973665961010276,17.88854381999832,14.0356688476182,12.041594578792294,18.027756377319946,16.278820596099706,17.69180601295413,16.278820596099706,7.810249675906654,15.620499351813308,10.816653826391969,21.400934559032695,23.53720459187964,24.186773244895647,30.14962686336267,25.709920264364882,26.570660511172843,22.20360331117452,17.204650534085253,27.78488797889961,27.313000567495326,20.808652046684813,33.015148038438355,13.152946437965904,23.086792761230395,15.556349186104047,13.341664064126334,7.615773105863909,11.704699910719626,14.142135623730951,17.11724276862369,14.560219778561038,13.0,18.38477631085024,16.76305461424021,11.704699910719626,15.132745950421555,14.317821063276352,14.7648230602334,12.041594578792296,8.602325267042627,9.055385138137417,13.92838827718412,13.92838827718412,8.485281374238571,7.810249675906654,6.0,1697810865.7203326
24.186773244895647,22.203603311174515,24.186773244895647,19.313207915827967,21.931712199461305,18.973665961010276,17.88854381999832,39.84971769034255,42.95346318982905,44.40720662234904,41.0,39.35733730830886,30.479501308256342,26.907248094147423,30.80584360149873,46.690470119715,49.24428900898052,23.53720459187964,24.186773244895647,30.14962686336267,25.709920264364882,26.570660511172843,22.20360331117452,17.204650534085253,27.78488797889961,27.313000567495326,20.808652046684813,33.015148038438355,13.152946437965904,23.086792761230395,30.364452901377952,25.495097567963924,16.76305461424021,11.180339887498949,24.083189157584588,17.11724276862369,14.560219778561038,13.0,18.38477631085024,35.510561809129406,30.0,24.515301344262525,27.658633371878665,23.021728866442675,23.086792761230395,27.018512172212592,25.709920264364882,25.495097567963924,27.80287754891569,20.615528128088304,15.620499351813308,12.529964086141668,1697810865.7263372
32.69556544854363,33.24154027718932,29.1547594742265,28.160255680657446,28.017851452243796,23.53720459187964,24.083189157584588,20.024984394500787,22.20360331117452,23.021728866442675,19.4164878389476,18.027756377319946,10.295630140987,12.041594578792296,14.422205101855958,20.615528128088304,24.16609194718914,26.400757564888174,29.732137494637012,29.546573405388315,29.732137494637012,30.364452901377952,29.966648127543394,32.64965543462902,30.23243291566195,25.0,27.80287754891569,25.63201123595259,28.600699292150182,22.360679774997898,16.15549442140351,7.810249675906654,15.811388300841898,4.47213595499958,12.649110640673518,20.591260281974,22.360679774997898,20.024984394500787,18.439088914585778,16.76305461424021,13.038404810405298,9.219544457292889,24.020824298928627,37.0,16.278820596099706,17.720045146669353,30.14962686336267,13.0,18.439088914585778,17.08800749063506,7.211102550927979,10.770329614269007,1697810865.7338321
24.16609194718914,29.068883707497267,28.0178514522438,18.439088914585778,24.69817807045694,19.79898987322333,17.08800749063506,10.0,16.278820596099706,17.46424919657298,19.723082923316017,17.11724276862369,16.15549442140351,22.135943621178658,22.561028345356952,23.0,27.202941017470888,26.019223662515373,30.01666203960727,24.041630560342615,29.017236257093817,30.14962686336267,24.083189157584588,27.892651361962706,27.459060435491963,20.8806130178211,20.615528128088304,17.804493814764854,7.0,4.47213595499958,5.099019513592785,3.0,5.385164807134504,13.601470508735444,14.560219778561038,20.39607805437114,14.0,13.0,14.142135623730951,10.19803902718557,10.63014581273465,11.704699910719626,6.708203932499369,5.099019513592785,3.1622776601683795,9.486832980505138,15.0,15.0,17.0,15.811388300841898,15.0,11.40175425099138,1697810865.930859
27.730849247724095,25.553864678361276,28.160255680657446,27.58622844826744,24.08318915758459,19.235384061671343,17.4928556845359,14.7648230602334,12.206555615733702,13.416407864998739,20.518284528683193,22.203603311174515,17.46424919657298,17.0,17.0,28.0178514522438,29.410882339705488,24.413111231467404,30.528675044947498,32.7566787083184,26.076809620810597,28.844410203711917,24.08318915758459,26.248809496813372,26.1725046566048,21.470910553583888,23.53720459187964,15.03329637837291,14.0,7.0710678118654755,6.0827625302982185,5.385164807134504,9.899494936611665,11.40175425099138,18.38477631085024,22.022715545545243,17.029386365926403,15.620499351813308,13.453624047073712,12.529964086141668,5.8309518948453,5.099019513592785,5.099019513592785,1.0,9.848857801796104,7.211102550927979,13.416407864998739,17.204650534085253,17.204650534085253,15.620499351813308,14.422205101855958,14.560219778561038,1697810865.9370005
20.223748416156685,23.53720459187964,17.88854381999832,17.11724276862369,19.026297590440446,16.1245154965971,15.0,12.36931687685298,16.0312195418814,13.0,11.40175425099138,16.55294535724685,16.1245154965971,15.620499351813308,17.69180601295413,18.867962264113206,23.60084744241189,26.907248094147423,25.495097567963924,22.80350850198276,24.758836806279895,24.758836806279895,18.439088914585774,18.35755975068582,19.235384061671343,16.15549442140351,16.1245154965971,14.0,13.152946437965904,6.324555320336759,7.0710678118654755,2.8284271247461903,8.06225774829855,8.94427190999916,13.601470508735444,17.69180601295413,11.6619037896906,14.866068747318504,9.848857801796104,7.810249675906654,6.324555320336759,2.8284271247461903,6.4031242374328485,5.385164807134504,5.8309518948453,6.0827625302982185,11.180339887498949,18.027756377319946,17.029386365926403,15.620499351813308,13.892443989449806,11.704699910719626,1697810865.9469044
22.80350850198276,21.095023109728988,21.400934559032695,16.1245154965971,18.867962264113206,14.7648230602334,15.811388300841896,11.6619037896906,11.6619037896906,16.278820596099706,15.620499351813308,14.317821063276352,16.0312195418814,13.038404810405298,14.0356688476182,21.18962010041709,21.023796041628636,26.1725046566048,24.083189157584588,28.017851452243796,20.223748416156685,23.53720459187964,23.53720459187964,20.615528128088304,19.924858845171276,18.027756377319946,17.204650534085253,16.278820596099706,8.602325267042627,8.485281374238571,5.099019513592785,1.0,5.8309518948453,11.180339887498949,14.866068747318506,17.11724276862369,15.03329637837291,12.041594578792294,12.165525060596437,7.0,7.0710678118654755,4.0,6.0827625302982185,5.099019513592785,3.6055512754639896,7.615773105863909,12.165525060596437,15.132745950421555,16.1245154965971,16.278820596099706,11.0,13.416407864998739,1697810865.9539046
26.248809496813372,23.430749027719962,20.248456731316587,26.832815729997478,24.839484696748443,19.849433241279208,16.1245154965971,7.810249675906654,10.770329614269007,19.723082923316017,16.1245154965971,14.0356688476182,15.03329637837291,16.278820596099706,17.0,23.194827009486403,22.02271554554524,25.01999200639361,17.029386365926403,29.017236257093817,23.021728866442675,21.023796041628636,23.53720459187964,22.360679774997898,20.248456731316587,19.313207915827967,17.69180601295413,16.278820596099706,14.142135623730951,7.810249675906654,6.4031242374328485,2.23606797749979,1.0,8.54400374531753,11.180339887498949,15.03329637837291,15.03329637837291,11.0,12.36931687685298,7.615773105863909,6.708203932499369,5.0,5.0,3.6055512754639896,6.4031242374328485,10.44030650891055,14.0356688476182,18.027756377319946,19.026297590440446,17.029386365926403,15.524174696260024,14.560219778561038,1697810865.9609041
29.068883707497267,29.732137494637012,21.95449840010015,23.706539182259394,29.5296461204668,21.2602916254693,19.209372712298546,19.235384061671343,11.40175425099138,20.591260281974,14.142135623730951,18.788294228055936,19.924858845171276,13.601470508735444,22.472205054244235,25.495097567963924,26.832815729997478,34.88552708502481,34.92849839314596,29.1547594742265,26.248809496813376,34.132096331752024,29.68164415931166,26.419689627245813,27.202941017470888,18.439088914585774,22.47220505424423,23.259406699226012,10.816653826391969,12.165525060596437,4.123105625617661,6.0827625302982185,6.708203932499369,10.770329614269007,14.866068747318504,19.209372712298546,14.317821063276352,15.132745950421555,22.135943621178658,16.76305461424021,4.47213595499958,6.324555320336759,7.280109889280519,7.0710678118654755,5.385164807134504,7.280109889280519,13.892443989449806,18.788294228055936,25.709920264364882,18.38477631085024,18.973665961010276,17.204650534085253,1697810865.9678433
24.041630560342615,22.561028345356952,22.561028345356952,17.11724276862369,15.811388300841898,16.278820596099706,18.248287590894655,13.601470508735444,14.142135623730951,12.0,15.0,9.219544457292887,15.0,15.620499351813308,15.524174696260024,23.60084744241189,23.430749027719962,22.203603311174515,26.1725046566048,23.021728866442675,25.0,28.635642126552703,25.80697580112788,22.203603311174515,20.808652046684813,20.12461179749811,15.264337522473749,23.345235059857504,11.180339887498949,5.0,5.385164807134504,1.4142135623730951,6.708203932499369,7.615773105863909,11.40175425099138,17.69180601295413,12.529964086141668,12.206555615733702,7.0710678118654755,11.40175425099138,1.0,4.123105625617661,5.0,7.0710678118654755,9.433981132056603,6.4031242374328485,15.0,15.556349186104047,18.439088914585774,15.811388300841898,13.038404810405298,14.866068747318504,1697810865.9749074
15.524174696260024,21.931712199461305,18.027756377319946,15.0,10.770329614269007,14.317821063276352,12.649110640673518,12.165525060596437,14.142135623730951,7.280109889280519,10.816653826391969,13.453624047073712,12.041594578792296,11.40175425099138,14.422205101855958,18.38477631085024,18.867962264113206,17.204650534085253,18.35755975068582,17.204650534085253,18.35755975068582,21.400934559032695,17.46424919657298,16.1245154965971,17.4928556845359,12.529964086141668,13.152946437965904,14.0,7.0710678118654755,10.19803902718557,2.0,2.23606797749979,8.54400374531753,7.615773105863909,3.1622776601683795,15.811388300841898,10.44030650891055,7.211102550927979,7.810249675906654,8.06225774829855,6.0827625302982185,6.708203932499369,7.615773105863909,4.123105625617661,6.4031242374328485,6.4031242374328485,12.649110640673518,12.165525060596437,12.36931687685298,13.152946437965904,9.219544457292887,14.212670403551895,1697810865.9829128
23.021728866442675,35.84689665786985,27.294688127912362,29.427877939124325,18.248287590894655,22.47220505424423,18.027756377319946,17.08800749063506,15.0,18.973665961010276,2.8284271247461903,9.433981132056603,16.1245154965971,8.602325267042627,10.63014581273465,9.219544457292887,22.671568097509265,22.02271554554524,20.6155281280883,23.194827009486403,27.073972741361768,31.144823004794876,23.769728648009423,24.515301344262525,26.1725046566048,19.235384061671343,17.029386365926403,28.600699292150182,19.4164878389476,22.090722034374522,15.03329637837291,10.63014581273465,7.280109889280519,2.23606797749979,8.54400374531753,14.0,10.816653826391969,15.524174696260024,5.656854249492381,7.0710678118654755,12.041594578792296,9.0,7.0710678118654755,6.0,3.6055512754639896,3.6055512754639896,12.529964086141668,16.1245154965971,17.0,9.848857801796104,5.8309518948453,8.94427190999916,1697810866.780728
28.792360097775934,28.23118842698621,22.47220505424423,19.697715603592208,16.15549442140351,15.652475842498529,12.08304597359457,8.94427190999916,5.385164807134504,2.23606797749979,5.385164807134504,11.045361017187261,10.0,18.38477631085024,11.40175425099138,20.0,25.0,22.472205054244235,23.08679276123039,22.80350850198276,24.041630560342615,24.73863375370596,23.08679276123039,24.041630560342615,24.041630560342615,22.561028345356952,21.840329667841555,10.44030650891055,12.529964086141668,17.0,14.142135623730951,10.0,3.0,10.770329614269007,18.788294228055936,15.0,18.248287590894655,11.0,5.385164807134504,10.295630140987,7.0,4.123105625617661,7.211102550927979,5.0,13.416407864998739,15.03329637837291,14.317821063276352,34.713109915419565,8.0,14.0356688476182,17.029386365926403,4.0,1697810866.8089814
30.26549190084311,25.709920264364882,23.345235059857504,20.024984394500787,22.02271554554524,17.0,12.165525060596437,7.0710678118654755,5.099019513592785,4.47213595499958,4.123105625617661,12.08304597359457,13.152946437965904,8.602325267042627,12.727922061357857,21.18962010041709,16.401219466856727,19.924858845171276,21.540659228538015,27.459060435491963,23.259406699226012,26.248809496813372,24.186773244895647,27.78488797889961,24.413111231467404,19.1049731745428,26.419689627245813,22.090722034374522,9.486832980505138,13.152946437965904,13.341664064126334,7.810249675906654,10.770329614269007,11.40175425099138,13.152946437965904,16.55294535724685,12.529964086141668,15.231546211727817,12.529964086141668,11.180339887498949,9.848857801796104,6.0,12.206555615733702,4.242640687119286,5.8309518948453,16.278820596099706,25.059928172283335,16.1245154965971,5.0,29.68164415931166,8.246211251235321,6.324555320336759,1697810866.8159816
27.16615541441225,24.186773244895647,24.083189157584588,18.027756377319946,17.26267650163207,15.132745950421555,10.44030650891055,9.055385138137417,3.1622776601683795,4.0,9.433981132056603,10.0,13.601470508735444,3.6055512754639896,14.212670403551895,26.627053911388693,18.867962264113206,27.80287754891569,24.413111231467404,25.80697580112788,26.627053911388693,30.016662039607265,26.92582403567252,20.8806130178211,27.313000567495326,21.213203435596427,20.591260281974,17.88854381999832,14.212670403551895,15.264337522473749,14.317821063276352,9.433981132056603,6.708203932499369,9.219544457292889,12.649110640673518,25.059928172283335,19.723082923316017,16.76305461424021,7.0710678118654755,11.313708498984761,9.433981132056603,5.0,9.219544457292889,11.40175425099138,15.231546211727817,12.0,0.0,21.95449840010015,22.472205054244235,12.529964086141668,17.804493814764854,22.847319317591726,1697810866.8228583
36.05551275463989,30.870698080866262,26.0,22.472205054244235,21.023796041628636,14.866068747318506,11.704699910719626,6.4031242374328485,4.123105625617661,5.099019513592785,7.0710678118654755,11.704699910719626,9.848857801796104,11.40175425099138,21.377558326431952,21.023796041628636,28.861739379323623,29.27456233660889,27.892651361962706,34.132096331752024,36.49657518178931,35.0,38.05259518088089,25.079872407968907,33.060550509633075,26.92582403567252,26.832815729997478,27.51363298439521,13.038404810405298,21.95449840010015,17.204650534085253,8.06225774829855,8.06225774829855,12.727922061357857,17.720045146669353,17.46424919657298,11.180339887498949,12.529964086141668,14.317821063276352,11.6619037896906,6.708203932499369,6.0827625302982185,8.94427190999916,9.219544457292887,2.23606797749979,11.704699910719626,16.492422502470642,14.866068747318506,19.313207915827967,19.235384061671343,15.231546211727817,17.88854381999832,1697810866.8297997
24.596747752497688,25.298221281347036,22.20360331117452,27.202941017470888,17.46424919657298,16.15549442140351,11.704699910719626,12.08304597359457,9.219544457292889,8.06225774829855,5.8309518948453,7.211102550927979,7.280109889280519,8.94427190999916,8.54400374531753,15.556349186104047,11.6619037896906,13.601470508735444,16.970562748477143,17.204650534085253,19.4164878389476,17.029386365926403,14.317821063276352,14.317821063276352,13.341664064126334,11.045361017187261,13.038404810405298,14.7648230602334,12.041594578792296,12.806248474865697,8.94427190999916,6.708203932499369,4.123105625617661,4.242640687119286,7.0710678118654755,10.770329614269007,8.54400374531753,8.54400374531753,8.94427190999916,7.615773105863909,5.099019513592785,8.06225774829855,8.06225774829855,6.708203932499369,6.4031242374328485,8.94427190999916,11.704699910719626,11.180339887498949,9.055385138137417,8.0,8.06225774829855,8.602325267042627,1697810867.3391275
32.0624390837628,28.0713376952364,26.076809620810597,25.317977802344327,23.086792761230395,19.026297590440446,20.0,19.235384061671347,10.295630140987,11.6619037896906,14.317821063276352,13.152946437965904,19.026297590440446,23.345235059857504,20.09975124224178,24.020824298928627,25.079872407968907,26.076809620810597,31.064449134018133,28.160255680657446,29.1547594742265,27.0,25.0,28.460498941515414,22.847319317591726,22.360679774997898,15.811388300841896,19.849433241279208,23.706539182259394,20.518284528683193,12.041594578792296,12.041594578792296,6.0827625302982185,2.0,11.40175425099138,7.615773105863909,12.727922061357857,12.206555615733702,12.206555615733702,7.211102550927979,8.602325267042627,2.23606797749979,9.219544457292887,8.06225774829855,12.165525060596437,13.152946437965904,15.231546211727817,17.804493814764854,17.69180601295413,13.453624047073712,13.0,15.03329637837291,1697810867.3770418
20.518284528683193,28.0178514522438,21.02379604162864,18.439088914585774,20.518284528683193,19.209372712298546,7.0710678118654755,30.364452901377952,8.06225774829855,2.23606797749979,12.165525060596437,12.529964086141668,16.1245154965971,11.40175425099138,14.142135623730951,20.615528128088304,18.38477631085024,22.135943621178658,24.73863375370596,24.698178070456937,27.202941017470888,23.769728648009423,16.1245154965971,23.08679276123039,16.643316977093235,17.4928556845359,18.973665961010276,17.46424919657298,16.492422502470642,14.866068747318506,15.652475842498529,7.615773105863909,3.1622776601683795,1.0,9.219544457292887,11.0,16.15549442140351,4.47213595499958,8.94427190999916,4.0,6.0827625302982185,4.47213595499958,7.615773105863909,10.04987562112089,8.602325267042627,10.816653826391969,12.806248474865697,14.866068747318504,15.620499351813308,14.212670403551895,11.6619037896906,12.041594578792294,1697810867.390825
24.73863375370596,20.223748416156685,22.472205054244235,14.0,22.0,16.76305461424021,10.770329614269007,12.529964086141668,13.601470508735444,13.038404810405298,10.19803902718557,12.36931687685298,19.4164878389476,16.15549442140351,10.44030650891055,19.1049731745428,20.8806130178211,28.635642126552703,27.294688127912362,21.023796041628636,21.540659228538015,24.0,25.079872407968907,21.587033144922902,18.973665961010276,16.15549442140351,19.79898987322333,16.278820596099706,9.848857801796104,16.643316977093235,9.848857801796104,8.06225774829855,5.099019513592785,4.47213595499958,7.211102550927979,9.055385138137417,11.704699910719626,12.041594578792294,9.433981132056603,7.810249675906654,4.47213595499958,6.324555320336759,8.94427190999916,5.8309518948453,7.615773105863909,12.529964086141668,13.416407864998739,14.0356688476182,18.027756377319946,14.0356688476182,12.08304597359457,15.264337522473749,1697810867.4078317
26.419689627245813,30.528675044947498,25.059928172283335,22.847319317591726,22.360679774997898,20.248456731316587,17.88854381999832,17.69180601295413,14.422205101855958,14.866068747318504,16.1245154965971,17.26267650163207,16.0,18.248287590894655,18.0,26.1725046566048,25.079872407968907,28.017851452243796,30.06659275674582,30.01666203960727,27.018512172212592,26.019223662515373,24.331050121192874,25.0,24.698178070456937,20.591260281974,20.0,19.235384061671343,18.788294228055936,16.55294535724685,12.529964086141668,6.324555320336759,4.0,5.099019513592785,10.19803902718557,12.0,12.041594578792294,10.0,11.045361017187261,8.246211251235321,6.0,7.0,8.06225774829855,8.54400374531753,10.816653826391969,13.453624047073712,16.643316977093235,18.027756377319946,16.76305461424021,15.231546211727817,13.601470508735444,13.601470508735444,1697810867.4158168
35.60898762952971,31.064449134018133,33.421549934136806,26.248809496813372,22.022715545545243,25.079872407968903,11.40175425099138,13.892443989449806,13.892443989449806,15.231546211727817,13.892443989449806,16.76305461424021,16.76305461424021,16.1245154965971,14.866068747318504,18.788294228055936,25.495097567963924,28.0178514522438,27.58622844826744,26.627053911388693,22.671568097509265,36.359317925395686,10.19803902718557,25.0,17.029386365926403,21.587033144922902,20.09975124224178,22.02271554554524,21.213203435596427,18.027756377319946,14.0,9.486832980505138,5.8309518948453,4.123105625617661,9.848857801796104,12.649110640673518,13.601470508735444,12.36931687685298,14.142135623730951,11.0,8.246211251235321,10.19803902718557,11.40175425099138,11.0,14.0356688476182,12.36931687685298,21.095023109728988,30.80584360149873,20.808652046684813,22.360679774997898,11.180339887498949,13.92838827718412,1697810867.4615405
25.96150997149434,24.515301344262525,25.317977802344327,12.649110640673518,19.6468827043885,17.26267650163207,15.524174696260024,13.0,15.264337522473749,7.211102550927979,16.278820596099706,13.453624047073712,13.601470508735444,19.4164878389476,11.180339887498949,17.804493814764854,15.264337522473749,16.15549442140351,21.18962010041709,16.1245154965971,18.439088914585774,23.021728866442675,19.79898987322333,20.808652046684813,21.095023109728988,12.649110640673518,16.76305461424021,16.1245154965971,13.038404810405298,13.892443989449806,9.219544457292889,10.0,2.0,3.1622776601683795,9.219544457292889,14.866068747318504,9.219544457292889,7.0710678118654755,11.40175425099138,11.40175425099138,8.06225774829855,7.211102550927979,7.0710678118654755,7.280109889280519,11.313708498984761,13.892443989449806,10.19803902718557,18.681541692269406,13.601470508735444,12.041594578792296,9.219544457292889,13.601470508735444,1697810868.2822504
43.10452412450461,46.09772228646444,34.205262752974136,21.213203435596427,28.284271247461902,19.026297590440446,16.1245154965971,11.180339887498949,10.44030650891055,10.816653826391969,11.180339887498949,15.0,18.38477631085024,18.439088914585774,23.706539182259394,29.0,29.068883707497267,32.55764119219941,35.4682957019364,34.828149534536,33.421549934136806,33.24154027718932,28.600699292150182,32.2490309931942,32.2490309931942,26.832815729997478,25.317977802344327,25.079872407968907,22.02271554554524,21.095023109728984,16.0312195418814,10.04987562112089,5.656854249492381,8.246211251235321,11.704699910719626,14.317821063276352,15.524174696260024,15.524174696260024,15.297058540778355,11.045361017187261,9.486832980505138,10.0,9.219544457292889,8.94427190999916,7.810249675906654,13.0,16.1245154965971,18.027756377319946,18.110770276274835,15.03329637837291,15.03329637837291,14.866068747318506,1697810868.5031428
24.69817807045694,22.671568097509265,21.18962010041709,11.6619037896906,22.022715545545243,12.206555615733702,11.180339887498949,10.0,1.0,2.8284271247461903,7.211102550927979,13.892443989449806,16.278820596099706,25.495097567963924,21.2602916254693,29.832867780352593,27.202941017470888,30.0,31.906112267087636,33.60059523282288,29.20616373302047,27.78488797889961,27.202941017470888,28.31960451701259,28.42534080710379,24.413111231467404,22.847319317591726,20.6155281280883,20.6155281280883,15.524174696260024,12.36931687685298,8.06225774829855,8.94427190999916,13.601470508735444,14.866068747318506,16.1245154965971,18.027756377319946,15.264337522473749,16.1245154965971,11.6619037896906,7.280109889280519,8.602325267042627,5.8309518948453,2.0,2.0,3.6055512754639896,7.211102550927979,17.08800749063506,17.46424919657298,13.92838827718412,16.15549442140351,14.142135623730951,1697810868.9662352
19.026297590440446,21.587033144922902,17.029386365926403,15.0,4.0,7.615773105863909,5.0,5.656854249492381,2.0,1.0,7.810249675906654,18.110770276274835,14.866068747318506,15.297058540778355,24.351591323771842,26.019223662515373,28.017851452243796,30.413812651491096,25.96150997149434,31.04834939252005,31.40063693621516,31.780497164141405,27.202941017470888,26.019223662515373,27.0,25.0,20.223748416156685,23.40939982143925,19.697715603592208,13.892443989449806,11.40175425099138,8.485281374238571,8.246211251235321,10.19803902718557,10.19803902718557,16.1245154965971,17.11724276862369,14.0356688476182,14.317821063276352,10.04987562112089,10.04987562112089,9.0,7.0710678118654755,3.6055512754639896,2.0,5.0,10.63014581273465,14.560219778561038,13.0,15.297058540778355,13.152946437965904,10.44030650891055,1697810868.9810066
26.400757564888174,25.238858928247925,22.47220505424423,19.209372712298546,16.278820596099706,13.601470508735444,11.180339887498949,6.0827625302982185,3.6055512754639896,4.0,10.44030650891055,17.204650534085253,18.38477631085024,21.93171219946131,26.248809496813372,32.526911934581186,33.421549934136806,33.83784863137726,36.05551275463989,34.40930106817051,33.28663395418647,33.60059523282288,28.42534080710379,29.698484809834998,31.89043743820395,28.42534080710379,23.259406699226012,24.698178070456937,23.53720459187964,20.8806130178211,15.297058540778355,10.04987562112089,12.206555615733702,12.806248474865697,21.931712199461305,25.495097567963924,21.633307652783937,20.591260281974,13.601470508735444,12.529964086141668,12.36931687685298,12.36931687685298,8.485281374238571,5.0,1.0,5.0,10.04987562112089,18.110770276274835,16.15549442140351,14.866068747318506,11.0,18.027756377319946,1697810868.990976
18.38477631085024,21.023796041628636,22.20360331117452,16.55294535724685,10.0,10.816653826391969,19.313207915827967,13.416407864998739,2.8284271247461903,4.123105625617661,13.416407864998739,19.313207915827967,16.15549442140351,19.6468827043885,13.453624047073712,27.58622844826744,26.0,30.016662039607265,28.178005607210743,31.622776601683796,24.16609194718914,26.92582403567252,37.33630940518894,25.553864678361276,30.083217912982647,19.697715603592208,20.6155281280883,17.88854381999832,20.12461179749811,8.06225774829855,16.278820596099706,5.385164807134504,9.0,12.36931687685298,13.341664064126334,17.029386365926403,18.027756377319946,20.248456731316587,18.681541692269406,6.324555320336759,13.152946437965904,9.219544457292887,5.0,3.6055512754639896,4.0,8.54400374531753,17.720045146669353,15.652475842498529,11.313708498984761,16.278820596099706,14.866068747318504,11.313708498984761,1697810869.0039756
18.439088914585778,13.416407864998739,14.7648230602334,8.06225774829855,14.0,6.708203932499369,7.0710678118654755,5.099019513592785,5.099019513592785,4.242640687119286,8.54400374531753,14.422205101855958,16.278820596099706,20.223748416156685,13.341664064126334,29.017236257093817,24.041630560342615,29.120439557122076,29.068883707497264,26.305892875931807,24.73863375370596,24.083189157584588,25.01999200639361,25.0,22.02271554554524,20.09975124224178,20.39607805437114,18.867962264113206,13.92838827718412,15.652475842498529,10.816653826391969,3.6055512754639896,10.0,10.770329614269007,9.486832980505138,14.317821063276352,12.36931687685298,12.36931687685298,11.180339887498949,8.94427190999916,7.810249675906654,8.54400374531753,6.324555320336759,2.23606797749979,2.23606797749979,4.123105625617661,7.810249675906654,10.63014581273465,12.649110640673518,13.92838827718412,12.08304597359457,10.816653826391969,1697810869.0481255
13.038404810405298,13.038404810405298,11.704699910719626,10.04987562112089,6.0827625302982185,7.615773105863909,4.123105625617661,1.0,4.47213595499958,2.23606797749979,4.242640687119286,9.219544457292889,9.486832980505138,10.44030650891055,12.529964086141668,17.029386365926403,17.0,20.0,17.11724276862369,22.090722034374522,18.110770276274835,18.0,16.1245154965971,17.029386365926403,19.1049731745428,14.142135623730951,14.422205101855958,13.038404810405298,12.206555615733702,12.08304597359457,7.810249675906654,5.0,7.280109889280519,7.0710678118654755,9.055385138137417,9.219544457292889,9.0,8.54400374531753,9.055385138137417,5.385164807134504,8.0,8.0,5.385164807134504,2.23606797749979,2.23606797749979,2.23606797749979,4.242640687119286,6.708203932499369,9.0,8.602325267042627,9.219544457292889,6.0827625302982185,1697810869.0850532
21.540659228538015,20.591260281974,18.027756377319946,15.264337522473749,9.848857801796104,8.06225774829855,7.280109889280519,5.385164807134504,8.246211251235321,7.0710678118654755,10.295630140987,17.11724276862369,19.6468827043885,20.39607805437114,21.023796041628636,25.96150997149434,28.460498941515414,29.5296461204668,28.792360097775934,31.622776601683796,24.186773244895647,19.209372712298546,28.284271247461902,17.029386365926403,19.1049731745428,20.8806130178211,18.973665961010276,19.1049731745428,16.401219466856727,10.295630140987,11.6619037896906,8.94427190999916,9.219544457292889,10.44030650891055,13.92838827718412,14.560219778561038,15.231546211727817,13.601470508735444,13.601470508735444,10.44030650891055,6.708203932499369,8.06225774829855,6.324555320336759,4.47213595499958,1.4142135623730951,3.6055512754639896,7.810249675906654,10.816653826391969,11.6619037896906,11.6619037896906,12.529964086141668,10.63014581273465,1697810869.100054
25.612496949731394,24.839484696748443,22.671568097509265,18.027756377319946,14.142135623730951,10.816653826391969,9.433981132056603,6.0827625302982185,2.23606797749979,5.656854249492381,12.041594578792294,18.027756377319946,21.02379604162864,22.825424421026653,20.248456731316587,29.068883707497267,31.76476034853718,30.016662039607265,34.132096331752024,33.12099032335839,30.528675044947498,31.76476034853718,28.792360097775934,27.202941017470888,27.892651361962706,23.53720459187964,22.20360331117452,21.377558326431952,18.027756377319946,17.46424919657298,11.180339887498949,8.485281374238571,8.94427190999916,8.246211251235321,13.92838827718412,16.76305461424021,20.39607805437114,17.46424919657298,17.11724276862369,8.54400374531753,8.602325267042627,7.810249675906654,6.4031242374328485,6.0827625302982185,4.0,3.0,9.848857801796104,13.453624047073712,13.601470508735444,12.206555615733702,10.295630140987,10.295630140987,1697810869.119785
30.80584360149873,20.223748416156685,20.0,13.038404810405298,12.041594578792294,11.0,7.280109889280519,3.6055512754639896,3.1622776601683795,5.099019513592785,13.601470508735444,17.4928556845359,21.840329667841555,26.92582403567252,23.194827009486403,29.61418578992169,30.59411708155671,33.015148038438355,33.13608305156178,34.0147027033899,30.0,33.060550509633075,31.016124838541643,29.068883707497264,31.40063693621516,24.331050121192874,22.825424421026653,25.495097567963924,21.470910553583888,18.788294228055936,13.892443989449806,11.313708498984761,8.246211251235321,10.0,12.649110640673518,14.317821063276352,17.720045146669353,17.0,13.0,11.0,11.045361017187261,9.219544457292889,6.324555320336759,5.0,5.099019513592785,7.615773105863909,10.63014581273465,13.892443989449806,13.416407864998739,14.317821063276352,13.416407864998739,12.206555615733702,1697810869.1783133
26.907248094147423,23.430749027719962,19.1049731745428,16.401219466856727,12.529964086141668,12.206555615733702,10.0,6.708203932499369,5.099019513592785,6.4031242374328485,15.132745950421555,16.55294535724685,19.6468827043885,25.0,26.832815729997478,30.083217912982647,34.48187929913334,36.40054944640259,31.89043743820395,35.35533905932738,34.48187929913334,34.17601498127012,32.202484376209235,32.89376840679706,35.73513677041127,24.515301344262525,24.083189157584588,23.0,18.110770276274835,19.235384061671347,18.027756377319946,9.848857801796104,8.485281374238571,10.04987562112089,11.0,15.03329637837291,13.92838827718412,13.152946437965904,12.165525060596437,10.295630140987,8.0,9.0,8.06225774829855,5.099019513592785,7.0710678118654755,8.94427190999916,12.806248474865697,16.401219466856727,16.1245154965971,15.811388300841896,15.264337522473749,14.142135623730951,1697810869.2109077
22.360679774997898,19.723082923316017,19.235384061671343,16.55294535724685,13.601470508735444,13.038404810405298,10.44030650891055,5.8309518948453,7.280109889280519,7.280109889280519,6.0827625302982185,17.46424919657298,23.259406699226012,12.36931687685298,24.596747752497688,23.40939982143925,30.886890422961002,35.22782990761707,31.400636936215164,31.38470965295043,24.020824298928627,26.570660511172843,26.627053911388693,26.832815729997478,24.083189157584588,21.023796041628636,17.46424919657298,19.235384061671343,14.560219778561038,16.643316977093235,9.848857801796104,4.123105625617661,9.486832980505138,7.810249675906654,11.313708498984761,16.643316977093235,14.212670403551895,12.08304597359457,13.0,7.211102550927979,7.0710678118654755,7.211102550927979,7.280109889280519,6.324555320336759,6.708203932499369,8.54400374531753,10.19803902718557,14.0356688476182,13.152946437965904,13.341664064126334,13.152946437965904,12.041594578792294,1697810869.236229
30.23243291566195,31.38470965295043,27.78488797889961,24.207436873820413,22.671568097509265,18.60107523773827,19.849433241279208,14.317821063276352,15.524174696260024,9.486832980505138,8.54400374531753,13.038404810405298,18.38477631085024,14.317821063276352,14.7648230602334,22.135943621178658,30.01666203960727,45.122056690713904,32.0,39.11521443121589,37.64306044943742,27.018512172212592,29.427877939124325,28.30194339616981,31.016124838541646,22.360679774997898,20.808652046684813,19.849433241279208,25.80697580112788,23.60084744241189,14.7648230602334,12.36931687685298,13.601470508735444,3.6055512754639896,13.0,21.587033144922902,14.422205101855958,12.806248474865697,14.317821063276352,11.313708498984761,13.0,15.620499351813308,13.453624047073712,13.601470508735444,14.7648230602334,14.866068747318506,17.029386365926403,16.278820596099706,14.317821063276352,13.152946437965904,11.0,11.180339887498949,1697810869.6188395
31.953090617340916,21.0,20.591260281974,15.524174696260024,15.524174696260024,15.811388300841896,19.849433241279208,14.0356688476182,10.295630140987,13.152946437965904,18.60107523773827,14.317821063276352,9.848857801796104,17.029386365926403,23.08679276123039,24.413111231467404,29.410882339705484,24.08318915758459,28.65309756378881,25.495097567963924,32.202484376209235,30.0,20.518284528683193,24.08318915758459,19.235384061671343,19.697715603592208,22.0,19.026297590440446,14.0,15.620499351813308,14.422205101855958,13.453624047073712,5.656854249492381,5.8309518948453,4.47213595499958,11.180339887498949,12.165525060596437,16.492422502470642,11.180339887498949,13.152946437965904,11.6619037896906,9.486832980505138,15.811388300841896,14.560219778561038,13.152946437965904,14.866068747318506,19.026297590440446,19.1049731745428,18.027756377319946,16.0,11.180339887498949,13.601470508735444,1697810869.7143755
19.313207915827967,15.811388300841898,17.204650534085253,16.492422502470642,12.165525060596437,12.041594578792294,16.1245154965971,10.44030650891055,5.8309518948453,10.816653826391969,7.280109889280519,17.0,14.142135623730951,10.04987562112089,14.142135623730951,20.09975124224178,21.840329667841555,19.723082923316017,23.259406699226012,25.63201123595259,23.769728648009423,25.709920264364882,16.0312195418814,24.083189157584588,20.0,16.1245154965971,16.55294535724685,15.652475842498529,14.866068747318504,13.892443989449806,15.0,7.810249675906654,8.54400374531753,3.0,5.385164807134504,10.0,8.485281374238571,10.816653826391969,10.295630140987,6.324555320336759,6.4031242374328485,6.4031242374328485,10.295630140987,9.899494936611665,10.770329614269007,11.40175425099138,13.0,16.1245154965971,12.165525060596437,10.19803902718557,7.0710678118654755,8.94427190999916,1697810869.7243352
30.0,33.12099032335839,33.54101966249685,25.612496949731394,15.03329637837291,19.313207915827967,13.453624047073712,12.041594578792294,12.529964086141668,10.44030650891055,5.0,14.212670403551895,19.209372712298546,8.06225774829855,21.470910553583888,23.769728648009426,23.194827009486403,32.984845004941285,34.52535300326414,29.732137494637012,38.3275357934736,32.89376840679706,20.615528128088304,27.294688127912362,25.079872407968903,18.788294228055936,19.849433241279208,21.2602916254693,14.212670403551895,14.560219778561038,21.400934559032695,8.94427190999916,15.132745950421555,9.219544457292887,5.8309518948453,14.866068747318504,17.204650534085253,12.041594578792296,16.970562748477143,13.453624047073712,11.40175425099138,14.866068747318506,17.029386365926403,16.643316977093235,15.524174696260024,17.46424919657298,19.235384061671347,15.0,17.11724276862369,19.1049731745428,16.15549442140351,12.041594578792296,1697810869.7303343
21.470910553583888,26.400757564888174,22.360679774997898,18.867962264113206,17.804493814764854,16.278820596099706,15.0,9.433981132056603,12.165525060596437,10.770329614269007,11.704699910719626,12.806248474865697,13.152946437965904,17.0,19.697715603592208,21.95449840010015,24.596747752497688,27.51363298439521,26.419689627245813,30.413812651491096,23.769728648009426,28.30194339616981,25.495097567963924,25.612496949731394,25.495097567963924,17.029386365926403,15.652475842498529,21.377558326431952,14.560219778561038,17.46424919657298,15.132745950421555,13.601470508735444,9.486832980505138,3.1622776601683795,2.0,12.806248474865697,12.36931687685298,17.029386365926403,14.866068747318506,10.770329614269007,10.04987562112089,8.06225774829855,15.03329637837291,12.649110640673518,17.46424919657298,15.264337522473749,16.55294535724685,15.811388300841896,16.278820596099706,15.0,13.453624047073712,13.341664064126334,1697810869.73634
23.0,27.85677655436824,25.01999200639361,21.095023109728984,16.0,21.377558326431952,12.041594578792294,11.704699910719626,13.152946437965904,9.433981132056603,14.866068747318504,13.152946437965904,15.231546211727817,17.029386365926403,17.26267650163207,26.92582403567252,23.53720459187964,28.284271247461902,28.017851452243796,35.510561809129406,32.0624390837628,17.029386365926403,26.68332812825267,24.186773244895647,26.68332812825267,20.8806130178211,19.849433241279208,19.79898987322333,15.620499351813308,17.46424919657298,14.7648230602334,13.038404810405298,7.280109889280519,5.0,6.708203932499369,12.529964086141668,13.416407864998739,12.806248474865697,12.806248474865697,10.816653826391969,8.06225774829855,8.54400374531753,12.041594578792296,12.806248474865697,12.041594578792296,16.1245154965971,16.76305461424021,20.248456731316587,17.029386365926403,13.601470508735444,12.529964086141668,13.453624047073712,1697810869.74134
23.259406699226012,26.832815729997478,19.4164878389476,27.313000567495326,19.235384061671347,17.46424919657298,14.317821063276352,13.341664064126334,12.206555615733702,13.92838827718412,11.704699910719626,17.88854381999832,14.0356688476182,15.132745950421555,23.345235059857504,25.96150997149434,23.345235059857504,26.076809620810597,30.413812651491096,28.635642126552703,26.476404589747453,25.079872407968907,22.20360331117452,26.1725046566048,20.615528128088304,23.40939982143925,25.0,24.08318915758459,16.1245154965971,13.892443989449806,8.54400374531753,13.892443989449806,7.280109889280519,5.099019513592785,16.15549442140351,13.0,17.11724276862369,11.40175425099138,17.029386365926403,13.038404810405298,9.219544457292887,8.94427190999916,12.529964086141668,12.727922061357857,13.038404810405298,17.804493814764854,21.095023109728988,15.620499351813308,24.08318915758459,12.806248474865697,9.219544457292887,15.652475842498529,1697810869.7453425
24.73863375370596,26.076809620810597,23.345235059857504,22.02271554554524,22.847319317591726,20.248456731316587,17.720045146669353,15.297058540778355,13.038404810405298,14.0,8.602325267042627,15.264337522473749,13.416407864998739,17.46424919657298,18.248287590894655,26.68332812825267,25.495097567963924,26.019223662515373,27.0,29.27456233660889,28.442925306655788,31.780497164141405,23.53720459187964,25.942243542145697,22.472205054244235,21.470910553583888,21.2602916254693,19.209372712298546,18.027756377319946,18.35755975068582,16.643316977093235,7.810249675906654,7.0710678118654755,8.246211251235321,5.0,12.727922061357857,18.35755975068582,11.6619037896906,22.203603311174515,17.69180601295413,9.219544457292887,12.041594578792294,14.560219778561038,18.973665961010276,13.92838827718412,23.769728648009426,7.211102550927979,26.419689627245813,13.152946437965904,6.0827625302982185,20.248456731316587,10.295630140987,1697810869.7514136
24.207436873820413,26.907248094147423,26.1725046566048,21.93171219946131,18.60107523773827,12.206555615733702,18.439088914585774,12.041594578792296,13.453624047073712,12.649110640673518,11.0,10.0,17.204650534085253,13.038404810405298,11.180339887498949,25.079872407968903,33.015148038438355,26.0,24.413111231467404,25.495097567963924,26.248809496813372,35.4682957019364,22.847319317591726,21.840329667841555,29.017236257093817,20.0,26.570660511172843,26.1725046566048,8.246211251235321,16.15549442140351,17.4928556845359,17.46424919657298,15.231546211727817,9.848857801796104,6.324555320336759,15.0,12.529964086141668,12.727922061357857,14.866068747318504,14.866068747318504,10.770329614269007,11.6619037896906,7.810249675906654,22.561028345356952,14.212670403551895,27.018512172212596,32.202484376209235,26.248809496813376,27.58622844826744,4.123105625617661,4.242640687119286,8.54400374531753,1697810869.7564137
38.2099463490856,36.796738985948195,31.89043743820395,30.0,30.0,29.068883707497267,18.439088914585774,26.076809620810597,19.4164878389476,21.587033144922902,11.180339887498949,24.331050121192874,14.0356688476182,24.839484696748443,25.298221281347036,32.01562118716424,36.878177829171555,40.0,43.9317652729776,25.495097567963924,39.824615503479755,32.202484376209235,31.780497164141405,21.840329667841555,29.1547594742265,28.017851452243796,31.144823004794873,17.46424919657298,31.04834939252005,17.11724276862369,21.2602916254693,30.016662039607265,14.0356688476182,9.219544457292887,10.19803902718557,15.132745950421555,12.041594578792296,24.69817807045694,9.848857801796104,12.041594578792294,19.1049731745428,11.6619037896906,16.643316977093235,17.88854381999832,22.80350850198276,21.633307652783937,20.6155281280883,24.515301344262525,17.11724276862369,18.681541692269406,16.76305461424021,15.264337522473749,1697810869.7631462
21.840329667841555,15.297058540778355,16.1245154965971,22.090722034374522,19.235384061671343,17.46424919657298,17.0,12.165525060596437,10.19803902718557,12.806248474865697,14.142135623730951,7.211102550927979,15.231546211727817,11.6619037896906,8.54400374531753,19.924858845171276,26.92582403567252,21.400934559032695,24.186773244895647,32.2490309931942,12.806248474865697,26.400757564888174,25.63201123595259,17.204650534085253,21.931712199461305,19.79898987322333,23.08679276123039,26.019223662515373,17.0,15.231546211727817,17.26267650163207,7.0710678118654755,7.615773105863909,4.47213595499958,6.0827625302982185,14.7648230602334,13.152946437965904,11.0,14.142135623730951,6.324555320336759,1.4142135623730951,5.8309518948453,12.165525060596437,12.36931687685298,13.038404810405298,11.180339887498949,12.649110640673518,14.7648230602334,16.76305461424021,11.6619037896906,12.36931687685298,10.0,1697810869.7694204
25.709920264364882,26.248809496813376,32.14031735997639,20.8806130178211,25.01999200639361,20.39607805437114,17.08800749063506,13.92838827718412,16.55294535724685,10.0,13.038404810405298,13.601470508735444,19.0,16.76305461424021,19.4164878389476,27.85677655436824,24.16609194718914,20.12461179749811,28.160255680657446,25.079872407968903,28.792360097775934,26.0,27.85677655436824,29.120439557122076,26.570660511172843,16.76305461424021,16.278820596099706,29.5296461204668,14.142135623730951,25.059928172283335,15.524174696260024,13.892443989449806,11.704699910719626,5.385164807134504,5.0,7.615773105863909,13.152946437965904,13.341664064126334,9.433981132056603,10.770329614269007,3.6055512754639896,10.0,16.1245154965971,16.278820596099706,12.041594578792296,14.317821063276352,15.652475842498529,15.231546211727817,22.203603311174515,15.620499351813308,17.69180601295413,11.180339887498949,1697810869.77535
24.08318915758459,26.627053911388693,23.853720883753127,21.400934559032695,21.400934559032695,18.60107523773827,15.811388300841896,10.295630140987,12.041594578792294,9.0,11.180339887498949,15.0,15.620499351813308,17.88854381999832,17.46424919657298,21.470910553583888,24.041630560342615,26.400757564888174,25.63201123595259,30.364452901377952,25.709920264364882,29.732137494637012,24.698178070456937,28.0178514522438,24.69817807045694,22.203603311174515,19.209372712298546,16.55294535724685,12.649110640673518,15.231546211727817,13.92838827718412,11.045361017187261,7.280109889280519,7.211102550927979,5.385164807134504,8.06225774829855,12.0,5.099019513592785,18.788294228055936,10.770329614269007,7.211102550927979,14.866068747318504,15.811388300841898,14.422205101855958,13.0,10.816653826391969,15.652475842498529,25.495097567963924,10.816653826391969,13.038404810405298,7.280109889280519,12.206555615733702,1697810869.7813597
21.540659228538015,26.248809496813376,19.4164878389476,15.264337522473749,18.60107523773827,13.038404810405298,15.231546211727817,10.816653826391969,14.317821063276352,10.04987562112089,11.180339887498949,13.601470508735444,13.892443989449806,15.0,12.041594578792296,16.401219466856727,26.92582403567252,21.540659228538015,22.022715545545243,30.016662039607265,22.80350850198276,17.204650534085253,25.612496949731394,19.79898987322333,26.870057685088806,16.643316977093235,15.03329637837291,15.132745950421555,8.06225774829855,18.027756377319946,19.026297590440446,15.132745950421555,8.06225774829855,11.180339887498949,3.1622776601683795,11.704699910719626,8.94427190999916,9.0,16.15549442140351,6.0827625302982185,10.44030650891055,7.615773105863909,12.529964086141668,13.601470508735444,15.03329637837291,18.439088914585778,19.1049731745428,18.027756377319946,16.0312195418814,21.095023109728984,15.620499351813308,13.0,1697810869.7883596
22.203603311174515,21.2602916254693,20.615528128088304,16.1245154965971,17.0,14.422205101855958,15.264337522473749,12.206555615733702,10.295630140987,12.649110640673518,11.045361017187261,10.295630140987,10.0,12.206555615733702,15.0,19.209372712298546,18.38477631085024,21.93171219946131,21.93171219946131,20.615528128088304,22.022715545545243,22.80350850198276,21.400934559032695,21.633307652783937,21.470910553583888,18.788294228055936,16.0312195418814,16.0312195418814,13.152946437965904,13.341664064126334,12.08304597359457,10.816653826391969,8.54400374531753,3.6055512754639896,6.324555320336759,10.770329614269007,13.038404810405298,11.180339887498949,9.055385138137417,8.246211251235321,10.04987562112089,9.219544457292889,11.180339887498949,7.0710678118654755,11.40175425099138,10.770329614269007,13.416407864998739,13.892443989449806,12.727922061357857,11.40175425099138,9.219544457292887,9.219544457292889,1697810869.797443
23.08679276123039,24.351591323771842,21.540659228538015,19.6468827043885,18.439088914585778,16.76305461424021,15.231546211727817,12.08304597359457,10.0,9.899494936611665,10.770329614269007,12.041594578792294,12.649110640673518,15.231546211727817,17.88854381999832,22.472205054244235,24.186773244895647,25.553864678361276,26.419689627245813,27.78488797889961,27.29468812791236,27.730849247724095,23.769728648009426,24.73863375370596,26.68332812825267,22.20360331117452,19.235384061671347,18.681541692269406,14.317821063276352,15.620499351813308,12.806248474865697,10.816653826391969,8.06225774829855,4.123105625617661,7.211102550927979,13.038404810405298,13.892443989449806,13.0,12.649110640673518,10.44030650891055,7.615773105863909,8.485281374238571,13.416407864998739,11.704699910719626,9.486832980505138,18.0,13.341664064126334,8.602325267042627,16.401219466856727,12.649110640673518,10.63014581273465,13.038404810405298,1697810869.8044467
14.142135623730951,15.0,16.0312195418814,11.704699910719626,12.041594578792294,13.152946437965904,9.219544457292889,9.055385138137417,5.385164807134504,9.055385138137417,7.810249675906654,7.810249675906654,5.385164807134504,8.246211251235321,10.44030650891055,12.649110640673518,13.152946437965904,14.0356688476182,15.132745950421555,17.029386365926403,15.524174696260024,15.132745950421555,13.341664064126334,14.866068747318506,15.264337522473749,13.038404810405298,11.40175425099138,11.180339887498949,8.94427190999916,9.219544457292889,8.246211251235321,6.0827625302982185,5.0,2.23606797749979,5.099019513592785,6.0827625302982185,6.708203932499369,7.615773105863909,7.211102550927979,7.0710678118654755,4.242640687119286,3.6055512754639896,6.324555320336759,7.810249675906654,6.4031242374328485,8.602325267042627,9.219544457292887,10.816653826391969,7.211102550927979,6.708203932499369,5.0,7.211102550927979,1697810869.8118236
21.540659228538015,24.698178070456937,15.652475842498529,19.4164878389476,19.0,20.8806130178211,16.15549442140351,9.0,7.0710678118654755,10.63014581273465,9.848857801796104,8.602325267042627,11.40175425099138,9.848857801796104,15.524174696260024,13.0,25.612496949731394,22.135943621178658,24.758836806279895,23.3452350598575,20.248456731316587,19.235384061671343,22.47220505424423,21.213203435596427,19.6468827043885,17.11724276862369,17.029386365926403,15.524174696260024,12.806248474865697,9.433981132056603,16.278820596099706,11.6619037896906,8.06225774829855,5.8309518948453,11.40175425099138,6.4031242374328485,13.601470508735444,8.602325267042627,16.1245154965971,17.4928556845359,15.231546211727817,7.810249675906654,16.401219466856727,10.44030650891055,10.770329614269007,16.55294535724685,19.6468827043885,17.0,12.206555615733702,15.132745950421555,10.63014581273465,14.142135623730951,1697810869.8198795
24.515301344262525,24.515301344262525,21.18962010041709,23.3238075793812,17.46424919657298,18.38477631085024,9.055385138137417,18.0,8.0,14.142135623730951,14.317821063276352,10.0,8.94427190999916,16.492422502470642,17.46424919657298,22.360679774997898,22.20360331117452,25.01999200639361,25.0,20.024984394500787,24.083189157584588,25.317977802344327,21.213203435596427,24.73863375370596,23.769728648009423,19.697715603592208,16.278820596099706,16.278820596099706,14.422205101855958,11.704699910719626,12.08304597359457,8.94427190999916,7.615773105863909,6.324555320336759,8.94427190999916,11.180339887498949,12.727922061357857,12.041594578792296,12.041594578792296,10.295630140987,7.211102550927979,6.708203932499369,7.0710678118654755,9.899494936611665,10.295630140987,13.0,13.0,13.341664064126334,11.045361017187261,11.704699910719626,12.36931687685298,10.295630140987,1697810869.8258774
27.80287754891569,30.886890422961002,30.528675044947498,15.620499351813308,26.1725046566048,16.970562748477143,20.615528128088304,17.204650534085253,12.529964086141668,10.63014581273465,12.041594578792294,10.295630140987,15.556349186104047,16.55294535724685,19.209372712298546,21.400934559032695,24.207436873820413,29.832867780352593,31.89043743820395,32.7566787083184,28.65309756378881,30.479501308256342,25.0,30.528675044947498,30.610455730027933,21.470910553583888,18.027756377319946,19.0,15.524174696260024,14.317821063276352,13.92838827718412,10.770329614269007,10.0,12.041594578792294,8.0,17.69180601295413,17.88854381999832,14.866068747318506,12.165525060596437,12.041594578792294,11.704699910719626,11.180339887498949,15.132745950421555,15.524174696260024,15.297058540778355,19.1049731745428,15.132745950421555,19.235384061671343,18.38477631085024,14.317821063276352,11.045361017187261,11.180339887498949,1697810869.8318877
27.80287754891569,30.886890422961002,30.528675044947498,15.620499351813308,26.1725046566048,16.970562748477143,20.615528128088304,40.8166632639171,31.304951684997057,31.04834939252005,36.49657518178931,34.132096331752024,34.655446902326915,36.124783736376884,44.045431091090485,21.400934559032695,24.207436873820413,29.832867780352593,31.89043743820395,32.7566787083184,28.65309756378881,30.479501308256342,25.0,30.528675044947498,30.610455730027933,21.470910553583888,18.027756377319946,19.0,15.524174696260024,14.317821063276352,13.92838827718412,26.68332812825267,19.849433241279208,14.317821063276352,24.698178070456937,16.0312195418814,17.88854381999832,14.866068747318506,34.058772731852805,27.658633371878665,20.024984394500787,24.515301344262525,32.0624390837628,31.064449134018133,32.55764119219941,42.20189569201839,45.880278987817846,19.235384061671343,18.38477631085024,39.11521443121589,31.76476034853718,30.14962686336267,1697810869.8394306
29.068883707497267,30.016662039607265,27.29468812791236,25.079872407968903,24.351591323771842,21.18962010041709,20.6155281280883,16.1245154965971,15.811388300841896,19.313207915827967,14.212670403551895,8.485281374238571,11.704699910719626,13.92838827718412,17.46424919657298,23.769728648009426,25.238858928247925,27.018512172212596,29.410882339705484,28.600699292150182,27.80287754891569,27.78488797889961,25.059928172283335,26.92582403567252,27.51363298439521,21.587033144922902,19.1049731745428,20.615528128088304,17.08800749063506,15.264337522473749,15.0,12.206555615733702,7.211102550927979,7.0,10.19803902718557,8.94427190999916,14.7648230602334,15.231546211727817,15.132745950421555,13.038404810405298,9.219544457292889,10.770329614269007,13.92838827718412,14.317821063276352,16.0312195418814,18.0,20.39607805437114,20.6155281280883,18.38477631085024,15.811388300841898,14.317821063276352,14.142135623730951,1697810869.8465564
26.1725046566048,23.08679276123039,25.298221281347036,26.076809620810597,26.92582403567252,25.079872407968907,15.297058540778355,14.422205101855958,14.422205101855958,25.317977802344327,12.041594578792294,14.0356688476182,14.142135623730951,16.15549442140351,21.095023109728984,28.442925306655788,26.419689627245813,29.20616373302047,26.419689627245813,28.0178514522438,30.016662039607265,30.870698080866262,26.570660511172843,32.89376840679706,28.0713376952364,25.01999200639361,16.76305461424021,21.18962010041709,20.223748416156685,14.7648230602334,17.46424919657298,11.045361017187261,6.0,6.0,17.720045146669353,8.246211251235321,10.04987562112089,12.36931687685298,14.0356688476182,4.123105625617661,13.892443989449806,23.259406699226012,12.0,14.317821063276352,17.46424919657298,16.0,18.0,24.596747752497688,22.472205054244235,15.297058540778355,10.0,13.0,1697810869.8545635
25.80697580112788,27.459060435491963,24.69817807045694,22.671568097509265,20.518284528683193,17.69180601295413,14.212670403551895,13.601470508735444,12.529964086141668,6.4031242374328485,21.023796041628636,16.492422502470642,11.704699910719626,21.095023109728984,21.95449840010015,25.612496949731394,29.73213749463701,26.627053911388693,27.78488797889961,25.495097567963924,24.839484696748443,23.706539182259394,25.298221281347036,23.345235059857504,20.615528128088304,20.615528128088304,16.76305461424021,23.259406699226012,17.720045146669353,14.866068747318504,13.416407864998739,12.727922061357857,11.180339887498949,4.242640687119286,8.602325267042627,10.816653826391969,13.341664064126334,12.041594578792296,14.7648230602334,7.615773105863909,9.055385138137417,9.219544457292887,10.44030650891055,11.6619037896906,9.433981132056603,12.806248474865697,14.422205101855958,15.524174696260024,13.341664064126334,13.0,11.6619037896906,10.63014581273465,1697810869.918372
25.495097567963924,23.60084744241189,20.615528128088304,17.804493814764854,17.804493814764854,15.556349186104047,14.142135623730951,12.041594578792296,9.433981132056603,7.280109889280519,8.54400374531753,8.485281374238571,9.219544457292889,10.295630140987,15.264337522473749,19.313207915827967,20.248456731316587,23.40939982143925,25.298221281347036,24.515301344262525,23.08679276123039,22.472205054244235,22.472205054244235,19.723082923316017,21.095023109728988,16.401219466856727,15.231546211727817,18.027756377319946,15.132745950421555,13.152946437965904,11.045361017187261,8.0,5.099019513592785,5.099019513592785,7.0710678118654755,11.180339887498949,12.041594578792294,10.0,10.0,7.0710678118654755,5.8309518948453,7.0,6.708203932499369,8.06225774829855,7.810249675906654,10.63014581273465,11.704699910719626,14.142135623730951,15.03329637837291,13.152946437965904,11.180339887498949,10.295630140987,1697810869.9513965
27.459060435491963,32.449961479175904,22.561028345356952,21.095023109728988,23.430749027719962,22.80350850198276,14.560219778561038,21.95449840010015,13.416407864998739,13.601470508735444,10.0,12.206555615733702,10.63014581273465,17.69180601295413,16.278820596099706,25.238858928247925,23.706539182259394,21.02379604162864,28.0178514522438,22.825424421026653,27.459060435491963,22.47220505424423,24.758836806279895,18.60107523773827,24.08318915758459,17.08800749063506,17.0,17.029386365926403,16.0312195418814,13.92838827718412,13.601470508735444,10.44030650891055,3.1622776601683795,8.0,8.54400374531753,11.704699910719626,14.422205101855958,13.0,13.416407864998739,8.06225774829855,8.06225774829855,8.0,7.280109889280519,11.180339887498949,9.219544457292887,14.317821063276352,23.706539182259394,7.615773105863909,9.0,14.7648230602334,9.0,11.40175425099138,1697810869.9816384
27.658633371878665,24.351591323771842,22.847319317591726,19.4164878389476,19.4164878389476,14.0356688476182,13.92838827718412,12.806248474865697,8.602325267042627,12.649110640673518,9.848857801796104,9.433981132056603,16.970562748477143,9.219544457292889,20.518284528683193,21.02379604162864,21.540659228538015,23.60084744241189,26.400757564888174,27.29468812791236,24.16609194718914,24.596747752497688,22.360679774997898,22.80350850198276,23.194827009486403,17.11724276862369,18.973665961010276,19.313207915827967,15.524174696260024,16.401219466856727,11.40175425099138,8.54400374531753,6.4031242374328485,7.211102550927979,16.278820596099706,17.69180601295413,8.94427190999916,15.620499351813308,10.816653826391969,10.19803902718557,7.615773105863909,7.0710678118654755,10.0,6.324555320336759,8.94427190999916,16.15549442140351,15.0,20.591260281974,20.12461179749811,16.401219466856727,16.278820596099706,14.422205101855958,1697810870.0189722
26.400757564888174,25.079872407968903,25.63201123595259,16.278820596099706,14.560219778561038,10.19803902718557,10.770329614269007,11.045361017187261,11.045361017187261,13.152946437965904,7.280109889280519,14.317821063276352,18.35755975068582,12.041594578792294,16.0312195418814,21.377558326431952,20.0,25.179356624028344,24.698178070456937,25.01999200639361,20.39607805437114,23.345235059857504,20.8806130178211,24.16609194718914,19.924858845171276,14.422205101855958,17.4928556845359,18.027756377319946,14.560219778561038,12.165525060596437,10.04987562112089,5.0,2.8284271247461903,3.1622776601683795,11.045361017187261,12.165525060596437,9.055385138137417,13.038404810405298,10.770329614269007,9.219544457292889,4.123105625617661,5.656854249492381,4.47213595499958,9.433981132056603,7.615773105863909,12.041594578792294,17.46424919657298,19.1049731745428,17.720045146669353,17.029386365926403,13.152946437965904,13.601470508735444,1697810870.030934
27.459060435491963,27.294688127912362,26.305892875931807,22.135943621178658,21.377558326431952,21.0,11.704699910719626,13.453624047073712,7.810249675906654,12.165525060596437,16.15549442140351,19.4164878389476,21.095023109728984,17.4928556845359,18.439088914585774,28.460498941515414,23.259406699226012,30.675723300355937,28.65309756378881,35.805027579936315,19.1049731745428,22.671568097509265,33.12099032335839,20.518284528683193,24.413111231467404,16.55294535724685,20.39607805437114,20.248456731316587,16.15549442140351,14.317821063276352,11.40175425099138,6.324555320336759,5.0,7.810249675906654,7.0710678118654755,13.892443989449806,13.601470508735444,12.041594578792296,12.08304597359457,8.94427190999916,4.123105625617661,6.0,8.06225774829855,12.36931687685298,12.041594578792294,15.0,21.0,23.194827009486403,23.194827009486403,22.360679774997898,21.0,19.924858845171276,1697810870.0526254
26.248809496813372,26.1725046566048,24.758836806279895,22.203603311174515,20.615528128088304,20.518284528683193,18.027756377319946,20.518284528683193,16.1245154965971,18.027756377319946,23.259406699226012,23.194827009486403,21.0,20.223748416156685,22.090722034374522,29.017236257093817,26.076809620810597,28.0713376952364,33.060550509633075,28.792360097775934,30.80584360149873,25.079872407968907,19.723082923316017,15.524174696260024,20.248456731316587,15.556349186104047,19.1049731745428,15.132745950421555,25.01999200639361,13.0,12.0,7.280109889280519,2.8284271247461903,5.0,8.06225774829855,15.0,14.7648230602334,12.806248474865697,14.142135623730951,10.19803902718557,11.045361017187261,9.219544457292889,14.866068747318506,15.03329637837291,18.027756377319946,17.029386365926403,22.0,20.615528128088304,21.213203435596427,20.024984394500787,17.11724276862369,15.231546211727817,1697810870.3214486
20.248456731316587,16.0312195418814,17.720045146669353,10.19803902718557,11.045361017187261,15.524174696260024,13.453624047073712,11.313708498984761,17.029386365926403,17.804493814764854,25.059928172283335,24.351591323771842,24.596747752497688,29.546573405388315,30.0,30.083217912982644,28.792360097775934,33.54101966249685,29.966648127543394,29.68164415931166,27.78488797889961,25.553864678361276,25.495097567963924,18.60107523773827,16.970562748477143,12.206555615733702,13.038404810405298,12.041594578792294,11.045361017187261,10.19803902718557,8.246211251235321,6.324555320336759,3.0,3.0,5.385164807134504,9.433981132056603,10.44030650891055,11.045361017187261,13.152946437965904,13.0,11.704699910719626,13.341664064126334,17.26267650163207,19.6468827043885,20.39607805437114,23.086792761230395,26.1725046566048,28.442925306655788,26.1725046566048,23.021728866442675,19.1049731745428,17.88854381999832,1697810870.5732546
22.847319317591726,28.0713376952364,25.079872407968903,10.0,10.04987562112089,18.38477631085024,12.0,11.40175425099138,13.92838827718412,15.231546211727817,15.652475842498529,16.278820596099706,15.652475842498529,20.615528128088304,10.63014581273465,16.278820596099706,18.38477631085024,18.439088914585778,16.76305461424021,14.560219778561038,17.26267650163207,9.219544457292889,20.248456731316587,12.08304597359457,15.524174696260024,9.848857801796104,7.810249675906654,11.6619037896906,12.206555615733702,11.180339887498949,10.0,7.211102550927979,7.0710678118654755,3.6055512754639896,7.615773105863909,10.04987562112089,8.54400374531753,12.041594578792294,16.0312195418814,15.03329637837291,13.0,12.165525060596437,17.26267650163207,19.1049731745428,17.08800749063506,15.652475842498529,18.439088914585778,18.027756377319946,17.0,12.041594578792296,3.6055512754639896,12.649110640673518,1697810871.0395212
38.48376280978771,35.510561809129406,31.38470965295043,23.853720883753127,25.0,19.6468827043885,18.027756377319946,13.038404810405298,8.602325267042627,4.123105625617661,10.0,10.816653826391969,16.0312195418814,11.40175425099138,23.769728648009423,33.52610922848042,31.064449134018133,34.205262752974136,35.17101079013795,41.04875150354758,29.427877939124325,33.95585369269929,20.248456731316587,40.311288741492746,29.410882339705488,20.6155281280883,21.633307652783937,23.259406699226012,20.248456731316587,19.697715603592208,18.867962264113206,12.08304597359457,6.324555320336759,7.615773105863909,11.704699910719626,18.248287590894655,18.788294228055936,15.811388300841896,15.811388300841896,11.40175425099138,9.219544457292887,7.280109889280519,15.297058540778355,9.486832980505138,9.486832980505138,12.529964086141668,13.416407864998739,17.46424919657298,19.1049731745428,18.60107523773827,13.416407864998739,12.165525060596437,1697810871.3252387
26.476404589747453,27.658633371878665,21.023796041628636,12.36931687685298,11.180339887498949,10.295630140987,13.601470508735444,8.06225774829855,3.1622776601683795,8.485281374238571,10.0,15.0,15.0,12.041594578792296,23.3238075793812,33.54101966249685,25.238858928247925,25.495097567963924,36.40054944640259,33.30165161069342,22.80350850198276,26.1725046566048,22.80350850198276,17.204650534085253,17.029386365926403,7.280109889280519,10.44030650891055,10.770329614269007,11.180339887498949,11.180339887498949,8.246211251235321,3.1622776601683795,3.1622776601683795,8.06225774829855,6.4031242374328485,9.219544457292887,10.770329614269007,3.6055512754639896,7.280109889280519,3.1622776601683795,7.615773105863909,4.47213595499958,14.142135623730951,11.704699910719626,10.63014581273465,15.0,17.69180601295413,17.029386365926403,15.811388300841898,13.892443989449806,12.806248474865697,14.317821063276352,1697810871.355513
14.560219778561038,11.40175425099138,14.866068747318504,8.06225774829855,3.6055512754639896,4.242640687119286,8.54400374531753,6.0827625302982185,8.06225774829855,12.041594578792294,16.492422502470642,19.1049731745428,20.024984394500787,20.223748416156685,24.331050121192874,25.298221281347036,22.135943621178658,25.709920264364882,23.769728648009423,23.769728648009426,15.652475842498529,13.152946437965904,16.76305461424021,13.0,9.848857801796104,9.219544457292887,8.485281374238571,5.0,2.8284271247461903,5.656854249492381,2.8284271247461903,8.94427190999916,5.0,5.385164807134504,6.708203932499369,4.123105625617661,3.0,7.0710678118654755,2.23606797749979,7.0710678118654755,10.44030650891055,10.04987562112089,15.03329637837291,8.0,20.024984394500787,11.704699910719626,21.095023109728984,25.079872407968903,22.02271554554524,13.038404810405298,11.313708498984761,17.69180601295413,1697810871.3824494
25.179356624028344,28.0713376952364,26.076809620810597,25.317977802344327,22.090722034374522,22.02271554554524,21.213203435596427,23.53720459187964,25.179356624028344,20.024984394500787,22.80350850198276,16.492422502470642,13.92838827718412,14.7648230602334,20.0,16.401219466856727,14.7648230602334,15.0,16.76305461424021,15.132745950421555,15.132745950421555,18.027756377319946,15.231546211727817,19.924858845171276,15.297058540778355,15.811388300841898,25.612496949731394,26.870057685088806,21.2602916254693,24.839484696748443,9.486832980505138,16.401219466856727,21.2602916254693,12.041594578792296,10.0,8.94427190999916,10.295630140987,17.0,21.400934559032695,20.248456731316587,20.248456731316587,21.470910553583888,20.808652046684813,25.80697580112788,19.4164878389476,18.35755975068582,21.400934559032695,16.401219466856727,13.0,14.317821063276352,11.045361017187261,14.317821063276352,1697810871.5891573
23.021728866442675,25.059928172283335,27.29468812791236,24.186773244895647,22.825424421026653,20.0,20.808652046684813,21.95449840010015,18.60107523773827,18.788294228055936,17.720045146669353,11.704699910719626,12.649110640673518,15.0,9.848857801796104,12.36931687685298,12.206555615733702,15.556349186104047,14.422205101855958,19.723082923316017,17.08800749063506,18.788294228055936,18.60107523773827,15.652475842498529,20.248456731316587,17.804493814764854,12.529964086141668,23.853720883753127,19.4164878389476,24.331050121192874,16.1245154965971,17.0,14.317821063276352,5.099019513592785,12.36931687685298,13.601470508735444,13.601470508735444,13.92838827718412,12.649110640673518,22.20360331117452,15.652475842498529,17.26267650163207,20.024984394500787,16.492422502470642,16.0,15.03329637837291,17.029386365926403,14.0356688476182,8.06225774829855,9.0,9.486832980505138,8.485281374238571,1697810871.596157
30.23243291566195,30.80584360149873,24.69817807045694,25.238858928247925,21.93171219946131,20.518284528683193,22.627416997969522,18.439088914585774,17.69180601295413,17.029386365926403,15.0,11.180339887498949,6.708203932499369,5.0,5.656854249492381,10.295630140987,11.045361017187261,13.038404810405298,17.029386365926403,19.026297590440446,17.029386365926403,21.095023109728984,17.11724276862369,19.235384061671347,20.223748416156685,18.681541692269406,17.804493814764854,14.212670403551895,19.209372712298546,13.601470508735444,16.643316977093235,13.416407864998739,19.1049731745428,13.601470508735444,4.0,15.231546211727817,13.92838827718412,10.816653826391969,15.264337522473749,17.204650534085253,19.79898987322333,19.723082923316017,21.931712199461305,22.360679774997898,12.806248474865697,31.144823004794873,19.924858845171276,10.63014581273465,9.055385138137417,6.4031242374328485,6.0827625302982185,6.0827625302982185,1697810871.6101828
36.013886210738214,33.24154027718932,33.13608305156178,26.019223662515373,24.020824298928627,21.023796041628636,22.02271554554524,20.09975124224178,14.142135623730951,14.0,7.0710678118654755,4.47213595499958,2.0,7.280109889280519,12.041594578792294,21.213203435596427,19.0,21.0,25.079872407968907,29.017236257093817,28.017851452243796,30.06659275674582,28.0,29.068883707497264,27.073972741361768,28.0713376952364,25.495097567963924,19.209372712298546,21.633307652783937,19.4164878389476,24.207436873820413,17.204650534085253,20.0,14.212670403551895,12.649110640673518,17.46424919657298,14.0,19.4164878389476,18.248287590894655,19.235384061671347,15.132745950421555,17.11724276862369,16.1245154965971,13.038404810405298,12.041594578792294,12.165525060596437,8.94427190999916,7.810249675906654,6.324555320336759,4.123105625617661,2.23606797749979,3.0,1697810871.6258245
25.80697580112788,25.0,29.732137494637012,15.652475842498529,21.95449840010015,10.295630140987,21.540659228538015,18.38477631085024,13.601470508735444,13.0,9.219544457292887,2.0,1.4142135623730951,6.0827625302982185,9.486832980505138,14.866068747318506,13.416407864998739,18.788294228055936,19.723082923316017,22.203603311174515,23.259406699226012,25.553864678361276,27.202941017470888,23.706539182259394,21.633307652783937,18.027756377319946,13.038404810405298,21.587033144922902,18.027756377319946,20.223748416156685,19.235384061671347,11.180339887498949,6.0827625302982185,10.19803902718557,11.6619037896906,9.899494936611665,15.0,13.341664064126334,12.36931687685298,14.560219778561038,10.44030650891055,11.704699910719626,13.0,8.602325267042627,7.0710678118654755,7.0710678118654755,6.708203932499369,5.0,3.6055512754639896,2.8284271247461903,3.6055512754639896,2.23606797749979,1697810871.632832
28.0,28.0713376952364,24.020824298928627,21.213203435596427,20.09975124224178,14.0,15.03329637837291,11.045361017187261,8.06225774829855,4.47213595499958,4.123105625617661,7.0710678118654755,9.219544457292889,10.04987562112089,16.278820596099706,21.377558326431952,21.213203435596427,22.135943621178658,22.135943621178658,26.570660511172843,26.570660511172843,27.51363298439521,24.351591323771842,25.96150997149434,26.92582403567252,24.515301344262525,17.46424919657298,30.06659275674582,16.1245154965971,11.0,13.152946437965904,12.165525060596437,6.324555320336759,12.041594578792296,10.770329614269007,12.649110640673518,15.264337522473749,15.652475842498529,14.7648230602334,10.816653826391969,11.313708498984761,12.727922061357857,11.40175425099138,8.06225774829855,7.280109889280519,6.0827625302982185,6.708203932499369,8.246211251235321,8.94427190999916,8.246211251235321,5.385164807134504,6.324555320336759,1697810871.6427934
30.479501308256342,18.60107523773827,24.207436873820413,20.615528128088304,12.08304597359457,11.180339887498949,16.970562748477143,14.866068747318504,3.6055512754639896,5.099019513592785,10.19803902718557,13.453624047073712,12.206555615733702,14.422205101855958,16.970562748477143,25.455844122715714,26.1725046566048,27.018512172212596,29.832867780352593,31.622776601683793,33.015148038438355,32.55764119219941,24.758836806279895,25.0,26.907248094147423,22.671568097509265,21.95449840010015,21.18962010041709,19.924858845171276,19.235384061671343,16.55294535724685,15.231546211727817,10.04987562112089,5.0,12.529964086141668,12.36931687685298,11.180339887498949,12.206555615733702,9.219544457292887,11.6619037896906,9.899494936611665,7.211102550927979,5.385164807134504,5.0,5.0,6.4031242374328485,9.433981132056603,10.19803902718557,11.0,11.045361017187261,10.04987562112089,10.44030650891055,1697810871.653965
29.427877939124325,23.086792761230395,20.09975124224178,16.0312195418814,14.0356688476182,10.19803902718557,10.04987562112089,7.280109889280519,3.1622776601683795,4.123105625617661,8.602325267042627,16.15549442140351,18.681541692269406,17.46424919657298,26.0,29.5296461204668,26.248809496813376,30.413812651491096,30.463092423455635,34.48187929913334,28.178005607210743,39.21734310225516,37.12142238654117,23.3238075793812,24.69817807045694,23.430749027719962,23.769728648009426,21.023796041628636,8.54400374531753,22.02271554554524,17.08800749063506,10.63014581273465,4.242640687119286,5.0,8.06225774829855,15.132745950421555,16.76305461424021,14.866068747318506,15.652475842498529,10.816653826391969,9.848857801796104,5.0,7.810249675906654,6.0827625302982185,7.0,9.055385138137417,10.44030650891055,13.416407864998739,13.601470508735444,10.0,10.816653826391969,10.770329614269007,1697810871.6615942
17.4928556845359,20.248456731316587,14.317821063276352,7.0710678118654755,10.44030650891055,11.180339887498949,4.242640687119286,2.0,3.6055512754639896,5.099019513592785,6.0827625302982185,11.40175425099138,12.041594578792296,19.849433241279208,19.1049731745428,21.213203435596427,23.60084744241189,25.0,23.430749027719962,25.80697580112788,21.400934559032695,20.518284528683193,25.80697580112788,23.3452350598575,24.207436873820413,18.60107523773827,20.591260281974,21.840329667841555,13.601470508735444,13.038404810405298,10.63014581273465,5.0,4.123105625617661,2.23606797749979,11.045361017187261,12.165525060596437,11.180339887498949,10.44030650891055,9.433981132056603,7.810249675906654,5.8309518948453,6.4031242374328485,6.324555320336759,6.0827625302982185,5.8309518948453,7.211102550927979,9.219544457292887,10.0,10.816653826391969,10.0,9.219544457292887,10.0,1697810871.6686285
41.677331968349414,40.36087214122114,33.24154027718932,27.65863337187866,19.1049731745428,17.204650534085253,17.69180601295413,18.973665961010276,20.223748416156685,25.0,33.54101966249685,38.62641583165593,39.35733730830886,42.15447781671599,46.61544808322667,53.85164807134504,23.60084744241189,25.0,23.430749027719962,25.80697580112788,21.400934559032695,20.518284528683193,25.80697580112788,23.3452350598575,24.207436873820413,36.345563690772494,20.591260281974,34.48187929913334,31.906112267087636,27.459060435491963,22.47220505424423,14.422205101855958,7.810249675906654,3.6055512754639896,14.212670403551895,22.360679774997898,21.95449840010015,22.80350850198276,24.207436873820413,21.931712199461305,18.788294228055936,20.12461179749811,24.698178070456937,23.53720459187964,24.186773244895647,26.1725046566048,29.068883707497264,31.064449134018133,27.018512172212592,28.160255680657446,25.317977802344327,25.495097567963924,1697810871.6812031
24.186773244895647,22.360679774997898,21.540659228538015,19.313207915827967,18.788294228055936,14.317821063276352,17.4928556845359,17.720045146669353,18.027756377319946,19.235384061671347,23.0,23.08679276123039,18.788294228055936,21.587033144922902,26.0,29.832867780352593,27.85677655436824,31.304951684997057,22.360679774997898,30.463092423455635,21.095023109728988,24.186773244895647,25.0,24.083189157584588,24.0,19.235384061671347,22.825424421026653,21.633307652783937,17.804493814764854,16.970562748477143,13.453624047073712,9.899494936611665,7.810249675906654,6.0827625302982185,4.123105625617661,10.770329614269007,9.486832980505138,13.601470508735444,13.92838827718412,10.295630140987,8.06225774829855,12.529964086141668,15.652475842498529,13.601470508735444,12.806248474865697,14.866068747318504,16.970562748477143,14.212670403551895,12.727922061357857,13.453624047073712,11.6619037896906,10.19803902718557,1697810871.6922028
29.546573405388315,29.154759474226502,27.85677655436824,23.769728648009426,25.495097567963924,21.470910553583888,22.203603311174515,23.259406699226012,22.80350850198276,21.587033144922902,24.0,24.041630560342615,18.027756377319946,20.6155281280883,24.207436873820413,26.870057685088806,26.248809496813372,27.65863337187866,26.400757564888174,27.202941017470888,26.248809496813372,25.455844122715714,23.3452350598575,25.238858928247925,28.0178514522438,22.847319317591726,21.95449840010015,12.041594578792294,17.029386365926403,31.40063693621516,26.570660511172843,12.36931687685298,11.40175425099138,9.219544457292889,11.180339887498949,8.246211251235321,12.041594578792296,17.4928556845359,20.248456731316587,19.235384061671347,14.317821063276352,13.601470508735444,17.720045146669353,15.297058540778355,14.142135623730951,15.297058540778355,15.132745950421555,14.560219778561038,12.36931687685298,11.180339887498949,11.180339887498949,10.19803902718557,1697810871.6988838
31.89043743820395,30.0,29.20616373302047,26.907248094147423,24.839484696748443,21.93171219946131,22.80350850198276,20.518284528683193,17.69180601295413,17.804493814764854,15.231546211727817,12.0,8.06225774829855,9.433981132056603,11.180339887498949,21.470910553583888,19.313207915827967,23.08679276123039,21.840329667841555,24.73863375370596,23.769728648009423,25.96150997149434,19.235384061671347,29.698484809834998,21.400934559032695,18.439088914585774,12.806248474865697,12.08304597359457,19.313207915827967,13.601470508735444,22.825424421026653,13.038404810405298,7.810249675906654,10.295630140987,7.615773105863909,17.0,13.0,13.152946437965904,16.76305461424021,15.231546211727817,13.152946437965904,13.038404810405298,13.152946437965904,10.770329614269007,7.211102550927979,9.219544457292887,10.295630140987,10.19803902718557,11.0,10.0,10.04987562112089,8.06225774829855,1697810871.7226384
35.73513677041127,35.17101079013795,36.68787265568829,30.083217912982644,29.068883707497267,24.413111231467404,19.849433241279208,22.825424421026653,18.027756377319946,15.652475842498529,23.0,13.416407864998739,10.0,10.295630140987,16.55294535724685,23.345235059857504,24.020824298928627,26.019223662515373,27.16615541441225,31.0,28.017851452243796,28.284271247461902,22.80350850198276,27.892651361962706,27.202941017470888,23.259406699226012,24.758836806279895,26.400757564888174,24.186773244895647,28.23118842698621,18.38477631085024,13.601470508735444,9.055385138137417,5.099019513592785,12.36931687685298,10.04987562112089,13.892443989449806,19.1049731745428,19.235384061671343,6.4031242374328485,20.223748416156685,25.495097567963924,23.853720883753127,10.19803902718557,11.180339887498949,12.36931687685298,8.06225774829855,13.038404810405298,12.08304597359457,12.165525060596437,12.08304597359457,11.180339887498949,1697810871.7276332
27.202941017470888,23.60084744241189,22.022715545545243,20.615528128088304,19.723082923316017,13.416407864998739,17.88854381999832,11.313708498984761,8.06225774829855,11.40175425099138,5.099019513592785,8.246211251235321,12.165525060596437,9.055385138137417,12.08304597359457,19.849433241279208,16.401219466856727,17.029386365926403,23.60084744241189,21.470910553583888,20.591260281974,17.69180601295413,17.029386365926403,19.79898987322333,17.69180601295413,13.601470508735444,16.0,13.341664064126334,14.142135623730951,15.811388300841898,10.19803902718557,9.055385138137417,2.23606797749979,4.47213595499958,8.94427190999916,6.0827625302982185,11.180339887498949,11.40175425099138,12.806248474865697,13.341664064126334,9.219544457292887,6.324555320336759,7.0710678118654755,5.8309518948453,6.0,7.810249675906654,16.643316977093235,19.235384061671347,14.317821063276352,3.6055512754639896,23.086792761230395,12.08304597359457,1697810871.7459435
31.76476034853718,29.68164415931166,28.178005607210743,23.3238075793812,21.633307652783937,16.643316977093235,15.0,14.422205101855958,11.40175425099138,13.0,11.180339887498949,9.219544457292887,9.219544457292887,14.212670403551895,15.811388300841896,21.95449840010015,21.540659228538015,24.16609194718914,25.079872407968903,27.51363298439521,25.0,24.596747752497688,23.706539182259394,23.60084744241189,23.430749027719962,16.401219466856727,18.38477631085024,20.615528128088304,15.0,16.0312195418814,11.0,7.0710678118654755,5.0,1.0,6.708203932499369,13.416407864998739,12.36931687685298,14.0,13.152946437965904,10.770329614269007,12.041594578792296,7.280109889280519,9.219544457292887,7.810249675906654,10.0,10.63014581273465,12.529964086141668,14.317821063276352,16.1245154965971,14.317821063276352,15.524174696260024,13.416407864998739,1697810871.7591126
33.52610922848042,34.52535300326414,29.120439557122076,25.63201123595259,20.6155281280883,20.12461179749811,20.591260281974,15.231546211727817,13.0,13.152946437965904,12.529964086141668,13.892443989449806,13.038404810405298,11.704699910719626,19.313207915827967,23.769728648009426,23.345235059857504,27.459060435491963,27.459060435491963,28.861739379323623,26.68332812825267,27.459060435491963,25.079872407968903,23.08679276123039,24.69817807045694,17.69180601295413,18.867962264113206,20.248456731316587,18.38477631085024,12.649110640673518,14.0,9.848857801796104,9.055385138137417,2.23606797749979,11.704699910719626,5.8309518948453,8.94427190999916,15.03329637837291,11.045361017187261,13.892443989449806,13.92838827718412,8.54400374531753,11.704699910719626,8.602325267042627,10.295630140987,11.313708498984761,12.041594578792296,14.866068747318506,15.811388300841898,14.317821063276352,14.317821063276352,13.038404810405298,1697810871.7707188
29.120439557122076,28.442925306655788,26.305892875931807,25.179356624028344,18.439088914585778,18.110770276274835,14.317821063276352,11.0,8.06225774829855,4.47213595499958,7.615773105863909,12.529964086141668,12.0,15.811388300841898,16.76305461424021,27.313000567495326,29.1547594742265,31.780497164141405,32.55764119219941,32.38826948140329,31.57530680769389,33.95585369269929,28.635642126552703,32.28002478313795,30.083217912982644,27.730849247724095,27.459060435491963,23.430749027719962,19.849433241279208,22.825424421026653,19.1049731745428,10.816653826391969,12.08304597359457,11.045361017187261,13.92838827718412,17.08800749063506,20.6155281280883,14.422205101855958,23.53720459187964,12.041594578792294,7.0710678118654755,7.0710678118654755,4.0,4.0,5.099019513592785,6.324555320336759,10.19803902718557,12.649110640673518,16.970562748477143,17.204650534085253,17.204650534085253,18.027756377319946,1697810871.9041536
25.079872407968907,24.186773244895647,21.587033144922902,18.248287590894655,16.0312195418814,13.341664064126334,10.19803902718557,9.433981132056603,7.211102550927979,6.324555320336759,8.602325267042627,12.08304597359457,17.46424919657298,17.26267650163207,20.223748416156685,23.769728648009423,26.019223662515373,27.16615541441225,27.073972741361768,32.01562118716424,27.0,29.0,25.079872407968907,24.186773244895647,24.331050121192874,22.135943621178658,22.847319317591726,20.248456731316587,15.620499351813308,22.203603311174515,19.1049731745428,6.4031242374328485,11.704699910719626,13.341664064126334,8.602325267042627,11.180339887498949,19.235384061671347,18.681541692269406,12.165525060596437,13.0,7.0710678118654755,5.385164807134504,6.708203932499369,3.6055512754639896,6.0,8.54400374531753,11.40175425099138,13.416407864998739,13.892443989449806,17.4928556845359,18.027756377319946,16.15549442140351,1697810871.919135
20.518284528683193,20.808652046684813,19.79898987322333,17.204650534085253,13.038404810405298,13.601470508735444,13.0,16.0312195418814,14.0,13.152946437965904,19.924858845171276,22.627416997969522,20.615528128088304,23.430749027719962,25.553864678361276,29.966648127543394,25.495097567963924,29.0,27.018512172212596,27.65863337187866,25.495097567963924,23.3452350598575,23.021728866442675,21.02379604162864,18.681541692269406,16.492422502470642,26.019223662515373,20.8806130178211,15.264337522473749,20.39607805437114,2.23606797749979,12.041594578792294,3.6055512754639896,6.324555320336759,3.6055512754639896,4.123105625617661,2.0,9.055385138137417,14.422205101855958,8.94427190999916,8.94427190999916,10.816653826391969,14.142135623730951,14.866068747318504,17.88854381999832,19.723082923316017,20.808652046684813,22.47220505424423,24.186773244895647,20.518284528683193,21.2602916254693,21.02379604162864,1697810871.9251258
17.0,16.55294535724685,18.681541692269406,18.788294228055936,14.866068747318506,15.811388300841898,15.231546211727817,16.492422502470642,14.142135623730951,19.4164878389476,22.02271554554524,17.029386365926403,18.027756377319946,18.248287590894655,19.1049731745428,18.248287590894655,20.09975124224178,18.38477631085024,18.973665961010276,19.313207915827967,14.142135623730951,17.26267650163207,15.0,14.142135623730951,13.038404810405298,10.44030650891055,15.652475842498529,8.06225774829855,8.602325267042627,8.0,8.246211251235321,5.385164807134504,5.099019513592785,6.324555320336759,2.0,5.385164807134504,6.708203932499369,10.816653826391969,11.40175425099138,8.06225774829855,8.246211251235321,11.6619037896906,13.601470508735444,13.601470508735444,15.811388300841896,11.6619037896906,17.029386365926403,17.029386365926403,17.029386365926403,15.264337522473749,15.231546211727817,14.560219778561038,1697810871.931126
21.023796041628636,20.024984394500787,19.1049731745428,18.439088914585778,19.1049731745428,16.1245154965971,16.0,17.0,15.132745950421555,17.11724276862369,18.439088914585778,18.788294228055936,13.892443989449806,16.401219466856727,17.46424919657298,18.027756377319946,16.643316977093235,20.615528128088304,15.811388300841896,13.601470508735444,13.038404810405298,16.278820596099706,11.40175425099138,10.816653826391969,13.416407864998739,12.649110640673518,12.0,13.601470508735444,7.280109889280519,10.770329614269007,13.152946437965904,15.0,4.242640687119286,7.615773105863909,2.0,4.0,7.280109889280519,10.816653826391969,12.36931687685298,12.0,5.099019513592785,15.0,15.03329637837291,16.0,17.0,17.0,18.248287590894655,20.0,17.11724276862369,17.720045146669353,16.278820596099706,13.453624047073712,1697810871.9361296
28.635642126552703,28.442925306655788,24.041630560342615,27.294688127912362,29.832867780352593,24.351591323771842,26.248809496813376,20.8806130178211,25.63201123595259,20.8806130178211,21.213203435596427,14.0356688476182,9.055385138137417,12.165525060596437,4.123105625617661,10.63014581273465,16.401219466856727,17.46424919657298,9.433981132056603,17.11724276862369,15.03329637837291,19.1049731745428,16.1245154965971,20.248456731316587,21.02379604162864,19.235384061671343,20.808652046684813,17.029386365926403,24.186773244895647,16.1245154965971,24.020824298928627,23.259406699226012,10.295630140987,11.180339887498949,17.204650534085253,13.038404810405298,22.135943621178658,21.2602916254693,18.973665961010276,23.706539182259394,19.1049731745428,20.248456731316587,20.0,15.03329637837291,14.142135623730951,21.587033144922902,17.720045146669353,11.045361017187261,13.038404810405298,15.132745950421555,7.0710678118654755,11.180339887498949,1697810871.9441304
30.14962686336267,28.861739379323623,25.942243542145697,31.32091952673165,25.298221281347036,14.560219778561038,27.202941017470888,20.8806130178211,25.317977802344327,15.264337522473749,16.55294535724685,15.264337522473749,9.433981132056603,9.486832980505138,8.06225774829855,10.19803902718557,13.416407864998739,14.212670403551895,15.0,13.038404810405298,17.4928556845359,19.1049731745428,14.212670403551895,19.209372712298546,20.248456731316587,17.88854381999832,18.681541692269406,21.213203435596427,19.1049731745428,23.086792761230395,20.39607805437114,18.110770276274835,18.439088914585778,6.4031242374328485,16.1245154965971,16.970562748477143,15.811388300841898,17.08800749063506,22.20360331117452,18.027756377319946,18.788294228055936,17.26267650163207,17.46424919657298,13.601470508735444,14.560219778561038,16.15549442140351,13.601470508735444,12.529964086141668,8.94427190999916,8.54400374531753,8.246211251235321,8.54400374531753,1697810871.950925
26.0,26.1725046566048,26.076809620810597,28.017851452243796,25.0,25.01999200639361,23.0,20.024984394500787,19.026297590440446,19.026297590440446,15.03329637837291,9.848857801796104,7.280109889280519,6.708203932499369,9.433981132056603,9.486832980505138,12.165525060596437,14.317821063276352,18.60107523773827,19.209372712298546,21.2602916254693,17.804493814764854,18.867962264113206,18.788294228055936,22.472205054244235,18.027756377319946,17.26267650163207,18.681541692269406,26.68332812825267,25.96150997149434,18.681541692269406,16.0312195418814,10.44030650891055,10.63014581273465,8.94427190999916,13.341664064126334,17.029386365926403,15.297058540778355,22.561028345356952,22.360679774997898,17.029386365926403,15.524174696260024,18.681541692269406,17.26267650163207,12.165525060596437,14.0,11.180339887498949,13.038404810405298,7.280109889280519,5.099019513592785,6.0,7.0710678118654755,1697810871.9569333
28.460498941515414,27.51363298439521,27.313000567495326,23.259406699226012,20.808652046684813,19.723082923316017,20.248456731316587,16.643316977093235,9.219544457292887,12.041594578792296,6.0827625302982185,5.385164807134504,4.47213595499958,6.708203932499369,10.295630140987,21.470910553583888,24.596747752497688,23.259406699226012,22.825424421026653,26.400757564888174,25.553864678361276,26.92582403567252,20.0,29.068883707497267,24.73863375370596,22.090722034374522,21.023796041628636,22.360679774997898,26.68332812825267,17.11724276862369,24.331050121192874,9.219544457292889,4.47213595499958,13.453624047073712,17.804493814764854,14.212670403551895,20.12461179749811,18.973665961010276,24.207436873820413,15.264337522473749,16.278820596099706,15.620499351813308,8.94427190999916,7.211102550927979,4.123105625617661,6.0,3.6055512754639896,6.708203932499369,8.06225774829855,8.246211251235321,8.0,9.055385138137417,1697810871.9877186
30.870698080866262,35.60898762952971,27.202941017470888,34.66987164671943,24.207436873820413,18.867962264113206,16.278820596099706,13.0,10.63014581273465,10.0,6.0827625302982185,9.219544457292889,11.313708498984761,9.848857801796104,20.248456731316587,19.4164878389476,26.627053911388693,30.4138126514911,30.016662039607265,30.413812651491096,31.622776601683793,33.1058907144937,27.29468812791236,25.238858928247925,31.240998703626616,24.839484696748443,30.528675044947498,26.0,26.907248094147423,23.853720883753127,18.38477631085024,20.223748416156685,13.341664064126334,8.602325267042627,18.439088914585774,22.825424421026653,17.08800749063506,21.931712199461305,19.697715603592208,15.03329637837291,15.297058540778355,8.06225774829855,8.06225774829855,7.0,5.0,4.47213595499958,9.0,19.209372712298546,13.601470508735444,12.806248474865697,13.453624047073712,13.416407864998739,1697810871.9987185
27.51363298439521,25.495097567963924,26.92582403567252,20.6155281280883,18.38477631085024,16.15549442140351,18.248287590894655,11.6619037896906,7.280109889280519,9.486832980505138,5.8309518948453,8.06225774829855,10.19803902718557,12.041594578792294,18.60107523773827,17.46424919657298,23.021728866442675,25.0,21.587033144922902,28.0713376952364,24.083189157584588,26.476404589747453,26.305892875931807,23.769728648009426,24.186773244895647,21.400934559032695,24.16609194718914,17.0,17.029386365926403,20.223748416156685,24.16609194718914,9.433981132056603,10.816653826391969,13.416407864998739,11.40175425099138,15.264337522473749,16.643316977093235,15.652475842498529,16.643316977093235,10.816653826391969,11.40175425099138,7.0710678118654755,7.211102550927979,5.0,4.123105625617661,5.099019513592785,9.219544457292887,9.433981132056603,13.0,12.36931687685298,12.529964086141668,10.816653826391969,1697810872.005833
26.1725046566048,27.80287754891569,26.627053911388693,23.60084744241189,19.849433241279208,16.401219466856727,15.0,12.529964086141668,8.54400374531753,6.708203932499369,5.656854249492381,7.280109889280519,8.94427190999916,11.40175425099138,17.804493814764854,20.248456731316587,24.041630560342618,21.400934559032695,26.1725046566048,27.58622844826744,24.08318915758459,25.612496949731394,22.80350850198276,23.3238075793812,22.847319317591726,21.840329667841555,22.090722034374522,25.0,20.024984394500787,18.027756377319946,15.03329637837291,8.54400374531753,9.433981132056603,9.433981132056603,10.0,12.041594578792294,14.0,17.0,13.601470508735444,12.36931687685298,8.06225774829855,5.0,7.211102550927979,7.0710678118654755,3.1622776601683795,5.0,8.06225774829855,9.899494936611665,12.806248474865697,11.40175425099138,10.63014581273465,10.63014581273465,1697810872.0127864
30.364452901377952,28.23118842698621,29.966648127543394,26.400757564888174,25.059928172283335,20.591260281974,20.12461179749811,19.4164878389476,17.204650534085253,15.556349186104047,10.816653826391969,8.246211251235321,7.810249675906654,8.0,8.06225774829855,11.6619037896906,14.560219778561038,22.80350850198276,21.95449840010015,17.804493814764854,24.207436873820413,24.758836806279895,23.430749027719962,28.284271247461902,27.459060435491963,23.3238075793812,22.360679774997898,28.0178514522438,20.6155281280883,21.840329667841555,18.867962264113206,18.788294228055936,9.486832980505138,16.492422502470642,16.278820596099706,17.029386365926403,21.400934559032695,14.317821063276352,30.886890422961002,18.973665961010276,18.867962264113206,19.924858845171276,22.671568097509265,7.0,18.439088914585778,24.020824298928627,17.204650534085253,21.931712199461305,12.08304597359457,1.0,3.1622776601683795,10.0,1697810872.1141968
28.635642126552703,30.0,31.240998703626616,21.213203435596427,22.671568097509265,19.79898987322333,17.0,22.825424421026653,18.248287590894655,11.045361017187261,7.280109889280519,9.055385138137417,7.211102550927979,6.324555320336759,8.602325267042627,11.40175425099138,10.295630140987,17.69180601295413,17.204650534085253,16.278820596099706,21.470910553583888,21.470910553583888,21.2602916254693,20.0,21.213203435596427,17.804493814764854,20.591260281974,21.02379604162864,19.235384061671343,18.027756377319946,14.560219778561038,15.132745950421555,12.36931687685298,8.602325267042627,14.422205101855958,17.204650534085253,20.615528128088304,19.209372712298546,17.88854381999832,18.973665961010276,14.212670403551895,14.866068747318504,18.027756377319946,13.0,18.439088914585774,15.811388300841898,14.422205101855958,15.03329637837291,7.0,7.0,8.602325267042627,3.0,1697810872.1211932
21.470910553583888,24.596747752497688,26.92582403567252,23.40939982143925,22.135943621178658,15.297058540778355,16.15549442140351,15.620499351813308,15.620499351813308,10.0,5.8309518948453,7.0710678118654755,5.8309518948453,7.280109889280519,11.180339887498949,13.152946437965904,15.132745950421555,19.697715603592208,20.591260281974,20.8806130178211,27.78488797889961,26.832815729997478,26.248809496813376,15.811388300841898,22.360679774997898,19.4164878389476,21.213203435596427,22.090722034374522,20.024984394500787,21.095023109728984,17.11724276862369,15.03329637837291,11.40175425099138,12.529964086141668,13.92838827718412,17.69180601295413,21.213203435596427,22.627416997969522,17.0,14.142135623730951,15.0,14.142135623730951,15.0,11.40175425099138,11.40175425099138,7.810249675906654,10.295630140987,12.08304597359457,5.099019513592785,6.324555320336759,6.0,4.0,1697810872.1261928
33.734255586866006,21.587033144922902,25.0,16.278820596099706,25.0,16.278820596099706,10.19803902718557,18.027756377319946,20.024984394500787,13.341664064126334,7.810249675906654,9.219544457292887,0.0,8.06225774829855,11.0,17.720045146669353,16.0,14.317821063276352,22.20360331117452,23.769728648009423,28.0713376952364,24.083189157584588,20.223748416156685,22.02271554554524,26.305892875931807,18.439088914585778,19.924858845171276,26.248809496813376,16.76305461424021,20.591260281974,14.317821063276352,12.806248474865697,17.88854381999832,14.317821063276352,18.439088914585778,16.0,18.027756377319946,22.0,18.027756377319946,12.36931687685298,15.524174696260024,12.649110640673518,13.152946437965904,10.19803902718557,10.816653826391969,12.529964086141668,4.47213595499958,6.0827625302982185,14.0356688476182,12.0,10.04987562112089,7.280109889280519,1697810872.1321926
33.1058907144937,32.57299494980467,31.04834939252005,28.160255680657446,22.80350850198276,19.924858845171276,16.15549442140351,17.11724276862369,10.0,9.055385138137417,4.123105625617661,8.602325267042627,13.0,16.643316977093235,18.439088914585778,26.305892875931807,26.076809620810597,25.96150997149434,34.058772731852805,28.160255680657446,32.01562118716424,36.013886210738214,29.0,31.780497164141405,27.018512172212592,26.570660511172843,36.40054944640259,26.419689627245813,23.769728648009426,16.401219466856727,19.4164878389476,20.0,6.0,17.08800749063506,13.038404810405298,16.492422502470642,22.090722034374522,21.095023109728984,23.08679276123039,18.248287590894655,13.0,15.811388300841898,14.317821063276352,13.0,10.816653826391969,9.899494936611665,10.19803902718557,7.0710678118654755,8.54400374531753,6.708203932499369,7.211102550927979,8.602325267042627,1697810872.139811
22.80350850198276,21.213203435596427,19.79898987322333,17.804493814764854,15.620499351813308,14.422205101855958,13.453624047073712,11.180339887498949,9.848857801796104,12.0,15.132745950421555,18.027756377319946,18.38477631085024,24.041630560342618,19.4164878389476,30.80584360149873,25.80697580112788,26.1725046566048,25.0,29.068883707497267,25.495097567963924,27.29468812791236,22.80350850198276,24.16609194718914,21.377558326431952,20.615528128088304,21.540659228538015,18.027756377319946,12.041594578792294,11.40175425099138,17.0,10.0,4.47213595499958,6.0827625302982185,7.810249675906654,10.0,12.08304597359457,12.206555615733702,10.04987562112089,6.0,9.219544457292889,10.44030650891055,11.704699910719626,15.231546211727817,21.540659228538015,17.4928556845359,11.180339887498949,19.235384061671347,20.09975124224178,20.12461179749811,15.811388300841898,16.0,1697810872.172612
25.317977802344327,23.021728866442675,24.331050121192874,19.4164878389476,17.720045146669353,16.76305461424021,17.26267650163207,15.03329637837291,12.041594578792294,12.165525060596437,13.0,12.08304597359457,12.529964086141668,12.529964086141668,16.0,19.4164878389476,23.194827009486403,26.076809620810597,26.68332812825267,22.20360331117452,21.377558326431952,26.076809620810597,21.023796041628636,23.345235059857504,20.8806130178211,16.76305461424021,15.652475842498529,17.029386365926403,24.839484696748443,16.401219466856727,12.08304597359457,11.0,4.47213595499958,10.44030650891055,10.04987562112089,8.54400374531753,8.94427190999916,13.038404810405298,18.027756377319946,13.453624047073712,7.810249675906654,10.44030650891055,9.899494936611665,10.63014581273465,23.345235059857504,11.40175425099138,11.40175425099138,11.704699910719626,11.180339887498949,12.529964086141668,12.806248474865697,12.529964086141668,1697810872.2052305
30.083217912982647,27.202941017470888,27.202941017470888,22.561028345356952,21.213203435596427,15.524174696260024,17.029386365926403,15.132745950421555,11.180339887498949,7.615773105863909,6.4031242374328485,5.385164807134504,7.615773105863909,11.180339887498949,10.04987562112089,21.840329667841555,17.46424919657298,23.08679276123039,24.041630560342615,25.96150997149434,27.202941017470888,26.92582403567252,24.73863375370596,26.0,24.16609194718914,21.95449840010015,26.627053911388693,21.95449840010015,18.439088914585774,18.38477631085024,10.04987562112089,7.280109889280519,9.219544457292889,6.324555320336759,12.806248474865697,12.041594578792296,15.0,19.1049731745428,19.313207915827967,10.0,8.94427190999916,2.23606797749979,13.152946437965904,14.560219778561038,11.6619037896906,11.313708498984761,10.816653826391969,9.486832980505138,9.055385138137417,9.219544457292889,8.06225774829855,9.219544457292889,1697810872.2286105
25.0,14.866068747318504,17.029386365926403,13.601470508735444,13.892443989449806,13.416407864998739,11.40175425099138,6.4031242374328485,7.0710678118654755,8.54400374531753,16.643316977093235,20.591260281974,20.6155281280883,20.09975124224178,18.973665961010276,25.495097567963924,29.154759474226502,31.622776601683796,29.546573405388315,30.016662039607265,27.29468812791236,28.0178514522438,22.80350850198276,23.430749027719962,24.69817807045694,16.401219466856727,19.6468827043885,15.811388300841898,16.15549442140351,8.246211251235321,8.602325267042627,11.180339887498949,5.385164807134504,4.47213595499958,6.0,11.180339887498949,10.19803902718557,10.44030650891055,10.04987562112089,7.0710678118654755,8.06225774829855,6.0827625302982185,8.94427190999916,4.47213595499958,8.06225774829855,11.6619037896906,12.806248474865697,12.806248474865697,10.295630140987,13.453624047073712,12.041594578792296,12.727922061357857,1697810872.5803766
24.515301344262525,21.213203435596427,11.045361017187261,16.1245154965971,11.40175425099138,9.486832980505138,12.041594578792294,8.602325267042627,6.4031242374328485,9.219544457292887,16.278820596099706,21.023796041628636,19.924858845171276,23.769728648009426,22.360679774997898,27.658633371878665,27.202941017470888,31.016124838541646,29.154759474226502,31.622776601683796,29.732137494637012,25.495097567963924,24.73863375370596,22.02271554554524,22.0,20.39607805437114,18.35755975068582,15.811388300841896,13.601470508735444,11.6619037896906,9.899494936611665,5.0,7.0710678118654755,6.4031242374328485,7.615773105863909,9.848857801796104,10.63014581273465,9.899494936611665,12.206555615733702,11.704699910719626,8.602325267042627,8.246211251235321,10.04987562112089,10.04987562112089,6.708203932499369,11.0,13.038404810405298,14.866068747318506,11.180339887498949,13.601470508735444,17.029386365926403,16.0312195418814,1697810872.5883682
25.63201123595259,18.973665961010276,16.970562748477143,16.1245154965971,12.36931687685298,11.180339887498949,10.44030650891055,5.8309518948453,7.280109889280519,10.0,16.643316977093235,21.2602916254693,24.596747752497688,24.596747752497688,34.0,30.80584360149873,30.413812651491096,38.58756276314948,39.35733730830886,37.33630940518894,34.014702703389894,28.178005607210743,24.758836806279895,27.018512172212596,26.400757564888174,24.758836806279895,13.152946437965904,16.492422502470642,13.601470508735444,9.486832980505138,6.0827625302982185,5.385164807134504,5.8309518948453,3.1622776601683795,8.54400374531753,10.44030650891055,10.0,11.180339887498949,12.041594578792294,5.099019513592785,5.099019513592785,3.6055512754639896,11.180339887498949,7.615773105863909,9.055385138137417,13.152946437965904,16.278820596099706,13.341664064126334,15.524174696260024,16.55294535724685,18.38477631085024,17.804493814764854,1697810872.605766
26.248809496813376,16.0,23.0,8.54400374531753,12.727922061357857,13.0,10.04987562112089,5.0,10.44030650891055,9.055385138137417,18.027756377319946,18.027756377319946,22.825424421026653,28.635642126552703,27.85677655436824,29.61418578992169,32.7566787083184,34.48187929913333,26.0,32.57299494980467,25.942243542145697,29.068883707497264,24.020824298928627,26.1725046566048,20.39607805437114,17.26267650163207,18.027756377319946,14.866068747318506,5.385164807134504,10.770329614269007,6.0,1.4142135623730951,3.0,8.94427190999916,6.708203932499369,8.94427190999916,9.055385138137417,9.219544457292887,9.433981132056603,6.708203932499369,7.0710678118654755,5.8309518948453,7.0710678118654755,7.615773105863909,9.055385138137417,9.848857801796104,11.704699910719626,14.317821063276352,13.92838827718412,17.26267650163207,13.0,20.615528128088304,1697810872.6118448
20.39607805437114,14.317821063276352,15.652475842498529,6.4031242374328485,27.85677655436824,9.433981132056603,3.6055512754639896,2.23606797749979,7.810249675906654,11.40175425099138,19.209372712298546,25.059928172283335,27.29468812791236,23.706539182259394,27.29468812791236,35.84689665786985,40.311288741492746,31.064449134018133,30.870698080866262,34.0,24.698178070456937,28.30194339616981,22.022715545545243,21.2602916254693,20.808652046684813,16.278820596099706,19.235384061671347,16.1245154965971,16.0312195418814,8.246211251235321,4.0,7.810249675906654,7.810249675906654,3.1622776601683795,14.142135623730951,10.04987562112089,8.06225774829855,12.0,5.8309518948453,10.295630140987,4.0,7.0710678118654755,4.47213595499958,10.770329614269007,10.816653826391969,13.416407864998739,16.15549442140351,16.15549442140351,16.492422502470642,20.024984394500787,22.090722034374522,19.1049731745428,1697810872.631606
17.804493814764854,11.313708498984761,8.54400374531753,11.045361017187261,8.602325267042627,5.099019513592785,1.4142135623730951,8.0,11.045361017187261,14.866068747318504,28.844410203711917,24.758836806279895,19.1049731745428,27.202941017470888,26.92582403567252,31.89043743820395,29.20616373302047,33.97057550292606,32.64965543462902,32.01562118716424,27.65863337187866,27.58622844826744,20.248456731316587,18.867962264113206,22.825424421026653,15.231546211727817,16.0312195418814,17.720045146669353,14.142135623730951,13.152946437965904,10.44030650891055,6.0,3.1622776601683795,12.36931687685298,12.36931687685298,12.649110640673518,4.123105625617661,12.041594578792294,3.1622776601683795,5.0,5.8309518948453,3.6055512754639896,8.54400374531753,8.94427190999916,13.341664064126334,16.401219466856727,16.76305461424021,17.26267650163207,18.027756377319946,17.0,18.867962264113206,18.439088914585774,1697810872.6626315
17.4928556845359,11.6619037896906,13.892443989449806,9.219544457292887,10.44030650891055,7.615773105863909,8.246211251235321,9.219544457292889,10.19803902718557,10.63014581273465,19.209372712298546,22.80350850198276,19.723082923316017,19.723082923316017,25.238858928247925,25.553864678361276,25.238858928247925,27.78488797889961,27.730849247724095,25.553864678361276,24.186773244895647,21.95449840010015,18.788294228055936,20.0,15.620499351813308,13.453624047073712,14.560219778561038,12.36931687685298,13.601470508735444,12.041594578792294,13.453624047073712,3.1622776601683795,6.0827625302982185,4.47213595499958,2.0,2.23606797749979,4.123105625617661,9.219544457292887,3.6055512754639896,9.433981132056603,11.40175425099138,5.385164807134504,12.649110640673518,13.601470508735444,21.0,17.720045146669353,16.643316977093235,36.06937759374287,10.295630140987,20.518284528683193,17.69180601295413,17.4928556845359,1697810872.709229
15.132745950421555,13.0,10.295630140987,6.708203932499369,10.816653826391969,5.385164807134504,10.0,8.602325267042627,15.03329637837291,16.0312195418814,22.360679774997898,29.27456233660889,23.086792761230395,29.832867780352593,26.570660511172843,33.37663853655727,28.861739379323623,32.28002478313795,32.28002478313795,27.85677655436824,15.811388300841898,20.248456731316587,22.02271554554524,14.142135623730951,14.317821063276352,10.19803902718557,14.422205101855958,10.19803902718557,9.486832980505138,8.602325267042627,15.0,8.06225774829855,5.0,4.0,2.0,12.165525060596437,6.4031242374328485,12.806248474865697,12.0,15.0,15.264337522473749,12.806248474865697,11.313708498984761,15.652475842498529,27.018512172212596,18.027756377319946,17.804493814764854,31.016124838541646,23.40939982143925,16.0312195418814,21.095023109728984,22.090722034374522,1697810872.7277882
16.643316977093235,14.866068747318504,15.652475842498529,6.708203932499369,10.63014581273465,11.704699910719626,15.264337522473749,16.1245154965971,17.029386365926403,23.194827009486403,21.377558326431952,31.953090617340916,29.120439557122076,27.892651361962706,36.68787265568829,25.495097567963924,31.57530680769389,30.886890422961002,31.38470965295043,28.30194339616981,22.472205054244235,24.186773244895647,19.697715603592208,22.847319317591726,17.08800749063506,12.165525060596437,12.36931687685298,12.0,13.0,9.055385138137417,9.899494936611665,10.0,7.211102550927979,7.211102550927979,9.219544457292887,7.810249675906654,5.8309518948453,3.6055512754639896,16.401219466856727,14.142135623730951,16.970562748477143,20.12461179749811,18.38477631085024,21.633307652783937,22.80350850198276,23.194827009486403,37.94733192202055,31.016124838541646,18.0,35.22782990761707,15.297058540778355,20.248456731316587,1697810872.7513523
21.931712199461305,6.708203932499369,11.40175425099138,8.94427190999916,15.03329637837291,9.219544457292889,19.849433241279208,17.69180601295413,13.601470508735444,21.095023109728984,18.027756377319946,21.587033144922902,28.0,17.029386365926403,27.0,30.364452901377952,31.0,24.020824298928627,24.020824298928627,29.427877939124325,26.076809620810597,24.186773244895647,14.7648230602334,14.317821063276352,16.1245154965971,9.848857801796104,11.40175425099138,12.806248474865697,8.602325267042627,13.601470508735444,9.433981132056603,8.06225774829855,4.47213595499958,9.0,1.0,3.6055512754639896,4.47213595499958,4.47213595499958,12.0,14.142135623730951,15.524174696260024,14.0356688476182,19.235384061671347,18.027756377319946,16.492422502470642,20.6155281280883,22.135943621178658,21.02379604162864,21.633307652783937,22.80350850198276,21.213203435596427,22.203603311174515,1697810872.7618654
30.479501308256342,12.08304597359457,17.4928556845359,15.297058540778355,12.08304597359457,12.041594578792294,17.08800749063506,21.633307652783937,18.110770276274835,20.223748416156685,19.697715603592208,22.472205054244235,19.026297590440446,25.495097567963924,25.079872407968907,29.732137494637012,37.0,30.413812651491096,31.57530680769389,30.364452901377952,32.7566787083184,18.027756377319946,20.12461179749811,17.720045146669353,16.0312195418814,15.0,13.92838827718412,14.866068747318506,10.770329614269007,9.899494936611665,8.94427190999916,7.280109889280519,7.0710678118654755,6.4031242374328485,7.810249675906654,3.0,9.848857801796104,11.180339887498949,12.206555615733702,16.55294535724685,15.620499351813308,17.4928556845359,20.12461179749811,19.235384061671343,18.027756377319946,24.73863375370596,24.515301344262525,27.294688127912362,25.179356624028344,25.079872407968907,25.079872407968907,22.80350850198276,1697810872.774506
28.0713376952364,13.038404810405298,12.165525060596437,13.0,15.297058540778355,10.19803902718557,11.180339887498949,11.40175425099138,14.317821063276352,18.110770276274835,14.560219778561038,24.083189157584588,18.0,21.587033144922902,20.0,27.018512172212592,22.360679774997898,24.020824298928627,25.01999200639361,30.59411708155671,25.01999200639361,19.6468827043885,18.973665961010276,15.03329637837291,13.152946437965904,13.0,11.313708498984761,12.206555615733702,8.06225774829855,9.899494936611665,9.848857801796104,6.708203932499369,5.099019513592785,5.8309518948453,6.4031242374328485,8.06225774829855,5.099019513592785,5.0,7.211102550927979,11.40175425099138,11.045361017187261,10.19803902718557,15.297058540778355,15.132745950421555,16.15549442140351,18.38477631085024,18.38477631085024,20.6155281280883,19.723082923316017,19.209372712298546,21.2602916254693,20.248456731316587,1697810872.7815144
21.377558326431952,20.615528128088304,13.892443989449806,7.211102550927979,13.453624047073712,17.204650534085253,17.0,13.92838827718412,12.041594578792294,14.0356688476182,17.720045146669353,20.615528128088304,21.95449840010015,23.3238075793812,21.540659228538015,26.305892875931807,25.96150997149434,22.847319317591726,30.675723300355937,23.259406699226012,20.248456731316587,20.615528128088304,16.0312195418814,17.11724276862369,17.26267650163207,12.649110640673518,12.806248474865697,11.313708498984761,9.899494936611665,7.211102550927979,12.206555615733702,5.0,3.6055512754639896,6.4031242374328485,6.4031242374328485,5.099019513592785,5.0,5.8309518948453,9.219544457292889,12.165525060596437,13.341664064126334,13.0,16.1245154965971,16.76305461424021,19.313207915827967,17.88854381999832,25.553864678361276,24.413111231467404,21.400934559032695,21.2602916254693,20.248456731316587,20.8806130178211,1697810872.790585
21.470910553583888,9.899494936611665,16.0312195418814,18.439088914585774,15.231546211727817,13.0,12.165525060596437,9.219544457292887,10.04987562112089,10.770329614269007,12.206555615733702,20.518284528683193,20.808652046684813,21.95449840010015,25.612496949731394,31.622776601683793,24.839484696748443,27.65863337187866,26.870057685088806,26.907248094147423,19.79898987322333,24.839484696748443,17.204650534085253,15.811388300841898,17.46424919657298,14.560219778561038,13.038404810405298,14.317821063276352,13.341664064126334,13.341664064126334,10.19803902718557,7.615773105863909,9.219544457292889,1.0,6.4031242374328485,5.0,2.23606797749979,5.656854249492381,10.816653826391969,12.36931687685298,7.280109889280519,13.341664064126334,15.811388300841898,13.601470508735444,18.027756377319946,18.788294228055936,21.02379604162864,20.248456731316587,19.697715603592208,20.808652046684813,17.804493814764854,18.439088914585774,1697810872.803569
18.973665961010276,16.55294535724685,13.416407864998739,10.44030650891055,10.44030650891055,8.54400374531753,7.211102550927979,6.4031242374328485,7.0710678118654755,7.0,10.770329614269007,13.601470508735444,15.0,15.0,18.439088914585774,22.671568097509265,23.60084744241189,21.213203435596427,22.627416997969522,21.213203435596427,16.401219466856727,15.811388300841896,12.529964086141668,12.529964086141668,15.297058540778355,11.40175425099138,9.219544457292889,10.19803902718557,11.180339887498949,9.219544457292887,3.0,8.246211251235321,4.242640687119286,1.4142135623730951,2.23606797749979,6.0827625302982185,5.0,9.486832980505138,6.324555320336759,5.385164807134504,6.708203932499369,10.295630140987,10.0,10.0,12.041594578792296,14.212670403551895,14.142135623730951,15.620499351813308,13.453624047073712,15.0,15.811388300841896,15.231546211727817,1697810872.8178
26.076809620810597,23.53720459187964,19.313207915827967,15.297058540778355,13.038404810405298,11.180339887498949,10.295630140987,8.602325267042627,8.54400374531753,11.40175425099138,16.0,20.39607805437114,21.587033144922902,24.351591323771842,28.861739379323623,34.785054261852174,29.120439557122076,33.54101966249685,32.202484376209235,29.546573405388315,28.635642126552703,26.68332812825267,18.027756377319946,24.041630560342615,21.095023109728984,17.26267650163207,17.204650534085253,18.867962264113206,15.556349186104047,14.7648230602334,14.7648230602334,11.0,5.099019513592785,4.123105625617661,10.19803902718557,9.219544457292889,5.0,3.1622776601683795,6.4031242374328485,12.165525060596437,10.44030650891055,13.0,13.92838827718412,15.231546211727817,15.231546211727817,16.76305461424021,18.681541692269406,19.924858845171276,18.248287590894655,20.024984394500787,20.223748416156685,20.615528128088304,1697810872.8258064
22.360679774997898,21.587033144922902,18.027756377319946,12.36931687685298,12.041594578792294,9.0,8.94427190999916,7.810249675906654,6.324555320336759,9.486832980505138,15.03329637837291,18.027756377319946,17.46424919657298,22.135943621178658,25.079872407968903,28.635642126552703,28.30194339616981,30.886890422961002,29.068883707497267,27.78488797889961,23.853720883753127,22.847319317591726,19.6468827043885,18.681541692269406,19.235384061671347,15.03329637837291,14.7648230602334,14.317821063276352,11.704699910719626,11.313708498984761,7.615773105863909,6.4031242374328485,5.385164807134504,3.0,3.1622776601683795,5.099019513592785,11.0,7.810249675906654,6.0827625302982185,12.08304597359457,9.433981132056603,8.94427190999916,12.206555615733702,13.601470508735444,13.601470508735444,13.416407864998739,16.1245154965971,16.401219466856727,16.55294535724685,17.720045146669353,14.560219778561038,17.029386365926403,1697810872.8418982
21.95449840010015,20.248456731316587,15.231546211727817,12.727922061357857,13.416407864998739,9.219544457292889,13.601470508735444,12.727922061357857,8.06225774829855,7.0710678118654755,13.038404810405298,14.317821063276352,15.524174696260024,22.360679774997898,24.186773244895647,30.14962686336267,26.0,28.0,29.61418578992169,32.38826948140329,18.681541692269406,22.360679774997898,20.223748416156685,17.08800749063506,21.95449840010015,15.264337522473749,12.806248474865697,17.720045146669353,11.40175425099138,10.0,13.601470508735444,4.47213595499958,3.0,3.6055512754639896,4.123105625617661,12.206555615733702,12.08304597359457,9.848857801796104,14.866068747318504,9.055385138137417,11.180339887498949,16.0,17.46424919657298,14.142135623730951,11.6619037896906,17.26267650163207,16.0312195418814,16.492422502470642,17.029386365926403,19.1049731745428,17.0,14.866068747318506,1697810872.8548288
18.867962264113206,20.0,8.94427190999916,13.892443989449806,9.486832980505138,10.04987562112089,9.219544457292887,2.0,4.47213595499958,8.602325267042627,11.6619037896906,20.248456731316587,19.235384061671347,21.587033144922902,21.840329667841555,32.7566787083184,31.57530680769389,35.6931365951495,31.32091952673165,26.68332812825267,27.202941017470888,19.6468827043885,19.313207915827967,19.235384061671343,19.4164878389476,14.422205101855958,16.55294535724685,14.317821063276352,11.40175425099138,10.44030650891055,7.810249675906654,7.280109889280519,6.708203932499369,6.4031242374328485,7.0710678118654755,9.848857801796104,7.615773105863909,9.219544457292887,9.433981132056603,9.0,6.0827625302982185,6.708203932499369,6.324555320336759,12.041594578792296,13.601470508735444,9.899494936611665,13.416407864998739,13.038404810405298,15.811388300841896,13.152946437965904,18.027756377319946,18.681541692269406,1697810872.8698204
19.6468827043885,15.297058540778355,14.0356688476182,9.055385138137417,7.810249675906654,6.708203932499369,6.0,5.656854249492381,8.94427190999916,12.529964086141668,18.35755975068582,20.615528128088304,26.248809496813372,30.610455730027933,32.449961479175904,38.01315561749643,38.18376618407357,35.38361202590826,33.97057550292606,32.64965543462902,29.73213749463701,29.73213749463701,24.08318915758459,24.596747752497688,22.360679774997898,18.38477631085024,19.026297590440446,17.0,14.142135623730951,10.19803902718557,10.04987562112089,9.055385138137417,3.6055512754639896,10.04987562112089,12.08304597359457,8.06225774829855,10.44030650891055,9.055385138137417,7.0710678118654755,6.4031242374328485,3.1622776601683795,5.0,9.848857801796104,10.816653826391969,12.727922061357857,14.422205101855958,18.439088914585774,17.804493814764854,16.643316977093235,17.08800749063506,22.847319317591726,20.39607805437114,1697810872.9034984
15.556349186104047,17.46424919657298,11.40175425099138,6.324555320336759,3.0,1.0,2.23606797749979,6.4031242374328485,8.94427190999916,12.806248474865697,17.4928556845359,28.0178514522438,20.518284528683193,29.832867780352593,30.479501308256342,31.144823004794873,34.40930106817051,37.013511046643494,39.408120990476064,31.622776601683793,34.88552708502481,25.612496949731394,24.69817807045694,22.671568097509265,19.1049731745428,17.029386365926403,20.248456731316587,17.4928556845359,13.0,13.601470508735444,10.44030650891055,4.47213595499958,9.848857801796104,7.0,7.810249675906654,12.806248474865697,11.6619037896906,9.899494936611665,6.324555320336759,3.1622776601683795,2.8284271247461903,5.0,7.0710678118654755,11.180339887498949,8.94427190999916,12.08304597359457,21.02379604162864,18.788294228055936,20.248456731316587,21.213203435596427,23.53720459187964,25.179356624028344,1697810872.9248552
17.0,10.04987562112089,5.0,7.280109889280519,3.1622776601683795,5.0,4.47213595499958,2.23606797749979,5.0,9.433981132056603,19.209372712298546,17.0,20.12461179749811,21.95449840010015,28.30194339616981,23.706539182259394,26.0,33.54101966249685,23.60084744241189,28.160255680657446,27.073972741361768,18.027756377319946,17.029386365926403,17.69180601295413,16.970562748477143,15.620499351813308,17.46424919657298,12.08304597359457,8.246211251235321,12.041594578792294,10.04987562112089,9.219544457292889,14.317821063276352,9.848857801796104,18.35755975068582,4.47213595499958,11.0,7.0710678118654755,5.656854249492381,2.8284271247461903,6.324555320336759,8.246211251235321,6.4031242374328485,5.8309518948453,11.180339887498949,11.180339887498949,10.816653826391969,14.7648230602334,11.0,16.0,17.029386365926403,18.973665961010276,1697810872.935285
11.40175425099138,8.246211251235321,5.385164807134504,3.6055512754639896,3.1622776601683795,2.23606797749979,4.123105625617661,7.280109889280519,10.44030650891055,13.341664064126334,18.248287590894655,22.135943621178658,21.02379604162864,22.847319317591726,22.825424421026653,26.0,24.186773244895647,24.69817807045694,24.69817807045694,22.80350850198276,18.60107523773827,18.027756377319946,15.652475842498529,14.7648230602334,13.416407864998739,11.40175425099138,10.04987562112089,8.06225774829855,6.0827625302982185,4.123105625617661,2.8284271247461903,4.123105625617661,7.0710678118654755,8.06225774829855,8.06225774829855,7.280109889280519,5.099019513592785,4.0,1.4142135623730951,3.6055512754639896,5.0,7.0710678118654755,10.816653826391969,13.453624047073712,14.866068747318504,14.866068747318504,17.69180601295413,18.439088914585774,18.38477631085024,17.804493814764854,18.027756377319946,17.4928556845359,1697810873.2530348
19.697715603592208,16.55294535724685,10.63014581273465,9.899494936611665,8.54400374531753,9.433981132056603,9.0,11.6619037896906,17.720045146669353,13.601470508735444,8.54400374531753,19.313207915827967,21.95449840010015,23.853720883753127,33.421549934136806,31.400636936215164,26.907248094147423,29.698484809834998,27.80287754891569,22.022715545545243,24.186773244895647,14.7648230602334,18.973665961010276,19.313207915827967,21.470910553583888,13.0,16.76305461424021,14.142135623730951,12.08304597359457,6.4031242374328485,2.0,1.4142135623730951,6.0827625302982185,19.026297590440446,10.770329614269007,9.486832980505138,5.8309518948453,5.8309518948453,8.485281374238571,8.602325267042627,9.219544457292889,10.295630140987,7.810249675906654,12.806248474865697,17.204650534085253,18.439088914585774,24.207436873820413,21.540659228538015,21.400934559032695,17.88854381999832,22.022715545545243,26.832815729997478,1697810873.3701613
18.788294228055936,16.492422502470642,10.0,15.652475842498529,13.038404810405298,5.385164807134504,10.295630140987,10.0,11.313708498984761,12.727922061357857,17.804493814764854,23.021728866442675,21.470910553583888,18.35755975068582,25.942243542145697,28.0178514522438,25.238858928247925,27.459060435491963,31.38470965295043,28.31960451701259,18.027756377319946,25.495097567963924,16.278820596099706,19.4164878389476,16.401219466856727,10.0,9.0,8.0,8.246211251235321,10.295630140987,5.385164807134504,3.1622776601683795,3.0,2.23606797749979,6.4031242374328485,2.8284271247461903,4.47213595499958,1.4142135623730951,9.219544457292889,10.0,11.40175425099138,12.806248474865697,13.92838827718412,30.528675044947498,20.518284528683193,8.06225774829855,26.570660511172843,21.633307652783937,21.02379604162864,18.027756377319946,22.360679774997898,22.561028345356952,1697810873.7509007
23.430749027719962,20.248456731316587,16.492422502470642,17.08800749063506,10.295630140987,10.770329614269007,5.656854249492381,17.029386365926403,14.422205101855958,16.401219466856727,21.587033144922902,26.832815729997478,24.596747752497688,24.758836806279895,40.45985664828782,34.40930106817051,39.96248240537617,31.064449134018133,37.48332962798262,39.446165846632034,28.65309756378881,28.31960451701259,24.698178070456937,27.018512172212596,26.248809496813372,19.723082923316017,17.720045146669353,14.317821063276352,10.19803902718557,4.47213595499958,6.324555320336759,6.708203932499369,2.8284271247461903,4.0,9.899494936611665,9.433981132056603,6.0827625302982185,5.0,9.899494936611665,10.295630140987,9.486832980505138,12.165525060596437,15.811388300841896,19.209372712298546,13.892443989449806,18.35755975068582,22.80350850198276,24.839484696748443,21.213203435596427,21.095023109728988,24.186773244895647,22.80350850198276,1697810873.7703288
23.345235059857504,18.38477631085024,18.60107523773827,11.180339887498949,10.295630140987,10.0,8.06225774829855,13.152946437965904,10.04987562112089,12.36931687685298,18.027756377319946,16.492422502470642,16.15549442140351,17.720045146669353,21.840329667841555,25.0,23.53720459187964,25.96150997149434,25.298221281347036,23.769728648009426,24.16609194718914,20.39607805437114,15.132745950421555,18.110770276274835,18.248287590894655,14.317821063276352,13.416407864998739,12.08304597359457,10.816653826391969,9.433981132056603,8.246211251235321,5.099019513592785,2.8284271247461903,3.1622776601683795,4.123105625617661,8.54400374531753,8.06225774829855,6.708203932499369,6.324555320336759,6.324555320336759,8.0,8.246211251235321,11.0,13.152946437965904,13.601470508735444,14.142135623730951,16.0312195418814,16.1245154965971,16.1245154965971,17.08800749063506,16.55294535724685,16.401219466856727,1697810873.7793274
20.223748416156685,14.212670403551895,15.524174696260024,11.704699910719626,13.341664064126334,8.602325267042627,8.06225774829855,6.4031242374328485,5.8309518948453,9.055385138137417,13.038404810405298,15.652475842498529,17.804493814764854,16.1245154965971,22.360679774997898,24.041630560342615,23.769728648009423,20.591260281974,24.515301344262525,25.0,25.317977802344327,20.0,14.0356688476182,19.1049731745428,15.297058540778355,12.041594578792294,11.6619037896906,12.206555615733702,10.295630140987,4.47213595499958,9.848857801796104,1.0,2.23606797749979,5.0,7.280109889280519,5.656854249492381,7.211102550927979,9.433981132056603,6.4031242374328485,6.708203932499369,4.47213595499958,7.280109889280519,13.038404810405298,9.0,12.165525060596437,12.041594578792294,13.038404810405298,14.0,14.0,14.317821063276352,18.681541692269406,13.038404810405298,1697810873.8113801
18.973665961010276,4.242640687119286,10.63014581273465,15.811388300841898,14.317821063276352,26.92582403567252,7.0710678118654755,10.44030650891055,12.08304597359457,18.027756377319946,9.848857801796104,25.079872407968907,11.0,25.553864678361276,30.23243291566195,27.313000567495326,30.23243291566195,20.615528128088304,28.460498941515414,18.867962264113206,26.627053911388693,22.47220505424423,29.698484809834998,22.022715545545243,13.92838827718412,13.416407864998739,11.313708498984761,9.055385138137417,4.47213595499958,10.63014581273465,4.47213595499958,5.0,3.6055512754639896,5.0,5.385164807134504,8.06225774829855,10.770329614269007,7.615773105863909,9.219544457292887,9.219544457292889,8.94427190999916,10.44030650891055,8.0,15.652475842498529,11.180339887498949,12.206555615733702,9.219544457292887,14.866068747318504,15.264337522473749,13.453624047073712,12.206555615733702,12.806248474865697,1697810873.8408732
10.44030650891055,16.76305461424021,14.866068747318506,32.69556544854363,15.264337522473749,25.63201123595259,23.3238075793812,19.0,27.658633371878665,34.52535300326414,28.600699292150182,4.47213595499958,38.2099463490856,16.278820596099706,26.92582403567252,35.35533905932738,17.88854381999832,27.80287754891569,26.0,31.622776601683793,25.059928172283335,22.022715545545243,17.4928556845359,22.203603311174515,14.142135623730951,9.0,8.06225774829855,16.1245154965971,19.6468827043885,9.219544457292887,5.099019513592785,5.656854249492381,8.246211251235321,7.0710678118654755,11.704699910719626,12.041594578792296,3.1622776601683795,5.0,9.848857801796104,17.029386365926403,7.615773105863909,6.324555320336759,21.377558326431952,8.0,21.95449840010015,17.029386365926403,19.026297590440446,18.867962264113206,17.88854381999832,21.540659228538015,12.206555615733702,24.758836806279895,1697810873.983762
18.027756377319946,18.027756377319946,16.1245154965971,13.892443989449806,14.422205101855958,15.652475842498529,17.46424919657298,17.029386365926403,18.248287590894655,20.615528128088304,25.298221281347036,27.459060435491963,25.238858928247925,25.079872407968903,25.942243542145697,29.546573405388315,26.92582403567252,29.5296461204668,28.178005607210743,27.730849247724095,22.847319317591726,24.041630560342615,20.39607805437114,19.6468827043885,21.213203435596427,14.0356688476182,14.560219778561038,13.341664064126334,11.045361017187261,8.54400374531753,7.0,3.6055512754639896,2.0,2.23606797749979,4.123105625617661,6.708203932499369,7.211102550927979,8.602325267042627,12.36931687685298,14.0,13.0,14.0356688476182,18.027756377319946,18.0,18.027756377319946,19.6468827043885,22.80350850198276,23.769728648009423,21.540659228538015,21.95449840010015,22.203603311174515,21.2602916254693,1697810873.993692
21.400934559032695,19.313207915827967,18.38477631085024,10.19803902718557,8.94427190999916,11.40175425099138,6.4031242374328485,10.295630140987,12.041594578792296,14.7648230602334,18.027756377319946,17.720045146669353,19.235384061671343,24.351591323771842,25.63201123595259,26.248809496813376,29.5296461204668,30.886890422961002,30.23243291566195,28.0178514522438,26.419689627245813,23.3238075793812,17.88854381999832,22.472205054244235,18.439088914585778,15.132745950421555,17.029386365926403,9.486832980505138,10.19803902718557,4.242640687119286,6.708203932499369,1.0,6.0,5.8309518948453,2.0,9.055385138137417,1.0,12.727922061357857,12.165525060596437,6.324555320336759,2.8284271247461903,6.708203932499369,21.0,20.615528128088304,13.341664064126334,21.470910553583888,42.48529157249601,16.55294535724685,21.540659228538015,17.0,21.213203435596427,14.142135623730951,1697810874.114204
25.63201123595259,19.697715603592208,12.649110640673518,10.816653826391969,11.704699910719626,8.06225774829855,5.099019513592785,15.297058540778355,6.708203932499369,14.560219778561038,16.278820596099706,21.931712199461305,22.022715545545243,19.4164878389476,18.60107523773827,31.38470965295043,24.08318915758459,27.018512172212596,26.400757564888174,29.410882339705484,32.64965543462902,30.23243291566195,23.08679276123039,20.6155281280883,19.697715603592208,15.652475842498529,12.165525060596437,14.0356688476182,11.0,6.0827625302982185,4.47213595499958,2.0,5.0,3.0,7.211102550927979,8.246211251235321,18.439088914585774,1.0,7.280109889280519,21.587033144922902,6.324555320336759,5.385164807134504,17.88854381999832,12.36931687685298,9.486832980505138,1.0,33.421549934136806,18.027756377319946,21.023796041628636,14.866068747318506,21.095023109728984,21.095023109728984,1697810874.1202042
24.331050121192874,21.587033144922902,19.4164878389476,16.492422502470642,11.0,7.615773105863909,12.649110640673518,8.246211251235321,7.615773105863909,15.03329637837291,12.0,22.671568097509265,20.518284528683193,20.808652046684813,23.3452350598575,30.610455730027933,23.60084744241189,25.612496949731394,29.832867780352593,25.495097567963924,27.58622844826744,25.612496949731394,20.248456731316587,25.0,16.643316977093235,17.11724276862369,16.492422502470642,17.11724276862369,9.0,10.44030650891055,2.23606797749979,6.0827625302982185,6.0827625302982185,5.0,8.246211251235321,6.708203932499369,10.19803902718557,10.770329614269007,13.0,5.385164807134504,3.1622776601683795,7.280109889280519,8.06225774829855,10.19803902718557,10.770329614269007,11.180339887498949,16.0312195418814,16.0312195418814,16.0312195418814,20.615528128088304,20.6155281280883,15.297058540778355,1697810874.128206
30.479501308256342,30.80584360149873,20.591260281974,16.55294535724685,19.697715603592208,12.041594578792296,21.02379604162864,13.416407864998739,2.23606797749979,12.041594578792294,13.038404810405298,21.02379604162864,27.85677655436824,22.847319317591726,28.460498941515414,34.36568055487917,37.69615364994153,39.0,40.24922359499622,46.09772228646444,36.345563690772494,42.1070065428546,26.076809620810597,30.14962686336267,28.442925306655788,21.213203435596427,20.09975124224178,18.973665961010276,18.439088914585778,11.704699910719626,9.055385138137417,4.0,1.4142135623730951,6.0827625302982185,12.041594578792294,10.0,5.385164807134504,11.6619037896906,11.704699910719626,3.1622776601683795,3.1622776601683795,5.8309518948453,7.615773105863909,12.36931687685298,10.44030650891055,14.866068747318506,17.720045146669353,20.615528128088304,18.973665961010276,24.351591323771842,21.02379604162864,20.591260281974,1697810874.1352077
28.65309756378881,30.364452901377952,21.95449840010015,20.8806130178211,19.1049731745428,15.231546211727817,23.769728648009423,16.1245154965971,9.219544457292887,14.212670403551895,13.341664064126334,15.811388300841898,15.524174696260024,12.36931687685298,22.090722034374522,29.546573405388315,29.732137494637012,32.69556544854363,31.04834939252005,29.154759474226502,32.01562118716424,33.734255586866006,16.0,22.0,19.235384061671347,17.0,17.88854381999832,14.422205101855958,12.206555615733702,10.63014581273465,10.816653826391969,5.8309518948453,3.1622776601683795,3.6055512754639896,5.099019513592785,8.06225774829855,8.0,14.317821063276352,12.041594578792296,7.280109889280519,6.4031242374328485,10.0,12.649110640673518,13.038404810405298,9.486832980505138,12.08304597359457,16.76305461424021,16.76305461424021,17.08800749063506,18.35755975068582,22.360679774997898,19.4164878389476,1697810874.1492429
25.298221281347036,24.351591323771842,12.36931687685298,13.416407864998739,10.63014581273465,14.422205101855958,16.0312195418814,17.11724276862369,22.80350850198276,21.840329667841555,6.0827625302982185,23.60084744241189,24.839484696748443,17.720045146669353,32.526911934581186,22.80350850198276,21.2602916254693,29.20616373302047,31.064449134018133,30.479501308256342,22.671568097509265,9.055385138137417,25.455844122715714,19.849433241279208,18.439088914585774,12.206555615733702,12.36931687685298,12.36931687685298,9.055385138137417,6.324555320336759,6.708203932499369,8.06225774829855,5.8309518948453,4.123105625617661,4.0,1.4142135623730951,6.324555320336759,5.8309518948453,5.656854249492381,8.0,11.6619037896906,11.0,17.11724276862369,14.560219778561038,14.317821063276352,14.0,20.024984394500787,16.278820596099706,20.8806130178211,20.615528128088304,19.924858845171276,19.4164878389476,1697810874.162747
19.1049731745428,16.401219466856727,13.601470508735444,10.0,10.816653826391969,9.055385138137417,7.810249675906654,8.0,9.219544457292889,14.560219778561038,20.223748416156685,24.331050121192874,25.0,23.021728866442675,27.0,35.12833614050059,28.017851452243796,27.018512172212592,28.284271247461902,25.495097567963924,18.0,20.0,21.095023109728984,9.219544457292887,18.027756377319946,5.099019513592785,12.206555615733702,5.0,3.1622776601683795,5.656854249492381,4.47213595499958,4.123105625617661,8.602325267042627,7.0710678118654755,8.06225774829855,6.708203932499369,7.280109889280519,4.123105625617661,4.47213595499958,7.615773105863909,5.385164807134504,11.0,13.152946437965904,17.26267650163207,14.142135623730951,18.38477631085024,22.360679774997898,21.95449840010015,23.021728866442675,22.671568097509265,21.93171219946131,21.633307652783937,1697810874.184749
21.213203435596427,17.46424919657298,16.76305461424021,13.0,7.0710678118654755,6.4031242374328485,3.1622776601683795,10.0,11.180339887498949,17.0,23.769728648009423,27.073972741361768,29.427877939124325,32.38826948140329,31.016124838541643,35.014282800023196,32.14031735997639,33.060550509633075,34.132096331752024,32.0624390837628,29.017236257093817,26.305892875931807,22.0,17.46424919657298,20.8806130178211,13.0,10.816653826391969,9.433981132056603,6.4031242374328485,4.123105625617661,4.242640687119286,5.656854249492381,6.708203932499369,13.0,8.54400374531753,8.246211251235321,5.385164807134504,3.6055512754639896,2.23606797749979,6.4031242374328485,8.54400374531753,10.770329614269007,13.0,17.08800749063506,18.681541692269406,23.194827009486403,27.073972741361768,27.073972741361768,27.018512172212592,27.018512172212592,26.076809620810597,24.73863375370596,1697810874.1907492
14.212670403551895,13.601470508735444,12.041594578792296,9.219544457292887,10.0,8.54400374531753,10.04987562112089,9.486832980505138,13.416407864998739,14.212670403551895,20.518284528683193,22.825424421026653,23.3238075793812,21.095023109728988,17.4928556845359,24.758836806279895,23.430749027719962,22.022715545545243,22.203603311174515,19.79898987322333,20.615528128088304,15.0,19.79898987322333,13.0,15.620499351813308,12.08304597359457,10.04987562112089,6.708203932499369,4.47213595499958,3.1622776601683795,2.23606797749979,5.0,5.8309518948453,5.099019513592785,5.385164807134504,5.099019513592785,5.0,3.1622776601683795,3.6055512754639896,7.0710678118654755,7.280109889280519,6.0,10.44030650891055,11.40175425099138,12.649110640673518,13.038404810405298,15.811388300841896,16.278820596099706,16.278820596099706,17.029386365926403,16.401219466856727,14.866068747318506,1697810874.2517562
19.4164878389476,21.633307652783937,17.0,11.704699910719626,12.806248474865697,12.727922061357857,10.295630140987,14.422205101855958,11.704699910719626,13.341664064126334,10.44030650891055,22.47220505424423,23.60084744241189,14.7648230602334,18.38477631085024,22.360679774997898,25.059928172283335,27.313000567495326,21.840329667841555,21.540659228538015,22.847319317591726,17.720045146669353,23.086792761230395,18.110770276274835,14.317821063276352,11.0,10.63014581273465,13.0,3.6055512754639896,3.0,3.1622776601683795,2.23606797749979,3.1622776601683795,8.246211251235321,9.848857801796104,8.246211251235321,8.54400374531753,7.0,11.313708498984761,2.23606797749979,9.848857801796104,10.0,9.055385138137417,10.04987562112089,15.524174696260024,11.704699910719626,17.11724276862369,15.297058540778355,15.811388300841898,15.811388300841898,13.92838827718412,11.40175425099138,1697810874.3112667
33.12099032335839,24.758836806279895,33.421549934136806,13.601470508735444,12.649110640673518,16.55294535724685,7.0710678118654755,17.204650534085253,18.867962264113206,28.635642126552703,42.37924020083418,22.47220505424423,23.60084744241189,40.01249804748512,31.76476034853718,22.360679774997898,33.52610922848042,36.68787265568829,21.840329667841555,21.540659228538015,31.622776601683796,24.020824298928627,21.2602916254693,31.144823004794876,14.317821063276352,19.4164878389476,22.671568097509265,25.238858928247925,14.560219778561038,10.0,21.95449840010015,17.204650534085253,14.0356688476182,22.203603311174515,23.0,25.238858928247925,9.219544457292887,10.295630140987,2.8284271247461903,7.810249675906654,16.492422502470642,9.899494936611665,23.40939982143925,26.0,19.6468827043885,30.0,30.463092423455635,36.05551275463989,36.400549446402586,38.41874542459709,33.97057550292606,30.610455730027933,1697810874.3537989
21.02379604162864,18.867962264113206,15.811388300841896,12.529964086141668,10.0,7.211102550927979,6.0,5.656854249492381,8.246211251235321,12.165525060596437,18.110770276274835,24.020824298928627,23.53720459187964,24.331050121192874,25.495097567963924,29.27456233660889,27.658633371878665,28.635642126552703,28.635642126552703,28.160255680657446,25.0,24.515301344262525,20.39607805437114,19.0,17.029386365926403,14.317821063276352,13.0,10.44030650891055,6.708203932499369,4.242640687119286,2.0,4.47213595499958,7.615773105863909,9.433981132056603,10.295630140987,9.433981132056603,6.708203932499369,5.8309518948453,2.8284271247461903,2.23606797749979,5.099019513592785,5.099019513592785,7.211102550927979,9.219544457292887,12.041594578792296,13.453624047073712,17.204650534085253,17.804493814764854,18.867962264113206,20.6155281280883,18.788294228055936,17.46424919657298,1697810874.375804
18.439088914585778,12.165525060596437,9.486832980505138,7.211102550927979,2.8284271247461903,2.8284271247461903,7.615773105863909,11.180339887498949,15.231546211727817,20.12461179749811,26.832815729997478,30.80584360149873,31.240998703626616,32.802438933713454,32.64965543462902,37.013511046643494,35.38361202590826,33.30165161069342,31.144823004794873,31.240998703626616,26.400757564888174,26.400757564888174,18.867962264113206,18.60107523773827,13.453624047073712,12.206555615733702,12.041594578792294,10.0,10.0,10.63014581273465,7.0710678118654755,8.246211251235321,13.341664064126334,13.341664064126334,12.649110640673518,10.19803902718557,11.180339887498949,6.0827625302982185,5.8309518948453,9.486832980505138,13.038404810405298,14.317821063276352,16.492422502470642,19.1049731745428,19.235384061671347,22.090722034374522,24.331050121192874,25.079872407968907,25.179356624028344,24.083189157584588,23.086792761230395,22.090722034374522,1697810874.8079271
18.0,11.045361017187261,10.19803902718557,6.4031242374328485,3.6055512754639896,4.47213595499958,8.602325267042627,12.727922061357857,16.278820596099706,21.213203435596427,25.80697580112788,33.421549934136806,29.832867780352593,33.60059523282288,31.064449134018133,38.27531841800928,33.61547262794322,34.43835071544513,31.304951684997057,32.64965543462902,26.0,25.495097567963924,22.360679774997898,19.313207915827967,15.264337522473749,11.313708498984761,13.038404810405298,7.0710678118654755,7.280109889280519,8.246211251235321,5.385164807134504,9.219544457292887,13.038404810405298,15.524174696260024,15.811388300841896,15.0,8.602325267042627,7.810249675906654,1.4142135623730951,12.206555615733702,11.40175425099138,14.422205101855958,13.416407864998739,15.524174696260024,22.135943621178658,20.39607805437114,23.769728648009426,23.08679276123039,25.298221281347036,24.041630560342615,22.561028345356952,20.223748416156685,1697810874.8149276
17.029386365926403,13.0,9.219544457292889,8.54400374531753,4.0,4.242640687119286,5.0,9.433981132056603,12.041594578792296,15.556349186104047,21.2602916254693,27.018512172212596,20.808652046684813,25.612496949731394,22.671568097509265,21.095023109728988,28.30194339616981,27.313000567495326,26.92582403567252,22.847319317591726,21.540659228538015,18.788294228055936,14.560219778561038,11.180339887498949,11.313708498984761,9.219544457292887,9.433981132056603,6.4031242374328485,5.099019513592785,5.656854249492381,7.0,7.810249675906654,8.485281374238571,8.06225774829855,12.529964086141668,6.0827625302982185,7.211102550927979,7.810249675906654,8.06225774829855,9.899494936611665,8.54400374531753,12.806248474865697,12.36931687685298,10.04987562112089,23.40939982143925,18.439088914585778,22.80350850198276,18.681541692269406,20.223748416156685,20.223748416156685,23.769728648009423,17.08800749063506,1697810874.8209274
17.029386365926403,17.46424919657298,10.770329614269007,13.0,8.94427190999916,8.246211251235321,6.324555320336759,12.041594578792296,11.704699910719626,14.560219778561038,21.470910553583888,30.083217912982644,23.706539182259394,27.313000567495326,28.861739379323623,29.732137494637012,30.14962686336267,26.076809620810597,29.0,34.0,23.021728866442675,28.284271247461902,19.026297590440446,13.341664064126334,9.219544457292889,10.44030650891055,11.40175425099138,7.810249675906654,11.6619037896906,7.0710678118654755,6.0827625302982185,8.54400374531753,17.720045146669353,13.416407864998739,15.811388300841898,11.704699910719626,9.848857801796104,7.0710678118654755,3.0,10.19803902718557,8.0,9.055385138137417,12.649110640673518,12.529964086141668,18.027756377319946,19.235384061671343,25.495097567963924,20.248456731316587,20.6155281280883,24.73863375370596,16.76305461424021,19.924858845171276,1697810874.8279283
21.2602916254693,14.212670403551895,12.206555615733702,9.486832980505138,8.06225774829855,5.385164807134504,6.4031242374328485,7.0710678118654755,13.0,15.652475842498529,19.4164878389476,30.083217912982644,29.966648127543394,26.570660511172843,30.528675044947498,34.48187929913333,25.80697580112788,29.20616373302047,26.248809496813372,31.906112267087636,26.400757564888174,24.207436873820413,16.970562748477143,17.69180601295413,15.620499351813308,12.649110640673518,12.165525060596437,8.06225774829855,4.0,6.324555320336759,4.0,9.486832980505138,10.04987562112089,17.08800749063506,13.416407864998739,4.123105625617661,12.041594578792294,11.704699910719626,6.4031242374328485,8.54400374531753,12.08304597359457,9.055385138137417,13.892443989449806,14.560219778561038,19.235384061671347,21.587033144922902,18.110770276274835,23.021728866442675,23.021728866442675,24.020824298928627,19.1049731745428,22.360679774997898,1697810874.8359282
17.4928556845359,21.587033144922902,24.758836806279895,4.47213595499958,12.08304597359457,6.324555320336759,4.0,14.7648230602334,5.385164807134504,15.811388300841898,16.0312195418814,24.041630560342615,26.305892875931807,24.515301344262525,26.92582403567252,30.479501308256342,26.400757564888174,26.92582403567252,25.238858928247925,29.68164415931166,22.80350850198276,22.847319317591726,20.518284528683193,9.219544457292887,11.180339887498949,15.0,13.038404810405298,6.4031242374328485,9.433981132056603,12.529964086141668,4.123105625617661,10.63014581273465,11.180339887498949,9.486832980505138,12.529964086141668,6.4031242374328485,6.0827625302982185,6.0827625302982185,3.1622776601683795,13.92838827718412,5.385164807134504,6.0827625302982185,13.416407864998739,18.110770276274835,20.024984394500787,16.1245154965971,22.090722034374522,16.15549442140351,18.439088914585778,20.12461179749811,21.840329667841555,14.866068747318504,1697810874.875086
18.867962264113206,14.422205101855958,12.041594578792296,11.40175425099138,8.06225774829855,6.708203932499369,4.123105625617661,6.708203932499369,9.219544457292887,13.038404810405298,18.867962264113206,24.207436873820413,24.08318915758459,24.758836806279895,26.907248094147423,30.4138126514911,27.58622844826744,29.068883707497267,27.202941017470888,25.553864678361276,24.596747752497688,21.95449840010015,18.788294228055936,17.46424919657298,15.652475842498529,11.40175425099138,10.0,8.602325267042627,7.615773105863909,5.0,3.6055512754639896,6.4031242374328485,9.899494936611665,7.0710678118654755,12.041594578792296,9.486832980505138,5.656854249492381,4.242640687119286,2.23606797749979,6.4031242374328485,8.485281374238571,8.602325267042627,12.08304597359457,12.649110640673518,14.7648230602334,17.08800749063506,17.88854381999832,20.591260281974,18.867962264113206,17.08800749063506,17.46424919657298,15.524174696260024,1697810874.8810813
25.079872407968907,19.313207915827967,14.142135623730951,14.317821063276352,9.055385138137417,7.211102550927979,5.0,11.045361017187261,21.02379604162864,14.0356688476182,14.560219778561038,20.12461179749811,27.459060435491963,32.01562118716424,32.01562118716424,37.0,33.24154027718932,31.144823004794876,30.364452901377952,29.068883707497267,23.706539182259394,22.20360331117452,18.973665961010276,21.587033144922902,16.55294535724685,15.132745950421555,12.36931687685298,7.810249675906654,9.219544457292889,5.656854249492381,4.47213595499958,7.0710678118654755,11.40175425099138,13.038404810405298,12.165525060596437,8.54400374531753,7.615773105863909,7.0710678118654755,2.8284271247461903,8.94427190999916,7.615773105863909,15.264337522473749,13.92838827718412,15.811388300841898,18.38477631085024,19.697715603592208,24.16609194718914,22.627416997969522,22.203603311174515,22.47220505424423,24.758836806279895,24.0,1697810874.8960817
19.235384061671347,11.180339887498949,11.180339887498949,12.08304597359457,10.04987562112089,4.242640687119286,5.099019513592785,7.280109889280519,9.848857801796104,13.0,23.3452350598575,20.615528128088304,25.495097567963924,25.942243542145697,27.313000567495326,28.178005607210743,28.861739379323623,29.154759474226502,26.92582403567252,25.495097567963924,22.135943621178658,22.360679774997898,23.345235059857504,18.110770276274835,13.152946437965904,10.770329614269007,8.485281374238571,5.8309518948453,12.206555615733702,8.246211251235321,2.0,7.211102550927979,9.899494936611665,9.433981132056603,12.206555615733702,9.848857801796104,7.211102550927979,4.47213595499958,3.0,7.211102550927979,9.848857801796104,10.295630140987,11.40175425099138,11.40175425099138,13.038404810405298,21.400934559032695,19.849433241279208,19.209372712298546,20.615528128088304,17.69180601295413,17.029386365926403,16.401219466856727,1697810874.9090817
22.022715545545243,23.40939982143925,17.204650534085253,4.123105625617661,5.385164807134504,12.806248474865697,7.0710678118654755,6.324555320336759,12.727922061357857,15.0,13.341664064126334,16.1245154965971,17.0,25.495097567963924,22.825424421026653,23.259406699226012,21.93171219946131,22.203603311174515,22.847319317591726,32.449961479175904,24.69817807045694,20.808652046684813,12.529964086141668,15.03329637837291,16.492422502470642,9.899494936611665,5.099019513592785,9.219544457292887,7.810249675906654,1.0,8.06225774829855,6.708203932499369,8.06225774829855,11.40175425099138,8.06225774829855,8.246211251235321,7.0,3.1622776601683795,2.23606797749979,6.0827625302982185,8.0,14.866068747318506,17.08800749063506,9.0,16.15549442140351,20.223748416156685,17.029386365926403,15.132745950421555,16.55294535724685,13.038404810405298,15.231546211727817,11.313708498984761,1697810874.9190817
19.723082923316017,13.601470508735444,10.63014581273465,4.47213595499958,12.041594578792296,5.099019513592785,5.0,13.038404810405298,14.866068747318506,12.08304597359457,6.0827625302982185,37.0540146272978,13.0,34.0147027033899,26.400757564888174,27.0,29.120439557122076,34.205262752974136,30.01666203960727,24.083189157584588,26.076809620810597,14.0356688476182,13.92838827718412,21.095023109728984,18.681541692269406,18.35755975068582,7.810249675906654,1.4142135623730951,6.0827625302982185,10.0,1.0,11.40175425099138,14.0356688476182,9.486832980505138,13.453624047073712,8.602325267042627,8.06225774829855,7.615773105863909,2.23606797749979,8.602325267042627,12.206555615733702,16.15549442140351,16.492422502470642,23.769728648009423,14.560219778561038,18.248287590894655,21.587033144922902,25.079872407968907,18.248287590894655,17.720045146669353,14.317821063276352,11.704699910719626,1697810874.9401038
23.3238075793812,14.866068747318504,15.264337522473749,11.40175425099138,7.615773105863909,6.0827625302982185,3.1622776601683795,10.770329614269007,13.341664064126334,12.36931687685298,26.305892875931807,25.079872407968907,25.495097567963924,29.61418578992169,34.205262752974136,33.015148038438355,36.1386219991853,36.1386219991853,30.80584360149873,32.89376840679706,25.63201123595259,22.847319317591726,22.825424421026653,17.88854381999832,14.422205101855958,10.04987562112089,8.06225774829855,5.8309518948453,5.8309518948453,7.0710678118654755,8.06225774829855,11.180339887498949,10.770329614269007,13.601470508735444,13.341664064126334,14.422205101855958,8.246211251235321,6.4031242374328485,4.47213595499958,15.03329637837291,14.0356688476182,15.132745950421555,19.4164878389476,23.08679276123039,26.92582403567252,23.53720459187964,25.298221281347036,26.68332812825267,24.73863375370596,23.08679276123039,20.248456731316587,21.095023109728988,1697810874.9686213
20.8806130178211,16.15549442140351,13.416407864998739,10.295630140987,8.06225774829855,5.385164807134504,8.06225774829855,9.899494936611665,10.770329614269007,17.69180601295413,20.518284528683193,19.313207915827967,30.4138126514911,30.23243291566195,33.95585369269929,37.64306044943742,30.083217912982644,29.966648127543394,30.463092423455635,27.202941017470888,25.0,21.587033144922902,20.8806130178211,20.39607805437114,11.0,11.180339887498949,12.08304597359457,6.0,6.4031242374328485,5.0,13.0,7.615773105863909,15.620499351813308,19.1049731745428,11.180339887498949,13.038404810405298,11.40175425099138,5.0,6.4031242374328485,8.54400374531753,11.704699910719626,13.0,17.204650534085253,17.804493814764854,19.1049731745428,19.209372712298546,19.849433241279208,24.413111231467404,22.80350850198276,17.69180601295413,19.1049731745428,19.209372712298546,1697810874.98762
18.439088914585774,15.264337522473749,14.422205101855958,11.180339887498949,8.06225774829855,6.0827625302982185,11.6619037896906,12.206555615733702,12.36931687685298,13.0,12.529964086141668,17.46424919657298,30.479501308256342,34.48187929913334,29.832867780352593,32.64965543462902,26.400757564888174,27.018512172212596,24.186773244895647,22.847319317591726,21.470910553583888,22.47220505424423,16.76305461424021,17.08800749063506,10.816653826391969,7.0710678118654755,12.08304597359457,12.206555615733702,3.6055512754639896,12.041594578792296,8.54400374531753,10.816653826391969,12.206555615733702,16.55294535724685,12.529964086141668,10.770329614269007,7.211102550927979,4.123105625617661,6.0827625302982185,10.63014581273465,12.806248474865697,14.866068747318504,12.206555615733702,16.401219466856727,15.620499351813308,15.811388300841896,24.758836806279895,23.259406699226012,19.209372712298546,13.453624047073712,22.203603311174515,15.652475842498529,1697810874.9976206
19.1049731745428,17.029386365926403,13.601470508735444,11.180339887498949,10.19803902718557,5.385164807134504,12.727922061357857,7.615773105863909,14.7648230602334,11.6619037896906,19.235384061671347,34.014702703389894,26.92582403567252,29.068883707497267,28.178005607210743,35.84689665786985,28.844410203711917,31.827660925679098,31.144823004794873,24.08318915758459,24.08318915758459,23.430749027719962,22.022715545545243,17.029386365926403,13.453624047073712,12.529964086141668,6.0827625302982185,7.0710678118654755,4.123105625617661,8.94427190999916,7.810249675906654,12.727922061357857,16.1245154965971,17.08800749063506,17.4928556845359,9.433981132056603,9.219544457292889,12.649110640673518,4.123105625617661,20.615528128088304,9.899494936611665,12.806248474865697,18.027756377319946,17.804493814764854,22.022715545545243,21.633307652783937,21.2602916254693,24.839484696748443,21.633307652783937,20.0,19.235384061671343,19.209372712298546,1697810875.0186224
23.40939982143925,20.12461179749811,12.0,8.485281374238571,3.6055512754639896,8.06225774829855,14.142135623730951,10.19803902718557,11.180339887498949,17.029386365926403,31.76476034853718,27.018512172212596,31.064449134018133,25.80697580112788,38.27531841800928,32.01562118716424,30.0,32.31098884280702,29.068883707497267,26.92582403567252,26.92582403567252,18.788294228055936,19.1049731745428,20.615528128088304,18.973665961010276,11.313708498984761,10.63014581273465,9.486832980505138,5.099019513592785,4.0,5.099019513592785,12.206555615733702,16.278820596099706,13.152946437965904,19.723082923316017,12.08304597359457,10.0,7.211102550927979,5.385164807134504,11.180339887498949,11.704699910719626,12.806248474865697,9.433981132056603,19.1049731745428,21.095023109728988,30.528675044947498,22.022715545545243,21.02379604162864,19.849433241279208,27.80287754891569,19.849433241279208,19.4164878389476,1697810875.0286183
21.470910553583888,23.3452350598575,19.4164878389476,8.06225774829855,9.219544457292889,14.212670403551895,2.23606797749979,6.0827625302982185,8.54400374531753,15.0,21.400934559032695,31.064449134018133,26.832815729997478,30.4138126514911,26.305892875931807,31.76476034853718,23.769728648009423,27.294688127912362,26.076809620810597,24.331050121192874,17.46424919657298,19.924858845171276,16.492422502470642,16.0312195418814,14.0356688476182,12.165525060596437,8.485281374238571,15.811388300841896,4.123105625617661,8.06225774829855,9.055385138137417,8.485281374238571,14.317821063276352,12.041594578792294,8.0,11.045361017187261,11.704699910719626,9.219544457292889,4.123105625617661,6.324555320336759,10.44030650891055,7.810249675906654,10.0,17.720045146669353,16.1245154965971,22.02271554554524,15.03329637837291,12.041594578792294,15.03329637837291,20.39607805437114,19.1049731745428,15.297058540778355,1697810875.042642
24.041630560342615,17.720045146669353,10.295630140987,14.0,8.602325267042627,8.06225774829855,8.06225774829855,10.295630140987,10.44030650891055,12.36931687685298,21.213203435596427,28.160255680657446,28.442925306655788,30.01666203960727,30.14962686336267,32.38826948140329,28.635642126552703,31.622776601683796,28.23118842698621,30.413812651491096,19.235384061671343,22.472205054244235,17.88854381999832,17.720045146669353,13.416407864998739,10.04987562112089,8.06225774829855,7.0,5.8309518948453,5.099019513592785,5.0,12.165525060596437,12.0,14.142135623730951,14.317821063276352,11.180339887498949,9.0,6.0,5.656854249492381,10.770329614269007,12.529964086141668,13.601470508735444,17.46424919657298,16.492422502470642,18.110770276274835,20.615528128088304,21.587033144922902,24.041630560342615,20.615528128088304,21.213203435596427,21.213203435596427,21.0,1697810875.0526428
13.601470508735444,15.811388300841896,12.36931687685298,5.0,9.0,5.0,5.8309518948453,7.615773105863909,14.7648230602334,15.297058540778355,8.94427190999916,17.11724276862369,26.570660511172843,20.12461179749811,13.152946437965904,35.35533905932738,22.0,28.284271247461902,23.259406699226012,16.1245154965971,22.135943621178658,19.6468827043885,16.278820596099706,12.649110640673518,10.770329614269007,8.06225774829855,5.0,3.6055512754639896,2.23606797749979,8.94427190999916,5.099019513592785,10.295630140987,13.038404810405298,10.04987562112089,13.601470508735444,8.246211251235321,7.0710678118654755,4.0,2.23606797749979,7.615773105863909,11.704699910719626,11.180339887498949,9.899494936611665,8.06225774829855,16.278820596099706,13.0,25.079872407968907,22.360679774997898,23.021728866442675,19.0,23.345235059857504,15.811388300841898,1697810875.0591514
19.235384061671343,12.529964086141668,13.0,10.04987562112089,8.0,3.6055512754639896,8.06225774829855,10.19803902718557,13.92838827718412,14.866068747318506,19.4164878389476,21.540659228538015,23.021728866442675,20.591260281974,23.021728866442675,28.178005607210743,24.207436873820413,25.0,26.248809496813372,25.612496949731394,19.79898987322333,18.439088914585774,17.69180601295413,17.804493814764854,12.806248474865697,9.899494936611665,5.099019513592785,8.246211251235321,8.0,7.810249675906654,7.615773105863909,10.63014581273465,12.806248474865697,14.142135623730951,11.313708498984761,13.601470508735444,7.615773105863909,6.708203932499369,6.708203932499369,11.045361017187261,8.246211251235321,9.0,13.038404810405298,16.1245154965971,15.0,18.681541692269406,21.377558326431952,20.591260281974,16.55294535724685,10.295630140987,18.027756377319946,18.788294228055936,1697810875.0921528
18.681541692269406,16.278820596099706,9.848857801796104,9.433981132056603,4.123105625617661,2.0,6.0827625302982185,10.295630140987,12.206555615733702,13.601470508735444,21.2602916254693,24.207436873820413,23.853720883753127,32.2490309931942,23.3238075793812,31.622776601683796,29.546573405388315,27.202941017470888,27.459060435491963,24.331050121192874,20.09975124224178,19.235384061671347,16.0,11.704699910719626,13.601470508735444,10.770329614269007,7.810249675906654,8.06225774829855,5.099019513592785,7.280109889280519,7.810249675906654,16.15549442140351,16.15549442140351,17.4928556845359,12.36931687685298,14.142135623730951,10.770329614269007,7.211102550927979,7.615773105863909,10.04987562112089,14.0356688476182,16.0312195418814,15.297058540778355,20.09975124224178,21.095023109728984,18.027756377319946,23.345235059857504,24.083189157584588,22.20360331117452,22.360679774997898,21.377558326431952,20.8806130178211,1697810875.1161525
21.377558326431952,14.0356688476182,10.44030650891055,9.486832980505138,6.0827625302982185,5.0,7.0710678118654755,9.486832980505138,12.649110640673518,14.317821063276352,22.022715545545243,28.65309756378881,28.792360097775934,31.953090617340916,30.675723300355937,32.89376840679706,33.37663853655727,29.427877939124325,31.144823004794876,31.016124838541643,25.01999200639361,26.076809620810597,19.4164878389476,16.1245154965971,11.0,8.94427190999916,8.06225774829855,12.727922061357857,6.708203932499369,13.0,5.656854249492381,11.40175425099138,17.0,12.041594578792294,18.110770276274835,18.439088914585778,13.152946437965904,8.54400374531753,10.63014581273465,16.278820596099706,17.720045146669353,13.601470508735444,20.615528128088304,17.029386365926403,17.11724276862369,20.39607805437114,27.018512172212592,26.248809496813376,24.515301344262525,25.96150997149434,19.313207915827967,18.35755975068582,1697810875.1231525
20.0,13.038404810405298,12.0,7.0,5.385164807134504,8.06225774829855,9.055385138137417,13.0,11.704699910719626,16.492422502470642,24.331050121192874,29.1547594742265,33.060550509633075,32.0,29.017236257093817,33.015148038438355,33.13608305156178,31.256999216175565,27.202941017470888,27.202941017470888,22.135943621178658,23.769728648009423,18.38477631085024,18.973665961010276,14.560219778561038,12.041594578792294,10.44030650891055,7.810249675906654,11.6619037896906,9.0,9.055385138137417,12.649110640673518,19.026297590440446,18.973665961010276,18.973665961010276,8.54400374531753,14.142135623730951,7.280109889280519,9.433981132056603,10.63014581273465,13.453624047073712,14.142135623730951,16.643316977093235,21.470910553583888,21.400934559032695,20.12461179749811,24.186773244895647,24.69817807045694,24.207436873820413,22.825424421026653,24.16609194718914,25.079872407968903,1697810875.1301525
18.248287590894655,10.04987562112089,8.06225774829855,10.19803902718557,3.6055512754639896,5.0,7.0710678118654755,8.06225774829855,12.041594578792296,13.601470508735444,20.0,20.808652046684813,21.633307652783937,21.470910553583888,21.95449840010015,23.853720883753127,25.495097567963924,23.769728648009423,20.6155281280883,21.02379604162864,18.973665961010276,15.652475842498529,16.278820596099706,12.08304597359457,12.36931687685298,8.94427190999916,6.0827625302982185,2.23606797749979,4.123105625617661,4.47213595499958,8.485281374238571,12.041594578792296,8.485281374238571,12.206555615733702,10.770329614269007,10.816653826391969,8.602325267042627,7.0710678118654755,5.099019513592785,7.615773105863909,12.041594578792296,10.63014581273465,14.866068747318504,12.806248474865697,13.601470508735444,15.231546211727817,16.401219466856727,17.029386365926403,17.029386365926403,17.88854381999832,16.1245154965971,15.811388300841898,1697810875.1391737
12.041594578792294,18.439088914585774,6.324555320336759,6.0,9.433981132056603,5.099019513592785,8.602325267042627,14.422205101855958,17.204650534085253,16.278820596099706,29.0,28.600699292150182,19.79898987322333,13.892443989449806,19.4164878389476,31.622776601683796,29.732137494637012,25.317977802344327,20.024984394500787,21.213203435596427,21.095023109728984,20.09975124224178,19.026297590440446,17.26267650163207,11.045361017187261,9.219544457292889,9.899494936611665,8.485281374238571,5.8309518948453,5.099019513592785,13.152946437965904,14.317821063276352,19.235384061671347,7.615773105863909,11.704699910719626,13.0,8.54400374531753,7.0,8.602325267042627,11.313708498984761,11.6619037896906,15.652475842498529,11.40175425099138,15.524174696260024,9.219544457292887,17.88854381999832,19.235384061671343,25.80697580112788,23.706539182259394,24.186773244895647,13.601470508735444,19.723082923316017,1697810875.1565378
16.401219466856727,12.649110640673518,7.211102550927979,6.324555320336759,6.0827625302982185,6.708203932499369,10.770329614269007,8.06225774829855,16.15549442140351,16.1245154965971,23.08679276123039,23.40939982143925,28.65309756378881,31.240998703626616,30.0,28.844410203711917,29.73213749463701,28.0178514522438,24.758836806279895,18.439088914585774,21.95449840010015,19.723082923316017,20.0,13.892443989449806,13.453624047073712,9.433981132056603,9.055385138137417,6.0,9.055385138137417,7.810249675906654,11.6619037896906,17.804493814764854,15.556349186104047,17.0,17.204650534085253,11.40175425099138,9.433981132056603,10.0,11.180339887498949,12.165525060596437,14.0,15.811388300841898,17.720045146669353,18.027756377319946,18.38477631085024,21.931712199461305,21.540659228538015,22.80350850198276,22.135943621178658,22.360679774997898,21.470910553583888,22.47220505424423,1697810875.1785357
18.35755975068582,17.46424919657298,9.219544457292889,9.433981132056603,3.1622776601683795,9.433981132056603,10.770329614269007,18.681541692269406,19.235384061671347,21.377558326431952,26.248809496813376,18.248287590894655,23.53720459187964,33.54101966249685,27.202941017470888,26.248809496813372,29.20616373302047,27.78488797889961,23.3452350598575,29.832867780352593,23.021728866442675,17.4928556845359,14.212670403551895,8.06225774829855,9.433981132056603,12.649110640673518,11.180339887498949,8.0,12.36931687685298,10.44030650891055,13.453624047073712,10.0,18.60107523773827,15.0,19.849433241279208,10.63014581273465,11.40175425099138,12.041594578792296,9.486832980505138,13.601470508735444,18.248287590894655,19.026297590440446,18.248287590894655,20.09975124224178,19.723082923316017,16.15549442140351,27.29468812791236,35.6931365951495,20.39607805437114,23.021728866442675,23.769728648009426,26.419689627245813,1697810875.2025378
14.866068747318506,10.770329614269007,8.0,5.099019513592785,3.6055512754639896,6.324555320336759,12.36931687685298,14.317821063276352,16.278820596099706,20.39607805437114,27.658633371878665,31.064449134018133,31.0,31.064449134018133,30.26549190084311,31.064449134018133,31.780497164141405,31.622776601683796,27.202941017470888,22.472205054244235,22.135943621178658,20.8806130178211,15.524174696260024,14.866068747318506,12.08304597359457,9.219544457292889,9.219544457292887,8.602325267042627,10.770329614269007,12.041594578792294,13.601470508735444,16.278820596099706,20.024984394500787,19.4164878389476,20.024984394500787,13.152946437965904,15.132745950421555,10.44030650891055,12.806248474865697,17.69180601295413,18.38477631085024,19.849433241279208,20.591260281974,21.95449840010015,25.059928172283335,25.059928172283335,25.942243542145697,27.78488797889961,26.419689627245813,25.495097567963924,25.495097567963924,24.041630560342615,1697810875.2295356
14.0356688476182,9.219544457292889,6.324555320336759,2.23606797749979,6.0827625302982185,1.4142135623730951,12.08304597359457,7.211102550927979,11.704699910719626,11.704699910719626,20.615528128088304,9.0,19.0,19.026297590440446,19.1049731745428,25.179356624028344,17.46424919657298,21.95449840010015,11.40175425099138,12.727922061357857,20.591260281974,17.029386365926403,15.297058540778355,11.704699910719626,8.54400374531753,8.06225774829855,6.0827625302982185,11.40175425099138,3.6055512754639896,4.123105625617661,9.0,13.601470508735444,12.806248474865697,10.63014581273465,10.0,9.486832980505138,7.810249675906654,17.720045146669353,13.0,13.892443989449806,15.03329637837291,14.866068747318504,11.180339887498949,13.92838827718412,14.212670403551895,14.7648230602334,16.492422502470642,20.6155281280883,20.591260281974,14.560219778561038,16.55294535724685,19.235384061671343,1697810875.2425525
10.770329614269007,12.041594578792294,4.123105625617661,6.324555320336759,5.8309518948453,7.810249675906654,14.142135623730951,1.4142135623730951,15.231546211727817,20.8806130178211,10.44030650891055,27.730849247724095,26.400757564888174,24.839484696748443,31.76476034853718,28.600699292150182,24.207436873820413,30.4138126514911,24.758836806279895,22.472205054244235,15.811388300841896,14.142135623730951,16.492422502470642,10.0,10.770329614269007,11.180339887498949,9.899494936611665,5.8309518948453,7.810249675906654,11.180339887498949,9.899494936611665,12.206555615733702,18.027756377319946,12.649110640673518,12.529964086141668,13.416407864998739,15.0,8.06225774829855,13.453624047073712,15.811388300841896,14.212670403551895,22.360679774997898,24.186773244895647,27.65863337187866,24.413111231467404,25.495097567963924,29.068883707497267,18.439088914585774,20.0,28.31960451701259,23.194827009486403,18.38477631085024,1697810875.2740629
12.36931687685298,7.280109889280519,5.8309518948453,5.656854249492381,4.47213595499958,4.123105625617661,7.615773105863909,9.433981132056603,12.206555615733702,14.7648230602334,18.867962264113206,26.92582403567252,20.6155281280883,22.80350850198276,23.0,25.079872407968907,23.086792761230395,23.021728866442675,23.53720459187964,22.20360331117452,17.11724276862369,15.0,14.317821063276352,12.36931687685298,8.06225774829855,4.47213595499958,10.295630140987,9.219544457292887,9.486832980505138,6.324555320336759,7.211102550927979,12.0,13.152946437965904,15.811388300841898,8.246211251235321,11.40175425099138,9.055385138137417,7.0710678118654755,8.485281374238571,14.317821063276352,14.866068747318504,13.416407864998739,17.204650534085253,16.55294535724685,18.35755975068582,16.1245154965971,20.808652046684813,18.867962264113206,18.867962264113206,18.35755975068582,18.35755975068582,17.08800749063506,1697810875.3060825
12.041594578792296,5.385164807134504,21.470910553583888,4.0,2.23606797749979,1.4142135623730951,9.219544457292887,11.045361017187261,13.601470508735444,13.038404810405298,33.1058907144937,21.931712199461305,22.627416997969522,17.0,24.698178070456937,26.92582403567252,24.758836806279895,23.3238075793812,25.495097567963924,17.0,15.264337522473749,11.6619037896906,16.970562748477143,14.317821063276352,8.06225774829855,5.385164807134504,7.280109889280519,13.892443989449806,13.341664064126334,17.46424919657298,10.0,18.38477631085024,13.601470508735444,18.248287590894655,22.203603311174515,17.4928556845359,7.0,7.0,10.19803902718557,9.486832980505138,13.601470508735444,13.038404810405298,18.38477631085024,14.422205101855958,16.643316977093235,29.546573405388315,20.591260281974,20.808652046684813,15.811388300841896,25.455844122715714,14.866068747318504,17.204650534085253,1697810875.3190632
19.026297590440446,14.142135623730951,12.165525060596437,9.219544457292889,5.099019513592785,7.211102550927979,11.045361017187261,14.0356688476182,21.095023109728984,15.0,25.079872407968907,25.079872407968907,26.68332812825267,26.1725046566048,26.476404589747453,31.32091952673165,29.410882339705488,29.068883707497267,25.942243542145697,21.93171219946131,19.235384061671343,21.931712199461305,15.0,14.866068747318506,12.806248474865697,9.055385138137417,8.246211251235321,7.211102550927979,5.8309518948453,7.0710678118654755,10.04987562112089,13.152946437965904,17.46424919657298,17.720045146669353,10.44030650891055,9.848857801796104,12.0,11.045361017187261,11.6619037896906,11.6619037896906,16.401219466856727,17.204650534085253,18.38477631085024,20.518284528683193,21.93171219946131,23.3452350598575,22.627416997969522,24.08318915758459,23.3452350598575,22.627416997969522,21.93171219946131,21.400934559032695,1697810875.343095
17.029386365926403,14.0,11.045361017187261,10.0,7.211102550927979,9.433981132056603,10.0,12.36931687685298,18.110770276274835,23.345235059857504,26.570660511172843,31.32091952673165,32.2490309931942,29.427877939124325,30.01666203960727,31.0,34.058772731852805,33.37663853655727,32.31098884280702,27.892651361962706,23.769728648009423,21.840329667841555,18.681541692269406,15.524174696260024,10.44030650891055,9.219544457292889,8.54400374531753,7.810249675906654,8.246211251235321,10.04987562112089,11.40175425099138,13.0,20.0,16.76305461424021,20.024984394500787,15.0,12.041594578792294,12.165525060596437,12.041594578792296,19.849433241279208,14.212670403551895,17.69180601295413,18.867962264113206,21.633307652783937,26.627053911388693,24.839484696748443,26.400757564888174,26.248809496813372,25.0,23.3238075793812,23.706539182259394,22.847319317591726,1697810875.3490977
14.560219778561038,19.313207915827967,11.6619037896906,13.152946437965904,4.47213595499958,6.324555320336759,10.19803902718557,11.6619037896906,14.142135623730951,18.439088914585774,31.240998703626616,43.18564576337837,33.421549934136806,28.0178514522438,21.213203435596427,25.079872407968903,21.95449840010015,27.313000567495326,24.041630560342615,25.317977802344327,20.39607805437114,24.041630560342615,15.524174696260024,16.278820596099706,10.295630140987,10.0,5.0,10.0,11.0,11.180339887498949,16.492422502470642,11.180339887498949,9.219544457292889,18.681541692269406,16.0,10.04987562112089,8.54400374531753,10.770329614269007,12.806248474865697,12.806248474865697,13.92838827718412,6.4031242374328485,16.1245154965971,17.029386365926403,20.09975124224178,24.698178070456937,24.69817807045694,11.6619037896906,26.419689627245813,26.92582403567252,24.839484696748443,17.029386365926403,1697810875.3806043
12.08304597359457,9.433981132056603,5.8309518948453,6.4031242374328485,6.0827625302982185,4.0,5.385164807134504,7.615773105863909,9.848857801796104,10.295630140987,14.7648230602334,16.55294535724685,17.46424919657298,17.720045146669353,18.439088914585778,18.681541692269406,18.248287590894655,18.110770276274835,16.0312195418814,16.0312195418814,14.0356688476182,14.0,12.165525060596437,10.0,8.0,6.324555320336759,6.4031242374328485,5.0,4.47213595499958,6.0,7.0710678118654755,9.055385138137417,10.0,9.0,9.486832980505138,7.615773105863909,6.324555320336759,6.0827625302982185,6.4031242374328485,7.211102550927979,8.485281374238571,8.54400374531753,10.770329614269007,10.44030650891055,11.704699910719626,11.40175425099138,14.317821063276352,14.317821063276352,13.0,13.341664064126334,12.649110640673518,12.165525060596437,1697810875.388608
21.93171219946131,12.529964086141668,11.6619037896906,13.038404810405298,6.0827625302982185,4.47213595499958,8.94427190999916,11.40175425099138,11.313708498984761,12.727922061357857,19.849433241279208,25.495097567963924,26.400757564888174,28.284271247461902,28.0178514522438,28.31960451701259,31.144823004794873,29.68164415931166,28.178005607210743,24.16609194718914,19.924858845171276,19.723082923316017,15.231546211727817,15.231546211727817,9.433981132056603,10.63014581273465,5.0,6.324555320336759,8.246211251235321,5.8309518948453,10.0,13.601470508735444,15.556349186104047,17.720045146669353,13.601470508735444,8.602325267042627,10.816653826391969,7.810249675906654,9.0,12.0,12.649110640673518,9.055385138137417,16.15549442140351,17.46424919657298,18.973665961010276,21.931712199461305,17.720045146669353,24.73863375370596,16.643316977093235,20.518284528683193,25.298221281347036,21.02379604162864,1697810875.4144893
22.203603311174515,9.899494936611665,11.313708498984761,13.92838827718412,11.180339887498949,8.06225774829855,10.0,13.892443989449806,14.212670403551895,14.866068747318504,23.021728866442675,26.400757564888174,26.92582403567252,27.730849247724095,28.460498941515414,33.61547262794323,28.23118842698621,27.294688127912362,29.1547594742265,25.317977802344327,21.095023109728984,20.09975124224178,20.024984394500787,17.0,13.0,8.246211251235321,8.602325267042627,6.4031242374328485,6.324555320336759,7.0,8.06225774829855,13.0,17.029386365926403,14.142135623730951,13.152946437965904,13.038404810405298,8.94427190999916,10.295630140987,7.810249675906654,13.038404810405298,13.601470508735444,14.866068747318506,15.231546211727817,19.313207915827967,21.540659228538015,22.360679774997898,24.69817807045694,19.849433241279208,22.360679774997898,23.08679276123039,21.18962010041709,21.18962010041709,1697810875.422493
11.40175425099138,8.0,3.1622776601683795,6.0827625302982185,9.219544457292887,7.280109889280519,8.54400374531753,9.433981132056603,9.848857801796104,15.811388300841898,11.180339887498949,22.472205054244235,16.0312195418814,22.022715545545243,25.612496949731394,21.18962010041709,25.298221281347036,28.23118842698621,31.064449134018133,18.439088914585774,20.8806130178211,21.18962010041709,18.439088914585778,17.0,11.40175425099138,5.0,8.06225774829855,6.4031242374328485,10.44030650891055,13.0,8.94427190999916,13.341664064126334,13.152946437965904,20.8806130178211,16.1245154965971,9.899494936611665,6.0827625302982185,11.313708498984761,10.63014581273465,14.142135623730951,18.867962264113206,13.038404810405298,19.313207915827967,11.180339887498949,13.92838827718412,13.152946437965904,14.317821063276352,21.540659228538015,23.40939982143925,20.0,17.46424919657298,19.4164878389476,1697810875.4304926
19.209372712298546,13.038404810405298,11.180339887498949,10.19803902718557,11.180339887498949,7.280109889280519,10.63014581273465,12.529964086141668,16.278820596099706,19.697715603592208,22.203603311174515,25.495097567963924,26.248809496813372,30.479501308256342,29.1547594742265,29.068883707497267,29.73213749463701,34.058772731852805,31.76476034853718,27.65863337187866,23.60084744241189,28.42534080710379,21.470910553583888,18.027756377319946,12.649110640673518,12.206555615733702,9.848857801796104,7.280109889280519,5.385164807134504,10.0,10.63014581273465,13.038404810405298,15.264337522473749,12.041594578792296,15.620499351813308,13.0,10.295630140987,8.06225774829855,7.0710678118654755,10.19803902718557,12.041594578792294,14.0356688476182,20.09975124224178,19.723082923316017,23.769728648009426,24.351591323771842,21.587033144922902,21.18962010041709,23.40939982143925,21.931712199461305,20.615528128088304,21.02379604162864,1697810875.4395242
18.248287590894655,13.038404810405298,12.041594578792296,9.848857801796104,4.47213595499958,2.0,9.848857801796104,11.313708498984761,14.7648230602334,17.4928556845359,29.410882339705488,23.53720459187964,28.844410203711917,20.024984394500787,16.401219466856727,39.66106403010388,24.186773244895647,25.238858928247925,24.08318915758459,19.235384061671343,20.615528128088304,17.4928556845359,16.1245154965971,16.15549442140351,11.704699910719626,10.0,5.099019513592785,8.94427190999916,5.0,8.06225774829855,12.806248474865697,8.602325267042627,14.317821063276352,14.317821063276352,15.03329637837291,9.219544457292889,11.180339887498949,9.055385138137417,7.211102550927979,13.038404810405298,18.60107523773827,17.204650534085253,23.3238075793812,10.295630140987,22.47220505424423,19.4164878389476,21.633307652783937,22.671568097509265,25.495097567963924,26.400757564888174,20.248456731316587,20.0,1697810875.4735174
29.017236257093817,15.03329637837291,20.024984394500787,17.46424919657298,8.246211251235321,5.656854249492381,6.708203932499369,16.0312195418814,12.806248474865697,21.840329667841555,28.160255680657446,32.31098884280702,32.89376840679706,36.0,28.017851452243796,24.515301344262525,21.931712199461305,26.400757564888174,25.495097567963924,21.633307652783937,23.60084744241189,24.207436873820413,17.69180601295413,13.892443989449806,14.422205101855958,6.324555320336759,10.19803902718557,2.23606797749979,4.47213595499958,10.816653826391969,11.6619037896906,9.486832980505138,17.720045146669353,14.866068747318506,13.0,10.0,10.63014581273465,9.433981132056603,7.0710678118654755,14.317821063276352,8.06225774829855,10.63014581273465,20.615528128088304,18.38477631085024,18.027756377319946,29.410882339705488,16.1245154965971,27.85677655436824,16.76305461424021,18.973665961010276,25.317977802344327,17.88854381999832,1697810875.4957201
19.4164878389476,10.63014581273465,18.38477631085024,20.248456731316587,14.422205101855958,15.297058540778355,4.242640687119286,17.720045146669353,25.059928172283335,23.3452350598575,26.248809496813372,32.55764119219941,33.421549934136806,29.68164415931166,26.870057685088806,33.941125496954285,21.633307652783937,27.80287754891569,31.622776601683793,32.55764119219941,28.30194339616981,18.60107523773827,24.839484696748443,19.1049731745428,14.422205101855958,8.602325267042627,8.246211251235321,8.94427190999916,8.06225774829855,6.708203932499369,11.0,11.40175425099138,13.152946437965904,16.1245154965971,13.0,10.19803902718557,11.704699910719626,6.4031242374328485,9.433981132056603,15.652475842498529,8.54400374531753,13.341664064126334,19.026297590440446,24.698178070456937,21.213203435596427,27.16615541441225,25.298221281347036,25.96150997149434,18.027756377319946,22.02271554554524,23.194827009486403,21.0,1697810875.5108974
18.60107523773827,12.206555615733702,11.6619037896906,10.0,7.615773105863909,6.324555320336759,11.40175425099138,17.4928556845359,13.892443989449806,12.041594578792296,15.620499351813308,19.209372712298546,27.80287754891569,28.600699292150182,29.068883707497267,28.30194339616981,30.528675044947498,31.38470965295043,31.38470965295043,21.18962010041709,27.459060435491963,21.931712199461305,16.643316977093235,17.11724276862369,12.08304597359457,6.324555320336759,4.0,5.0,6.708203932499369,6.0,10.04987562112089,12.806248474865697,18.38477631085024,10.0,12.041594578792294,14.7648230602334,6.708203932499369,5.0,8.602325267042627,11.704699910719626,15.231546211727817,13.341664064126334,13.152946437965904,15.231546211727817,21.95449840010015,23.769728648009423,24.351591323771842,28.017851452243796,20.223748416156685,15.811388300841898,13.038404810405298,18.110770276274835,1697810875.5169144
19.209372712298546,17.029386365926403,13.601470508735444,10.770329614269007,9.219544457292889,4.123105625617661,5.385164807134504,19.4164878389476,11.704699910719626,16.1245154965971,22.825424421026653,25.495097567963924,25.80697580112788,30.610455730027933,28.31960451701259,29.0,32.01562118716424,27.65863337187866,27.730849247724095,20.615528128088304,20.8806130178211,19.79898987322333,21.023796041628636,10.816653826391969,12.165525060596437,9.433981132056603,9.848857801796104,4.47213595499958,9.219544457292889,9.433981132056603,10.0,15.556349186104047,18.60107523773827,13.601470508735444,13.892443989449806,9.433981132056603,13.453624047073712,11.704699910719626,10.04987562112089,14.142135623730951,16.1245154965971,17.0,18.973665961010276,21.213203435596427,24.186773244895647,25.179356624028344,24.020824298928627,25.079872407968907,24.083189157584588,22.02271554554524,22.090722034374522,21.213203435596427,1697810875.5269141
17.204650534085253,17.08800749063506,6.708203932499369,12.529964086141668,15.297058540778355,8.06225774829855,14.212670403551895,16.15549442140351,23.345235059857504,22.80350850198276,19.1049731745428,36.359317925395686,38.2099463490856,42.15447781671599,30.610455730027933,23.3452350598575,30.4138126514911,30.528675044947498,24.758836806279895,24.351591323771842,15.524174696260024,19.723082923316017,23.194827009486403,15.524174696260024,14.560219778561038,9.219544457292887,8.06225774829855,2.23606797749979,10.04987562112089,1.4142135623730951,9.219544457292889,10.295630140987,17.46424919657298,19.235384061671347,11.045361017187261,10.0,9.219544457292889,8.54400374531753,8.602325267042627,11.704699910719626,13.601470508735444,12.041594578792296,17.08800749063506,17.029386365926403,21.540659228538015,24.69817807045694,27.85677655436824,24.73863375370596,19.313207915827967,25.298221281347036,14.317821063276352,15.556349186104047,1697810875.533799
22.135943621178658,15.652475842498529,13.038404810405298,10.770329614269007,9.486832980505138,10.816653826391969,6.0827625302982185,11.0,17.46424919657298,18.0,20.024984394500787,28.284271247461902,27.073972741361768,30.083217912982644,25.298221281347036,34.785054261852174,25.079872407968903,30.463092423455635,27.459060435491963,34.0,29.0,20.591260281974,9.0,21.470910553583888,12.041594578792296,9.486832980505138,7.0710678118654755,5.385164807134504,5.0,6.324555320336759,7.280109889280519,9.486832980505138,13.601470508735444,14.866068747318504,12.08304597359457,9.486832980505138,10.04987562112089,10.0,9.848857801796104,13.892443989449806,13.453624047073712,16.401219466856727,19.849433241279208,19.1049731745428,21.2602916254693,24.207436873820413,23.3452350598575,24.207436873820413,23.60084744241189,22.627416997969522,20.615528128088304,21.213203435596427,1697810875.5803776
12.041594578792296,12.165525060596437,3.0,12.08304597359457,7.280109889280519,4.0,6.0,5.385164807134504,7.211102550927979,10.770329614269007,16.1245154965971,18.027756377319946,16.970562748477143,19.1049731745428,19.235384061671343,22.203603311174515,17.029386365926403,27.202941017470888,16.55294535724685,20.024984394500787,17.26267650163207,12.36931687685298,13.416407864998739,11.40175425099138,7.615773105863909,5.0,6.4031242374328485,5.099019513592785,5.385164807134504,5.8309518948453,6.4031242374328485,10.63014581273465,8.94427190999916,10.0,10.816653826391969,6.4031242374328485,5.0,7.615773105863909,6.324555320336759,8.0,8.246211251235321,7.0710678118654755,12.08304597359457,10.44030650891055,13.601470508735444,16.15549442140351,15.231546211727817,15.231546211727817,16.492422502470642,13.416407864998739,14.866068747318506,9.486832980505138,1697810875.5873783
16.278820596099706,14.866068747318506,8.246211251235321,8.94427190999916,8.0,9.433981132056603,10.44030650891055,15.297058540778355,10.19803902718557,16.278820596099706,18.788294228055936,24.351591323771842,26.92582403567252,26.419689627245813,25.80697580112788,27.78488797889961,27.202941017470888,27.58622844826744,24.413111231467404,22.627416997969522,15.652475842498529,17.029386365926403,12.806248474865697,13.453624047073712,12.806248474865697,9.219544457292887,8.54400374531753,5.099019513592785,6.324555320336759,7.211102550927979,9.433981132056603,12.727922061357857,14.142135623730951,13.038404810405298,13.453624047073712,10.63014581273465,9.433981132056603,8.94427190999916,7.0710678118654755,13.038404810405298,12.041594578792294,13.152946437965904,15.811388300841898,16.76305461424021,19.6468827043885,20.615528128088304,22.20360331117452,23.194827009486403,20.39607805437114,19.6468827043885,19.4164878389476,18.973665961010276,1697810875.5933797
20.808652046684813,14.212670403551895,13.601470508735444,15.0,11.180339887498949,6.0,9.219544457292887,13.601470508735444,15.652475842498529,20.8806130178211,21.931712199461305,30.413812651491096,26.627053911388693,29.20616373302047,30.0,34.66987164671943,32.55764119219941,38.2099463490856,30.479501308256342,26.92582403567252,23.853720883753127,22.022715545545243,20.248456731316587,18.439088914585774,13.453624047073712,11.40175425099138,11.180339887498949,8.0,8.06225774829855,8.602325267042627,9.219544457292887,14.866068747318504,16.970562748477143,16.970562748477143,17.029386365926403,10.0,11.704699910719626,11.40175425099138,11.0,12.0,12.36931687685298,14.142135623730951,20.39607805437114,21.470910553583888,25.63201123595259,26.0,27.313000567495326,33.52610922848042,25.96150997149434,24.16609194718914,26.92582403567252,22.847319317591726,1697810875.599377
16.278820596099706,11.40175425099138,12.08304597359457,10.770329614269007,10.816653826391969,8.94427190999916,12.041594578792294,12.08304597359457,10.816653826391969,7.211102550927979,21.931712199461305,20.248456731316587,21.931712199461305,20.6155281280883,22.472205054244235,27.51363298439521,30.413812651491096,24.186773244895647,21.377558326431952,16.278820596099706,19.4164878389476,17.720045146669353,20.6155281280883,16.492422502470642,13.152946437965904,9.0,9.219544457292889,7.211102550927979,6.4031242374328485,5.656854249492381,5.099019513592785,8.06225774829855,14.866068747318506,14.560219778561038,7.0710678118654755,3.1622776601683795,6.324555320336759,5.385164807134504,5.656854249492381,8.06225774829855,14.142135623730951,9.219544457292887,13.453624047073712,12.165525060596437,14.317821063276352,17.08800749063506,18.439088914585774,18.38477631085024,14.866068747318504,19.235384061671343,17.029386365926403,15.264337522473749,1697810875.6164782
20.591260281974,18.027756377319946,19.4164878389476,12.08304597359457,24.08318915758459,18.867962264113206,10.0,14.866068747318506,13.453624047073712,20.808652046684813,24.186773244895647,25.942243542145697,28.635642126552703,34.205262752974136,23.769728648009423,33.83784863137726,29.017236257093817,31.064449134018133,24.186773244895647,27.073972741361768,20.024984394500787,17.0,19.1049731745428,15.132745950421555,17.11724276862369,13.0,10.816653826391969,3.1622776601683795,7.810249675906654,7.0710678118654755,7.0710678118654755,11.180339887498949,11.0,16.0312195418814,11.40175425099138,9.219544457292889,7.0,5.0,8.602325267042627,12.041594578792296,13.038404810405298,13.601470508735444,17.46424919657298,17.88854381999832,20.591260281974,21.95449840010015,22.47220505424423,23.021728866442675,22.80350850198276,21.400934559032695,20.808652046684813,18.867962264113206,1697810875.6284595
27.202941017470888,11.40175425099138,15.231546211727817,13.92838827718412,8.246211251235321,5.0,13.038404810405298,13.892443989449806,13.453624047073712,20.518284528683193,28.178005607210743,23.853720883753127,28.0178514522438,29.832867780352593,28.284271247461902,29.068883707497267,28.31960451701259,28.31960451701259,30.0,25.495097567963924,20.615528128088304,18.38477631085024,15.556349186104047,17.804493814764854,13.453624047073712,11.40175425099138,8.94427190999916,8.0,5.0,4.242640687119286,7.615773105863909,10.770329614269007,12.206555615733702,10.63014581273465,9.433981132056603,6.4031242374328485,7.280109889280519,9.055385138137417,6.0,10.0,10.295630140987,14.866068747318506,22.022715545545243,17.88854381999832,9.0,28.42534080710379,19.313207915827967,34.713109915419565,21.2602916254693,11.6619037896906,23.853720883753127,23.60084744241189,1697810875.641469
19.0,14.0,11.704699910719626,13.0,10.816653826391969,9.433981132056603,8.94427190999916,11.180339887498949,14.142135623730951,16.0312195418814,21.0,26.076809620810597,27.294688127912362,27.892651361962706,27.202941017470888,29.61418578992169,27.202941017470888,27.51363298439521,26.400757564888174,25.059928172283335,22.47220505424423,20.591260281974,18.027756377319946,16.643316977093235,15.811388300841896,10.770329614269007,10.19803902718557,9.055385138137417,7.0710678118654755,5.099019513592785,7.615773105863909,11.40175425099138,13.416407864998739,12.529964086141668,11.180339887498949,8.246211251235321,8.06225774829855,8.06225774829855,7.615773105863909,10.63014581273465,11.40175425099138,12.041594578792296,15.811388300841896,16.643316977093235,18.027756377319946,19.209372712298546,20.518284528683193,21.213203435596427,19.79898987322333,19.209372712298546,19.79898987322333,17.804493814764854,1697810875.6524787
16.0,12.041594578792294,8.246211251235321,10.44030650891055,7.615773105863909,7.810249675906654,14.866068747318506,11.045361017187261,13.601470508735444,17.0,20.223748416156685,25.01999200639361,22.02271554554524,25.709920264364882,23.345235059857504,33.13608305156178,26.400757564888174,24.083189157584588,26.832815729997478,31.953090617340916,21.540659228538015,20.6155281280883,17.69180601295413,12.529964086141668,12.36931687685298,7.0710678118654755,10.44030650891055,2.8284271247461903,10.0,9.848857801796104,7.211102550927979,11.40175425099138,14.0356688476182,11.0,12.08304597359457,6.4031242374328485,10.63014581273465,6.0827625302982185,8.602325267042627,9.848857801796104,14.560219778561038,14.866068747318506,18.0,16.76305461424021,23.021728866442675,21.213203435596427,18.0,18.38477631085024,18.439088914585778,26.92582403567252,23.769728648009423,18.973665961010276,1697810875.6665497
23.345235059857504,18.110770276274835,16.0312195418814,15.524174696260024,13.601470508735444,11.6619037896906,12.041594578792296,14.7648230602334,18.027756377319946,21.18962010041709,25.96150997149434,31.016124838541646,30.870698080866262,33.12099032335839,33.28663395418647,34.88552708502481,33.015148038438355,35.60898762952971,31.144823004794873,29.698484809834998,27.80287754891569,24.08318915758459,22.022715545545243,18.60107523773827,15.620499351813308,12.806248474865697,10.816653826391969,9.848857801796104,9.055385138137417,10.44030650891055,7.211102550927979,12.806248474865697,16.401219466856727,15.620499351813308,12.206555615733702,11.313708498984761,11.40175425099138,10.816653826391969,9.055385138137417,14.0,16.0312195418814,16.1245154965971,19.6468827043885,20.615528128088304,23.53720459187964,24.331050121192874,25.179356624028344,26.305892875931807,26.019223662515373,25.079872407968907,25.079872407968907,23.194827009486403,1697810875.6888077
16.278820596099706,13.453624047073712,13.038404810405298,11.40175425099138,10.770329614269007,11.0,8.54400374531753,10.295630140987,12.206555615733702,19.723082923316017,17.69180601295413,25.942243542145697,23.40939982143925,23.706539182259394,25.298221281347036,28.460498941515414,27.202941017470888,24.186773244895647,20.223748416156685,21.023796041628636,20.024984394500787,22.090722034374522,13.152946437965904,15.297058540778355,17.029386365926403,11.704699910719626,7.280109889280519,4.47213595499958,8.602325267042627,3.6055512754639896,5.0,12.649110640673518,14.317821063276352,12.165525060596437,11.180339887498949,9.055385138137417,7.280109889280519,6.324555320336759,8.602325267042627,10.295630140987,12.206555615733702,11.704699910719626,16.76305461424021,17.0,19.6468827043885,17.4928556845359,20.248456731316587,19.4164878389476,22.47220505424423,19.313207915827967,20.12461179749811,17.08800749063506,1697810875.7225754
21.02379604162864,18.788294228055936,13.152946437965904,13.038404810405298,13.152946437965904,11.0,15.264337522473749,15.620499351813308,14.866068747318504,18.027756377319946,29.5296461204668,24.413111231467404,25.80697580112788,40.24922359499622,26.907248094147423,34.9857113690718,34.713109915419565,40.0,32.69556544854363,26.248809496813376,18.027756377319946,27.0,26.248809496813376,17.08800749063506,9.848857801796104,10.0,10.0,8.602325267042627,11.704699910719626,7.615773105863909,8.246211251235321,14.317821063276352,15.297058540778355,14.142135623730951,14.142135623730951,12.649110640673518,12.649110640673518,10.44030650891055,8.485281374238571,11.6619037896906,15.231546211727817,13.601470508735444,17.46424919657298,19.6468827043885,22.472205054244235,23.08679276123039,23.769728648009426,25.079872407968903,24.16609194718914,23.769728648009426,21.931712199461305,21.18962010041709,1697810875.7432244
18.248287590894655,15.03329637837291,26.0,8.602325267042627,17.4928556845359,14.0,13.152946437965904,17.46424919657298,10.0,21.540659228538015,25.709920264364882,27.658633371878665,27.294688127912362,32.57299494980467,27.16615541441225,31.38470965295043,29.410882339705488,28.30194339616981,30.23243291566195,27.58622844826744,22.47220505424423,23.3452350598575,21.400934559032695,16.643316977093235,13.892443989449806,10.295630140987,13.038404810405298,6.708203932499369,10.19803902718557,11.40175425099138,7.810249675906654,11.6619037896906,12.649110640673518,10.816653826391969,19.4164878389476,18.027756377319946,7.211102550927979,8.246211251235321,7.0710678118654755,12.08304597359457,18.788294228055936,14.7648230602334,19.924858845171276,13.152946437965904,17.69180601295413,29.410882339705488,24.596747752497688,16.1245154965971,18.867962264113206,23.40939982143925,19.6468827043885,21.18962010041709,1697810875.7522233
22.022715545545243,23.3238075793812,5.099019513592785,11.0,22.847319317591726,11.704699910719626,9.219544457292887,14.866068747318504,12.041594578792296,19.79898987322333,24.351591323771842,21.400934559032695,25.455844122715714,29.068883707497267,21.400934559032695,33.28663395418647,27.85677655436824,26.248809496813376,22.135943621178658,29.410882339705488,23.706539182259394,26.1725046566048,14.0356688476182,15.297058540778355,16.76305461424021,16.55294535724685,14.866068747318504,10.295630140987,10.04987562112089,8.0,8.54400374531753,12.206555615733702,13.453624047073712,12.529964086141668,8.0,5.8309518948453,11.180339887498949,10.19803902718557,6.4031242374328485,9.055385138137417,12.165525060596437,12.806248474865697,19.026297590440446,17.46424919657298,17.804493814764854,24.698178070456937,20.808652046684813,20.12461179749811,21.095023109728988,17.26267650163207,25.942243542145697,24.041630560342615,1697810875.7658086
10.816653826391969,7.211102550927979,12.0,13.601470508735444,5.0,12.165525060596437,9.219544457292889,8.94427190999916,20.248456731316587,18.35755975068582,22.627416997969522,20.0,17.804493814764854,29.966648127543394,25.612496949731394,32.64965543462902,32.449961479175904,29.410882339705488,27.16615541441225,17.08800749063506,24.515301344262525,25.495097567963924,16.76305461424021,17.88854381999832,14.7648230602334,12.806248474865697,9.433981132056603,5.0,8.485281374238571,8.06225774829855,12.08304597359457,12.36931687685298,16.401219466856727,8.0,8.54400374531753,2.23606797749979,3.6055512754639896,9.433981132056603,10.0,9.486832980505138,13.152946437965904,5.099019513592785,20.024984394500787,8.602325267042627,17.4928556845359,26.570660511172843,26.076809620810597,22.561028345356952,20.248456731316587,19.209372712298546,17.4928556845359,23.769728648009423,1697810875.8209605
14.866068747318506,2.23606797749979,10.0,13.601470508735444,12.0,21.0,14.560219778561038,12.529964086141668,8.94427190999916,22.20360331117452,22.80350850198276,29.427877939124325,21.840329667841555,22.847319317591726,23.706539182259394,31.304951684997057,27.51363298439521,30.59411708155671,25.179356624028344,22.20360331117452,23.194827009486403,25.079872407968907,19.924858845171276,17.029386365926403,15.03329637837291,14.317821063276352,12.36931687685298,8.94427190999916,9.219544457292889,5.0,4.0,12.08304597359457,11.40175425099138,7.615773105863909,11.045361017187261,14.0,11.180339887498949,10.816653826391969,6.708203932499369,13.038404810405298,18.027756377319946,18.439088914585774,18.38477631085024,22.203603311174515,19.723082923316017,21.633307652783937,23.3238075793812,24.186773244895647,25.059928172283335,24.16609194718914,22.825424421026653,19.235384061671343,1697810875.858774
24.331050121192874,18.38477631085024,16.0,4.47213595499958,9.219544457292889,10.63014581273465,7.211102550927979,15.0,18.973665961010276,28.635642126552703,24.351591323771842,20.248456731316587,28.160255680657446,30.083217912982647,24.0,24.041630560342615,30.0,26.305892875931807,36.40054944640259,27.459060435491963,15.811388300841896,18.248287590894655,13.416407864998739,16.643316977093235,15.264337522473749,13.92838827718412,9.055385138137417,12.36931687685298,10.63014581273465,8.06225774829855,5.385164807134504,11.045361017187261,12.727922061357857,12.529964086141668,5.385164807134504,3.0,7.810249675906654,8.06225774829855,8.06225774829855,10.816653826391969,7.810249675906654,15.0,17.46424919657298,20.518284528683193,20.0,19.697715603592208,23.3452350598575,30.413812651491096,30.016662039607265,21.400934559032695,23.853720883753127,16.492422502470642,1697810875.8720245
18.027756377319946,12.806248474865697,13.416407864998739,12.36931687685298,9.219544457292889,5.099019513592785,10.0,17.0,17.4928556845359,21.93171219946131,26.248809496813372,24.041630560342618,26.907248094147423,29.20616373302047,24.08318915758459,32.526911934581186,30.80584360149873,29.1547594742265,26.92582403567252,30.80584360149873,22.135943621178658,23.769728648009426,19.723082923316017,17.0,18.35755975068582,11.40175425099138,9.219544457292887,6.708203932499369,6.0827625302982185,5.099019513592785,8.485281374238571,7.810249675906654,7.810249675906654,10.63014581273465,12.529964086141668,7.810249675906654,5.0,8.246211251235321,4.47213595499958,4.47213595499958,13.0,8.94427190999916,13.453624047073712,14.142135623730951,17.88854381999832,16.970562748477143,19.235384061671343,25.238858928247925,19.4164878389476,20.0,19.313207915827967,20.0,1697810875.876517
43.046486500061775,14.866068747318504,42.37924020083418,14.212670403551895,8.94427190999916,19.313207915827967,36.124783736376884,30.14962686336267,42.01190307520001,1.0,50.931326312987366,26.92582403567252,26.907248094147423,29.20616373302047,49.09175083453431,32.526911934581186,30.80584360149873,29.1547594742265,26.92582403567252,43.86342439892262,22.135943621178658,23.769728648009426,19.723082923316017,36.87817782917155,23.769728648009426,25.612496949731394,14.0,27.730849247724095,10.295630140987,21.213203435596427,15.556349186104047,18.38477631085024,7.810249675906654,26.570660511172843,18.788294228055936,12.08304597359457,9.486832980505138,11.6619037896906,15.811388300841898,14.0356688476182,13.0,23.021728866442675,37.16180835212409,44.59820624195551,44.20407221060069,44.553338819890925,45.18849411078001,32.64965543462902,39.66106403010388,20.0,19.313207915827967,31.622776601683796,1697810875.8923464
33.95585369269929,18.248287590894655,16.492422502470642,20.12461179749811,16.401219466856727,8.246211251235321,14.317821063276352,22.360679774997898,31.016124838541646,34.40930106817051,40.311288741492746,47.801673610868484,26.907248094147423,29.20616373302047,49.09175083453431,32.526911934581186,30.80584360149873,29.1547594742265,26.92582403567252,43.86342439892262,22.135943621178658,37.94733192202055,36.345563690772494,29.732137494637012,30.06659275674582,17.46424919657298,25.612496949731394,21.213203435596427,10.04987562112089,12.165525060596437,10.04987562112089,25.0,28.42534080710379,15.524174696260024,19.924858845171276,9.486832980505138,25.0,21.023796041628636,10.295630140987,28.42534080710379,20.024984394500787,19.79898987322333,30.23243291566195,34.655446902326915,39.05124837953327,41.23105625617661,41.86884283091664,45.967379738244816,41.725292090050125,40.607881008493905,19.313207915827967,36.05551275463989,1697810875.9191306
18.110770276274835,12.041594578792294,9.219544457292889,10.0,8.94427190999916,8.94427190999916,10.0,11.045361017187261,15.132745950421555,17.0,21.587033144922902,25.179356624028344,28.0,28.0,30.01666203960727,29.427877939124325,27.892651361962706,26.1725046566048,21.18962010041709,22.135943621178658,24.08318915758459,24.351591323771842,8.246211251235321,12.529964086141668,9.486832980505138,12.08304597359457,8.246211251235321,6.4031242374328485,5.656854249492381,5.099019513592785,7.0710678118654755,11.40175425099138,10.0,12.041594578792294,12.165525060596437,10.19803902718557,9.055385138137417,7.211102550927979,7.0710678118654755,8.06225774829855,13.92838827718412,12.08304597359457,17.720045146669353,16.278820596099706,21.18962010041709,20.6155281280883,22.847319317591726,21.95449840010015,23.40939982143925,20.248456731316587,21.587033144922902,20.615528128088304,1697810875.9468174
29.1547594742265,21.400934559032695,20.248456731316587,13.0,9.219544457292889,7.810249675906654,12.041594578792294,18.867962264113206,26.92582403567252,32.01562118716424,39.11521443121589,25.179356624028344,28.0,39.11521443121589,30.01666203960727,43.01162633521314,46.52956049652737,26.1725046566048,21.18962010041709,22.135943621178658,30.528675044947498,43.86342439892261,28.30194339616981,18.027756377319946,28.635642126552703,21.587033144922902,23.53720459187964,14.560219778561038,9.219544457292887,2.8284271247461903,6.324555320336759,8.54400374531753,22.472205054244235,21.633307652783937,22.561028345356952,3.0,20.615528128088304,8.06225774829855,9.055385138137417,6.0827625302982185,22.472205054244235,24.020824298928627,24.020824298928627,32.14031735997639,30.0,34.36568055487917,40.049968789001575,34.0147027033899,38.0,35.22782990761707,34.36568055487917,32.57299494980467,1697810876.0137122
20.248456731316587,15.132745950421555,13.601470508735444,14.142135623730951,15.620499351813308,5.8309518948453,9.848857801796104,13.0,18.788294228055936,20.39607805437114,24.698178070456937,34.205262752974136,27.294688127912362,30.413812651491096,30.26549190084311,33.95585369269929,33.060550509633075,31.064449134018133,31.016124838541643,33.015148038438355,33.015148038438355,20.223748416156685,21.023796041628636,18.027756377319946,17.46424919657298,13.152946437965904,10.0,7.211102550927979,6.0827625302982185,8.0,6.0,11.6619037896906,16.76305461424021,10.04987562112089,15.297058540778355,7.0710678118654755,8.485281374238571,10.0,7.280109889280519,16.278820596099706,16.492422502470642,14.0356688476182,17.08800749063506,20.248456731316587,22.561028345356952,22.80350850198276,24.515301344262525,24.515301344262525,25.495097567963924,24.73863375370596,21.840329667841555,22.135943621178658,1697810876.0374658
17.029386365926403,15.556349186104047,9.219544457292887,12.08304597359457,5.099019513592785,13.038404810405298,7.211102550927979,13.601470508735444,15.620499351813308,29.0,30.413812651491096,31.953090617340916,24.413111231467404,37.44329045369811,25.495097567963924,33.61547262794322,41.182520563948,21.095023109728984,25.495097567963924,39.84971769034255,13.601470508735444,22.671568097509265,25.317977802344327,15.231546211727817,12.727922061357857,11.180339887498949,9.433981132056603,8.94427190999916,12.806248474865697,9.433981132056603,9.219544457292889,14.422205101855958,12.206555615733702,13.038404810405298,13.453624047073712,12.041594578792296,5.8309518948453,7.615773105863909,13.0,13.416407864998739,11.180339887498949,16.1245154965971,16.278820596099706,18.439088914585774,21.213203435596427,24.041630560342618,24.758836806279895,27.018512172212596,24.08318915758459,23.3452350598575,21.93171219946131,21.400934559032695,1697810876.1269836
15.231546211727817,10.295630140987,6.708203932499369,9.055385138137417,9.486832980505138,7.211102550927979,12.041594578792296,13.892443989449806,16.1245154965971,19.697715603592208,22.825424421026653,25.238858928247925,26.627053911388693,28.65309756378881,25.495097567963924,31.400636936215164,26.870057685088806,28.31960451701259,25.495097567963924,22.80350850198276,19.4164878389476,17.804493814764854,18.439088914585774,14.212670403551895,9.899494936611665,9.219544457292887,7.280109889280519,6.0827625302982185,3.6055512754639896,1.0,9.486832980505138,12.165525060596437,13.0,15.620499351813308,12.206555615733702,9.219544457292887,9.219544457292889,9.0,8.54400374531753,11.6619037896906,13.601470508735444,17.4928556845359,17.69180601295413,19.1049731745428,23.3452350598575,27.65863337187866,23.3452350598575,25.0,23.60084744241189,25.455844122715714,24.839484696748443,21.2602916254693,1697810876.1826968
9.433981132056603,5.0,7.615773105863909,7.280109889280519,6.324555320336759,7.0,9.219544457292887,13.601470508735444,10.63014581273465,12.041594578792296,20.518284528683193,18.60107523773827,23.021728866442675,21.400934559032695,21.400934559032695,26.248809496813372,25.079872407968903,20.591260281974,26.0,21.095023109728984,16.1245154965971,10.0,15.297058540778355,13.152946437965904,14.317821063276352,5.656854249492381,5.099019513592785,4.47213595499958,4.47213595499958,7.280109889280519,8.602325267042627,12.165525060596437,12.529964086141668,8.06225774829855,10.295630140987,11.180339887498949,18.973665961010276,6.708203932499369,8.602325267042627,14.142135623730951,8.246211251235321,12.165525060596437,17.0,17.029386365926403,17.11724276862369,18.110770276274835,23.53720459187964,19.1049731745428,21.840329667841555,18.439088914585778,20.248456731316587,16.1245154965971,1697810876.2272787
13.038404810405298,9.486832980505138,15.652475842498529,26.832815729997478,9.055385138137417,12.36931687685298,6.0,18.439088914585778,12.165525060596437,19.924858845171276,15.231546211727817,20.8806130178211,18.681541692269406,22.47220505424423,21.93171219946131,38.28837943815329,27.65863337187866,30.016662039607265,23.769728648009426,22.135943621178658,17.804493814764854,15.524174696260024,14.560219778561038,11.045361017187261,10.19803902718557,7.615773105863909,3.0,7.211102550927979,8.485281374238571,11.40175425099138,9.433981132056603,11.0,16.278820596099706,9.433981132056603,15.03329637837291,11.045361017187261,10.44030650891055,10.816653826391969,8.602325267042627,9.433981132056603,14.422205101855958,12.806248474865697,23.021728866442675,21.18962010041709,19.235384061671343,19.723082923316017,25.495097567963924,30.610455730027933,30.23243291566195,24.413111231467404,24.698178070456937,23.853720883753127,1697810876.285952
11.704699910719626,8.246211251235321,5.385164807134504,10.295630140987,5.0,11.6619037896906,10.19803902718557,12.529964086141668,19.026297590440446,17.029386365926403,25.298221281347036,24.041630560342615,30.886890422961002,28.442925306655788,28.600699292150182,28.23118842698621,23.021728866442675,28.42534080710379,19.209372712298546,22.627416997969522,15.620499351813308,11.40175425099138,17.69180601295413,12.529964086141668,10.295630140987,5.385164807134504,6.0827625302982185,9.055385138137417,3.6055512754639896,6.324555320336759,4.47213595499958,10.816653826391969,14.560219778561038,12.806248474865697,12.649110640673518,3.6055512754639896,10.63014581273465,6.4031242374328485,4.123105625617661,8.94427190999916,7.0710678118654755,14.212670403551895,13.601470508735444,15.620499351813308,18.35755975068582,19.4164878389476,18.35755975068582,20.518284528683193,20.591260281974,15.556349186104047,19.4164878389476,15.811388300841896,1697810876.3246157
21.18962010041709,9.0,11.180339887498949,7.211102550927979,11.40175425099138,23.769728648009423,13.0,27.16615541441225,37.69615364994153,38.94868418830089,47.70744176750625,49.979995998399204,49.04079934095691,28.442925306655788,47.29693436154187,57.87054518492115,47.095647357266465,37.64306044943742,19.209372712298546,44.55333881989093,15.620499351813308,11.40175425099138,24.186773244895647,10.0,27.018512172212596,19.849433241279208,12.36931687685298,22.671568097509265,7.0,12.36931687685298,9.433981132056603,16.278820596099706,9.433981132056603,16.492422502470642,23.345235059857504,14.560219778561038,4.242640687119286,9.219544457292889,13.0,4.123105625617661,10.770329614269007,23.086792761230395,35.17101079013795,27.78488797889961,42.95346318982906,27.85677655436824,43.01162633521314,42.04759208325727,38.470768123342694,15.556349186104047,19.4164878389476,36.05551275463989,1697810876.3877504
14.142135623730951,11.704699910719626,7.211102550927979,4.123105625617661,3.1622776601683795,5.8309518948453,5.385164807134504,7.0710678118654755,8.54400374531753,9.486832980505138,15.811388300841896,21.02379604162864,20.248456731316587,22.135943621178658,18.439088914585778,26.832815729997478,24.041630560342615,24.73863375370596,21.931712199461305,21.18962010041709,14.317821063276352,15.652475842498529,13.038404810405298,14.866068747318504,8.94427190999916,7.211102550927979,8.06225774829855,6.324555320336759,2.8284271247461903,2.23606797749979,2.8284271247461903,3.6055512754639896,6.0,5.385164807134504,5.8309518948453,4.0,1.0,2.8284271247461903,4.242640687119286,7.810249675906654,6.4031242374328485,8.54400374531753,10.816653826391969,17.204650534085253,14.866068747318504,15.556349186104047,16.278820596099706,16.278820596099706,15.620499351813308,14.317821063276352,12.649110640673518,13.038404810405298,1697810876.632596
13.892443989449806,10.19803902718557,5.099019513592785,1.4142135623730951,4.0,7.280109889280519,10.0,10.63014581273465,15.264337522473749,20.0,25.0,29.068883707497267,31.827660925679098,31.112698372208094,29.698484809834998,33.421549934136806,29.73213749463701,30.479501308256342,30.413812651491096,24.839484696748443,20.808652046684813,21.93171219946131,16.278820596099706,14.142135623730951,14.560219778561038,8.06225774829855,8.54400374531753,5.8309518948453,1.4142135623730951,1.4142135623730951,3.0,7.0710678118654755,7.810249675906654,7.615773105863909,6.4031242374328485,1.4142135623730951,2.8284271247461903,3.1622776601683795,7.280109889280519,14.0,13.152946437965904,13.92838827718412,18.027756377319946,20.248456731316587,22.135943621178658,23.08679276123039,22.472205054244235,24.351591323771842,21.540659228538015,19.723082923316017,17.804493814764854,17.804493814764854,1697810876.7226732
14.560219778561038,11.6619037896906,7.810249675906654,3.1622776601683795,2.23606797749979,3.6055512754639896,7.211102550927979,8.602325267042627,11.313708498984761,17.029386365926403,22.022715545545243,25.553864678361276,23.706539182259394,24.596747752497688,23.706539182259394,30.528675044947498,26.400757564888174,26.92582403567252,23.40939982143925,21.540659228538015,17.08800749063506,15.231546211727817,13.416407864998739,12.529964086141668,12.206555615733702,7.211102550927979,7.615773105863909,7.810249675906654,3.6055512754639896,5.0,5.0,5.0,6.0827625302982185,5.0,4.123105625617661,2.0,5.0,6.4031242374328485,9.848857801796104,11.40175425099138,13.892443989449806,12.041594578792296,17.204650534085253,18.439088914585774,11.045361017187261,21.2602916254693,21.095023109728988,28.160255680657446,18.973665961010276,14.560219778561038,10.0,16.0312195418814,1697810876.775434
17.0,14.142135623730951,6.324555320336759,5.656854249492381,5.099019513592785,5.0,10.19803902718557,8.485281374238571,18.867962264113206,18.973665961010276,25.317977802344327,27.730849247724095,29.068883707497267,28.42534080710379,30.083217912982644,31.76476034853718,27.313000567495326,29.546573405388315,29.966648127543394,29.0,23.021728866442675,22.02271554554524,18.38477631085024,10.44030650891055,14.0356688476182,11.40175425099138,9.433981132056603,9.055385138137417,9.219544457292887,8.06225774829855,5.0,5.099019513592785,6.324555320336759,4.47213595499958,6.324555320336759,7.0710678118654755,5.8309518948453,3.6055512754639896,12.08304597359457,8.602325267042627,14.142135623730951,13.341664064126334,16.15549442140351,21.02379604162864,26.92582403567252,25.059928172283335,29.832867780352593,22.022715545545243,19.849433241279208,18.38477631085024,18.38477631085024,21.02379604162864,1697810876.8034585
10.0,13.416407864998739,5.099019513592785,8.54400374531753,10.0,7.211102550927979,8.94427190999916,2.23606797749979,8.0,25.317977802344327,30.364452901377952,30.463092423455635,26.1725046566048,13.892443989449806,15.297058540778355,19.723082923316017,22.80350850198276,17.0,23.430749027719962,15.652475842498529,14.866068747318504,14.866068747318504,11.313708498984761,12.206555615733702,10.63014581273465,7.810249675906654,4.123105625617661,4.0,0.0,7.615773105863909,3.1622776601683795,3.1622776601683795,5.656854249492381,4.47213595499958,8.94427190999916,2.0,3.1622776601683795,8.06225774829855,7.615773105863909,4.123105625617661,8.54400374531753,11.704699910719626,8.94427190999916,17.0,12.206555615733702,15.297058540778355,20.248456731316587,15.03329637837291,16.0,15.231546211727817,18.681541692269406,13.453624047073712,1697810876.8365362
9.848857801796104,9.433981132056603,8.06225774829855,8.94427190999916,9.219544457292887,10.295630140987,15.0,9.219544457292887,16.1245154965971,21.02379604162864,26.92582403567252,32.202484376209235,25.96150997149434,24.16609194718914,30.59411708155671,30.870698080866262,20.39607805437114,27.658633371878665,31.04834939252005,22.360679774997898,19.026297590440446,15.811388300841898,12.041594578792294,10.19803902718557,7.615773105863909,2.0,3.6055512754639896,5.8309518948453,4.123105625617661,5.385164807134504,15.811388300841896,9.486832980505138,4.123105625617661,7.280109889280519,6.708203932499369,7.280109889280519,7.211102550927979,5.099019513592785,13.0,21.095023109728984,15.132745950421555,20.024984394500787,21.931712199461305,20.615528128088304,28.460498941515414,30.675723300355937,22.561028345356952,25.553864678361276,21.633307652783937,21.2602916254693,16.970562748477143,20.0,1697810876.8848991
21.93171219946131,19.4164878389476,17.46424919657298,17.029386365926403,17.720045146669353,13.0,16.15549442140351,12.206555615733702,13.92838827718412,16.55294535724685,22.47220505424423,22.80350850198276,22.671568097509265,21.93171219946131,20.615528128088304,28.284271247461902,20.615528128088304,28.42534080710379,24.207436873820413,21.095023109728988,18.027756377319946,16.278820596099706,15.0,17.029386365926403,10.816653826391969,9.433981132056603,9.486832980505138,8.54400374531753,8.94427190999916,8.06225774829855,8.485281374238571,4.47213595499958,8.246211251235321,3.0,8.602325267042627,3.1622776601683795,8.94427190999916,14.7648230602334,12.727922061357857,18.788294228055936,18.027756377319946,17.46424919657298,25.80697580112788,28.42534080710379,20.248456731316587,26.92582403567252,26.248809496813372,26.1725046566048,21.93171219946131,20.12461179749811,19.235384061671347,20.024984394500787,1697810877.3568974
26.248809496813372,18.439088914585778,18.867962264113206,12.529964086141668,11.045361017187261,16.492422502470642,1.0,12.041594578792296,9.055385138137417,14.142135623730951,20.591260281974,18.027756377319946,22.825424421026653,16.15549442140351,24.413111231467404,25.80697580112788,24.758836806279895,24.758836806279895,23.430749027719962,21.2602916254693,10.816653826391969,18.867962264113206,13.0,9.433981132056603,13.92838827718412,9.219544457292889,9.055385138137417,9.219544457292889,7.0,7.0,6.708203932499369,6.4031242374328485,2.0,4.123105625617661,2.8284271247461903,5.0,7.615773105863909,10.816653826391969,13.892443989449806,15.811388300841896,15.620499351813308,18.027756377319946,18.867962264113206,20.615528128088304,19.723082923316017,23.259406699226012,21.18962010041709,23.53720459187964,18.439088914585778,17.0,14.0356688476182,14.7648230602334,1697810877.3743496
22.0,19.026297590440446,16.76305461424021,13.0,17.69180601295413,8.54400374531753,11.180339887498949,8.94427190999916,8.54400374531753,13.038404810405298,17.0,23.53720459187964,20.09975124224178,20.223748416156685,22.20360331117452,28.442925306655788,25.0,27.018512172212592,22.090722034374522,23.086792761230395,23.345235059857504,16.0,16.0,17.0,16.0312195418814,11.704699910719626,10.19803902718557,9.219544457292889,7.0710678118654755,7.280109889280519,8.602325267042627,11.0,3.1622776601683795,6.0827625302982185,1.0,12.165525060596437,15.524174696260024,16.76305461424021,15.297058540778355,20.0,18.248287590894655,18.248287590894655,21.213203435596427,22.090722034374522,24.351591323771842,25.63201123595259,25.63201123595259,25.709920264364882,26.400757564888174,21.633307652783937,17.69180601295413,17.88854381999832,1697810877.6922843
21.633307652783937,18.027756377319946,17.08800749063506,13.038404810405298,9.219544457292889,9.219544457292887,9.219544457292887,11.313708498984761,10.0,11.6619037896906,17.029386365926403,19.4164878389476,18.60107523773827,22.360679774997898,23.60084744241189,25.80697580112788,24.596747752497688,23.60084744241189,24.16609194718914,21.633307652783937,22.561028345356952,18.35755975068582,18.248287590894655,16.1245154965971,16.492422502470642,16.15549442140351,7.211102550927979,11.180339887498949,10.63014581273465,10.04987562112089,7.615773105863909,16.492422502470642,10.44030650891055,7.0,2.8284271247461903,4.123105625617661,10.770329614269007,12.529964086141668,13.601470508735444,20.12461179749811,10.0,12.36931687685298,23.430749027719962,23.60084744241189,22.022715545545243,26.400757564888174,21.2602916254693,18.60107523773827,21.400934559032695,18.867962264113206,13.92838827718412,18.027756377319946,1697810877.7138944
21.633307652783937,18.027756377319946,17.08800749063506,13.038404810405298,44.92215489043241,39.6232255123179,36.22154055254967,29.1547594742265,30.14962686336267,31.144823004794876,35.17101079013795,43.41658669218482,42.80186911806539,41.23105625617661,46.66904755831214,25.80697580112788,24.596747752497688,23.60084744241189,24.16609194718914,21.633307652783937,22.561028345356952,18.35755975068582,18.248287590894655,16.1245154965971,16.492422502470642,16.15549442140351,7.211102550927979,37.589892258425,10.63014581273465,10.04987562112089,7.615773105863909,29.966648127543394,23.53720459187964,16.0312195418814,17.804493814764854,21.18962010041709,10.770329614269007,12.529964086141668,13.601470508735444,20.12461179749811,10.0,12.36931687685298,23.430749027719962,23.60084744241189,22.022715545545243,26.400757564888174,21.2602916254693,18.60107523773827,21.400934559032695,38.05259518088089,32.31098884280702,33.30165161069342,1697810877.7402456
21.023796041628636,21.840329667841555,27.85677655436824,26.248809496813376,21.095023109728988,23.021728866442675,22.203603311174515,18.788294228055936,12.649110640673518,20.808652046684813,25.495097567963924,21.93171219946131,20.0,17.69180601295413,20.808652046684813,19.6468827043885,16.0312195418814,15.297058540778355,14.866068747318506,16.643316977093235,14.422205101855958,13.601470508735444,14.866068747318504,12.806248474865697,17.204650534085253,14.422205101855958,15.811388300841896,15.811388300841896,16.401219466856727,19.4164878389476,13.92838827718412,14.212670403551895,13.92838827718412,7.810249675906654,12.041594578792294,12.529964086141668,13.892443989449806,18.38477631085024,20.808652046684813,26.400757564888174,21.93171219946131,21.470910553583888,26.0,27.730849247724095,24.351591323771842,28.861739379323623,27.892651361962706,24.515301344262525,22.02271554554524,19.235384061671347,15.652475842498529,18.35755975068582,1697810877.8079882
27.16615541441225,24.0,31.016124838541643,18.027756377319946,22.02271554554524,18.248287590894655,14.0356688476182,9.848857801796104,15.264337522473749,19.235384061671347,11.6619037896906,15.0,7.280109889280519,17.88854381999832,24.083189157584588,20.09975124224178,11.0,41.97618372363071,19.1049731745428,20.39607805437114,25.059928172283335,18.439088914585778,17.88854381999832,25.553864678361276,20.248456731316587,12.08304597359457,16.76305461424021,17.029386365926403,10.19803902718557,20.09975124224178,16.1245154965971,13.92838827718412,9.433981132056603,11.0,7.280109889280519,7.615773105863909,9.486832980505138,12.165525060596437,16.0,13.038404810405298,14.0356688476182,20.09975124224178,24.73863375370596,16.0312195418814,25.079872407968907,28.017851452243796,21.0,21.095023109728984,18.681541692269406,14.866068747318506,16.970562748477143,15.264337522473749,1697810878.059739
22.02271554554524,20.12461179749811,22.561028345356952,16.1245154965971,18.110770276274835,17.26267650163207,16.15549442140351,11.40175425099138,8.94427190999916,15.0,11.180339887498949,12.08304597359457,11.704699910719626,12.727922061357857,11.40175425099138,15.0,18.027756377319946,16.278820596099706,17.720045146669353,16.76305461424021,20.024984394500787,14.0356688476182,5.8309518948453,14.317821063276352,12.206555615733702,13.038404810405298,12.806248474865697,16.55294535724685,11.40175425099138,13.453624047073712,13.416407864998739,6.708203932499369,12.041594578792296,1.0,3.6055512754639896,10.44030650891055,10.295630140987,8.602325267042627,11.180339887498949,13.0,8.06225774829855,13.038404810405298,18.027756377319946,11.180339887498949,20.09975124224178,10.04987562112089,14.0356688476182,15.03329637837291,14.142135623730951,12.649110640673518,13.038404810405298,11.40175425099138,1697810878.0657349
24.69817807045694,21.931712199461305,15.620499351813308,17.46424919657298,21.95449840010015,18.867962264113206,21.95449840010015,14.866068747318504,17.0,14.212670403551895,12.649110640673518,13.601470508735444,13.038404810405298,17.804493814764854,13.038404810405298,16.643316977093235,11.40175425099138,19.4164878389476,15.0,11.180339887498949,18.867962264113206,17.204650534085253,19.1049731745428,19.313207915827967,19.4164878389476,14.866068747318504,12.041594578792296,15.652475842498529,9.219544457292887,10.19803902718557,13.416407864998739,12.36931687685298,12.08304597359457,3.1622776601683795,13.416407864998739,15.556349186104047,12.08304597359457,5.385164807134504,12.0,17.029386365926403,12.806248474865697,18.0,22.090722034374522,16.278820596099706,26.076809620810597,12.36931687685298,19.026297590440446,15.297058540778355,15.03329637837291,14.317821063276352,11.180339887498949,14.142135623730951,1697810878.0717359
23.3238075793812,22.47220505424423,13.601470508735444,20.248456731316587,17.804493814764854,21.587033144922902,19.697715603592208,11.704699910719626,17.88854381999832,10.816653826391969,14.317821063276352,16.0312195418814,11.0,11.045361017187261,9.055385138137417,15.264337522473749,14.212670403551895,12.206555615733702,11.40175425099138,14.866068747318504,14.7648230602334,14.422205101855958,14.422205101855958,17.029386365926403,13.601470508735444,13.453624047073712,11.180339887498949,15.0,13.601470508735444,13.0,10.816653826391969,12.529964086141668,7.810249675906654,1.0,2.23606797749979,7.615773105863909,8.0,9.055385138137417,7.280109889280519,13.416407864998739,12.165525060596437,14.0356688476182,16.0,14.142135623730951,18.248287590894655,17.46424919657298,18.027756377319946,12.36931687685298,13.038404810405298,12.08304597359457,10.0,10.295630140987,1697810878.077735
21.095023109728988,14.212670403551895,16.970562748477143,18.38477631085024,14.317821063276352,17.720045146669353,20.248456731316587,13.892443989449806,20.12461179749811,14.212670403551895,15.0,13.0,13.0,7.0710678118654755,13.038404810405298,13.341664064126334,8.485281374238571,13.601470508735444,13.416407864998739,11.180339887498949,17.69180601295413,14.866068747318504,14.866068747318504,13.453624047073712,14.212670403551895,14.212670403551895,13.038404810405298,17.88854381999832,21.2602916254693,13.038404810405298,16.1245154965971,9.899494936611665,9.848857801796104,5.385164807134504,2.8284271247461903,7.280109889280519,12.649110640673518,12.529964086141668,14.317821063276352,18.248287590894655,15.0,18.38477631085024,22.0,23.021728866442675,22.360679774997898,21.587033144922902,17.26267650163207,19.6468827043885,17.88854381999832,15.264337522473749,12.041594578792296,13.92838827718412,1697810878.085734
18.027756377319946,24.041630560342615,23.706539182259394,20.39607805437114,16.0312195418814,19.1049731745428,13.601470508735444,15.524174696260024,10.44030650891055,17.804493814764854,12.806248474865697,12.36931687685298,13.416407864998739,11.40175425099138,9.219544457292889,13.341664064126334,13.92838827718412,8.602325267042627,10.0,15.132745950421555,15.524174696260024,17.0,18.38477631085024,11.180339887498949,16.0312195418814,11.180339887498949,12.649110640673518,15.231546211727817,13.416407864998739,13.038404810405298,9.055385138137417,10.295630140987,12.206555615733702,8.06225774829855,2.23606797749979,12.08304597359457,10.04987562112089,11.704699910719626,10.295630140987,10.0,14.7648230602334,15.231546211727817,19.924858845171276,17.720045146669353,17.08800749063506,12.649110640673518,13.341664064126334,15.297058540778355,14.0,10.44030650891055,11.180339887498949,11.40175425099138,1697810878.091841
21.377558326431952,11.40175425099138,22.0,18.110770276274835,20.0,21.18962010041709,17.46424919657298,22.20360331117452,21.0,13.341664064126334,20.6155281280883,14.866068747318504,16.401219466856727,15.0,10.0,12.529964086141668,11.704699910719626,13.038404810405298,12.041594578792294,11.045361017187261,17.08800749063506,10.19803902718557,16.1245154965971,15.264337522473749,15.811388300841896,13.601470508735444,13.601470508735444,15.231546211727817,14.317821063276352,14.866068747318506,13.92838827718412,14.866068747318506,12.529964086141668,8.94427190999916,5.0,7.0710678118654755,10.295630140987,10.295630140987,13.0,15.524174696260024,15.297058540778355,17.0,22.02271554554524,21.0,21.0,21.023796041628636,21.023796041628636,19.1049731745428,17.720045146669353,15.652475842498529,15.0,14.866068747318504,1697810878.1044776
17.46424919657298,18.38477631085024,14.866068747318504,21.095023109728988,21.400934559032695,15.231546211727817,17.804493814764854,8.06225774829855,18.681541692269406,15.620499351813308,16.970562748477143,19.235384061671343,13.453624047073712,8.94427190999916,8.94427190999916,15.811388300841898,18.027756377319946,14.317821063276352,12.36931687685298,12.041594578792294,16.55294535724685,23.08679276123039,18.788294228055936,8.246211251235321,13.038404810405298,16.970562748477143,15.811388300841896,20.591260281974,15.0,15.556349186104047,13.0,15.264337522473749,13.601470508735444,12.806248474865697,2.0,5.099019513592785,7.615773105863909,11.313708498984761,13.892443989449806,15.297058540778355,16.492422502470642,19.235384061671347,22.0,23.086792761230395,22.02271554554524,22.0,17.029386365926403,20.248456731316587,21.18962010041709,15.811388300841896,15.0,17.204650534085253,1697810878.1108515
21.18962010041709,29.154759474226502,25.0,43.08131845707603,20.591260281974,37.64306044943742,13.0,14.212670403551895,18.681541692269406,35.0,42.638011210655684,52.773099207835045,39.0,29.410882339705488,8.94427190999916,43.41658669218482,48.76474136094644,41.677331968349414,26.476404589747453,28.23118842698621,28.65309756378881,18.248287590894655,6.0,7.0,12.36931687685298,9.848857801796104,12.206555615733702,16.970562748477143,15.556349186104047,19.209372712298546,13.341664064126334,23.021728866442675,14.422205101855958,25.079872407968903,18.38477631085024,13.92838827718412,9.0,20.615528128088304,11.180339887498949,25.96150997149434,18.35755975068582,37.0,39.35733730830886,30.463092423455635,37.33630940518894,38.48376280978771,17.029386365926403,32.0,35.05709628591621,31.04834939252005,31.400636936215164,17.204650534085253,1697810878.1468205
14.422205101855958,16.15549442140351,15.811388300841898,15.132745950421555,16.278820596099706,15.132745950421555,14.142135623730951,15.132745950421555,17.26267650163207,16.1245154965971,18.439088914585778,19.1049731745428,16.0312195418814,16.0312195418814,15.0,19.0,15.132745950421555,11.40175425099138,12.529964086141668,12.206555615733702,8.06225774829855,7.810249675906654,7.211102550927979,8.06225774829855,7.280109889280519,6.324555320336759,8.06225774829855,8.602325267042627,10.816653826391969,9.433981132056603,8.485281374238571,8.602325267042627,7.615773105863909,6.0827625302982185,2.23606797749979,3.6055512754639896,6.4031242374328485,8.485281374238571,12.36931687685298,15.620499351813308,11.180339887498949,15.264337522473749,15.811388300841898,18.681541692269406,18.681541692269406,18.439088914585778,18.439088914585778,18.110770276274835,14.0356688476182,15.811388300841898,17.0,17.029386365926403,1697810878.275146
12.041594578792294,13.453624047073712,16.278820596099706,13.416407864998739,9.219544457292887,17.204650534085253,6.324555320336759,15.652475842498529,10.770329614269007,16.55294535724685,16.55294535724685,19.4164878389476,27.313000567495326,22.360679774997898,21.95449840010015,23.259406699226012,26.076809620810597,23.0,18.0,21.377558326431952,16.15549442140351,6.324555320336759,16.15549442140351,10.0,10.19803902718557,3.6055512754639896,4.242640687119286,4.123105625617661,8.94427190999916,9.219544457292887,9.055385138137417,6.0827625302982185,5.656854249492381,13.152946437965904,11.045361017187261,5.0,5.099019513592785,3.1622776601683795,9.219544457292889,11.180339887498949,12.08304597359457,12.165525060596437,16.278820596099706,19.924858845171276,21.023796041628636,24.331050121192874,34.36568055487917,37.12142238654117,18.027756377319946,20.248456731316587,30.26549190084311,21.2602916254693,1697810878.2943313
20.6155281280883,15.231546211727817,19.697715603592208,17.46424919657298,17.4928556845359,14.7648230602334,20.248456731316587,14.866068747318504,21.2602916254693,18.60107523773827,19.1049731745428,23.40939982143925,25.238858928247925,11.180339887498949,13.038404810405298,14.212670403551895,15.264337522473749,19.1049731745428,22.135943621178658,18.681541692269406,16.643316977093235,17.720045146669353,17.11724276862369,13.0,13.0,13.341664064126334,13.038404810405298,10.770329614269007,14.866068747318506,14.142135623730951,5.099019513592785,3.6055512754639896,7.211102550927979,3.0,8.54400374531753,3.1622776601683795,11.180339887498949,8.94427190999916,14.866068747318504,15.264337522473749,13.453624047073712,18.38477631085024,21.931712199461305,13.601470508735444,19.209372712298546,17.0,18.027756377319946,13.601470508735444,13.601470508735444,13.0,12.36931687685298,13.341664064126334,1697810878.7308779
33.015148038438355,21.095023109728988,25.455844122715714,19.209372712298546,18.788294228055936,18.867962264113206,21.400934559032695,20.0,22.203603311174515,22.022715545545243,27.80287754891569,26.419689627245813,26.400757564888174,23.08679276123039,20.808652046684813,29.966648127543394,19.924858845171276,25.179356624028344,23.08679276123039,22.561028345356952,21.540659228538015,20.615528128088304,20.8806130178211,19.924858845171276,19.6468827043885,14.560219778561038,14.422205101855958,15.620499351813308,12.806248474865697,11.40175425099138,9.899494936611665,9.219544457292887,6.4031242374328485,3.6055512754639896,1.0,5.385164807134504,10.0,11.180339887498949,16.0312195418814,17.26267650163207,14.0356688476182,15.297058540778355,20.8806130178211,20.8806130178211,22.561028345356952,22.135943621178658,22.135943621178658,21.540659228538015,19.235384061671343,17.69180601295413,16.401219466856727,18.027756377319946,1697810878.7438781
25.238858928247925,28.284271247461902,24.758836806279895,18.439088914585774,23.3452350598575,18.439088914585774,20.248456731316587,23.021728866442675,16.643316977093235,20.615528128088304,23.769728648009426,25.553864678361276,25.238858928247925,15.297058540778355,25.298221281347036,26.92582403567252,22.135943621178658,20.248456731316587,22.80350850198276,16.55294535724685,20.248456731316587,22.561028345356952,24.698178070456937,19.4164878389476,16.55294535724685,15.264337522473749,11.180339887498949,12.041594578792296,16.401219466856727,15.0,8.06225774829855,9.219544457292887,1.0,2.0,6.0827625302982185,3.6055512754639896,17.46424919657298,5.8309518948453,14.317821063276352,24.515301344262525,18.0,11.180339887498949,12.165525060596437,22.847319317591726,18.681541692269406,25.612496949731394,26.019223662515373,23.086792761230395,17.720045146669353,17.204650534085253,11.6619037896906,18.38477631085024,1697810878.7508829
20.223748416156685,19.026297590440446,20.09975124224178,17.11724276862369,15.132745950421555,15.0,13.038404810405298,13.0,18.027756377319946,15.132745950421555,23.0,21.095023109728984,19.1049731745428,15.297058540778355,14.0,26.419689627245813,26.92582403567252,24.020824298928627,23.769728648009423,27.018512172212596,20.615528128088304,18.35755975068582,21.02379604162864,13.416407864998739,18.027756377319946,14.422205101855958,23.08679276123039,19.209372712298546,18.110770276274835,21.18962010041709,19.6468827043885,1.4142135623730951,5.0,2.0,4.123105625617661,6.324555320336759,7.0710678118654755,13.416407864998739,13.92838827718412,17.0,13.453624047073712,14.866068747318504,19.4164878389476,20.0,20.615528128088304,20.0,20.0,18.35755975068582,17.0,15.297058540778355,17.0,15.231546211727817,1697810878.758407
19.697715603592208,19.235384061671343,17.0,25.179356624028344,12.0,8.94427190999916,26.570660511172843,10.04987562112089,32.01562118716424,7.211102550927979,17.26267650163207,33.24154027718932,10.770329614269007,19.026297590440446,15.03329637837291,14.422205101855958,22.203603311174515,20.12461179749811,16.492422502470642,15.0,13.341664064126334,11.40175425099138,17.0,19.235384061671343,18.027756377319946,13.0,13.038404810405298,10.63014581273465,13.416407864998739,9.848857801796104,1.0,5.099019513592785,12.041594578792296,3.0,4.123105625617661,8.54400374531753,4.123105625617661,10.816653826391969,10.44030650891055,10.295630140987,7.615773105863909,8.06225774829855,12.165525060596437,4.242640687119286,6.0,22.360679774997898,18.027756377319946,10.44030650891055,13.601470508735444,18.027756377319946,13.601470508735444,9.848857801796104,1697810878.7646623
33.37663853655727,19.1049731745428,35.014282800023196,23.3238075793812,12.206555615733702,6.4031242374328485,15.264337522473749,14.0356688476182,13.038404810405298,7.211102550927979,14.0356688476182,26.1725046566048,20.248456731316587,14.142135623730951,6.708203932499369,30.083217912982647,26.076809620810597,21.095023109728984,26.1725046566048,30.59411708155671,21.400934559032695,25.298221281347036,23.259406699226012,24.16609194718914,16.1245154965971,16.492422502470642,17.4928556845359,15.524174696260024,8.54400374531753,14.0356688476182,2.23606797749979,7.0,10.19803902718557,13.0,14.142135623730951,11.40175425099138,14.317821063276352,11.6619037896906,16.55294535724685,11.180339887498949,14.422205101855958,8.06225774829855,11.313708498984761,12.041594578792294,14.142135623730951,6.0827625302982185,11.0,11.180339887498949,12.649110640673518,12.806248474865697,7.280109889280519,3.6055512754639896,1697810878.8686814
20.223748416156685,18.681541692269406,18.681541692269406,15.524174696260024,13.601470508735444,9.848857801796104,9.848857801796104,7.810249675906654,8.485281374238571,8.602325267042627,11.180339887498949,13.152946437965904,14.0356688476182,16.0312195418814,16.0,20.223748416156685,20.09975124224178,22.02271554554524,21.023796041628636,22.02271554554524,21.023796041628636,21.095023109728984,18.110770276274835,17.46424919657298,15.811388300841898,12.529964086141668,12.041594578792296,13.038404810405298,10.295630140987,9.848857801796104,6.324555320336759,4.0,3.6055512754639896,3.1622776601683795,6.0827625302982185,9.0,11.0,11.045361017187261,11.0,10.19803902718557,8.0,9.055385138137417,10.19803902718557,10.04987562112089,10.0,11.0,11.045361017187261,10.19803902718557,9.219544457292889,8.0,7.0710678118654755,7.211102550927979,1697810878.8979359
25.553864678361276,22.360679774997898,20.12461179749811,17.720045146669353,17.08800749063506,11.180339887498949,10.19803902718557,13.0,13.038404810405298,13.152946437965904,15.652475842498529,19.209372712298546,16.278820596099706,21.2602916254693,16.278820596099706,28.42534080710379,28.31960451701259,30.886890422961002,27.65863337187866,27.80287754891569,18.867962264113206,26.627053911388693,22.203603311174515,21.95449840010015,18.788294228055936,14.317821063276352,16.278820596099706,14.560219778561038,11.180339887498949,13.892443989449806,9.899494936611665,4.47213595499958,6.324555320336759,4.123105625617661,7.211102550927979,6.4031242374328485,11.6619037896906,14.422205101855958,15.556349186104047,14.422205101855958,9.219544457292887,10.816653826391969,14.866068747318504,14.142135623730951,14.422205101855958,9.055385138137417,13.453624047073712,11.6619037896906,17.69180601295413,6.0827625302982185,12.806248474865697,13.0,1697810878.946721
29.61418578992169,26.92582403567252,27.202941017470888,23.769728648009423,20.8806130178211,16.15549442140351,18.681541692269406,15.231546211727817,16.1245154965971,18.027756377319946,19.849433241279208,20.808652046684813,20.248456731316587,19.4164878389476,22.360679774997898,26.627053911388693,31.016124838541646,28.160255680657446,26.92582403567252,26.248809496813376,27.202941017470888,28.65309756378881,22.360679774997898,24.186773244895647,19.723082923316017,14.866068747318504,14.317821063276352,18.35755975068582,17.46424919657298,11.40175425099138,9.0,4.0,5.8309518948453,3.1622776601683795,6.4031242374328485,10.770329614269007,12.36931687685298,14.317821063276352,15.297058540778355,15.132745950421555,12.165525060596437,12.08304597359457,17.4928556845359,16.15549442140351,14.866068747318506,17.0,18.38477631085024,18.027756377319946,16.15549442140351,12.806248474865697,12.041594578792296,13.92838827718412,1697810878.973948
28.0713376952364,27.16615541441225,28.160255680657446,27.018512172212592,27.073972741361768,23.194827009486403,23.086792761230395,21.213203435596427,20.09975124224178,20.223748416156685,19.4164878389476,16.55294535724685,12.529964086141668,12.041594578792296,12.206555615733702,13.0,13.038404810405298,15.297058540778355,15.811388300841898,16.55294535724685,17.0,19.697715603592208,19.235384061671343,19.235384061671343,20.12461179749811,17.46424919657298,17.029386365926403,19.026297590440446,16.0,16.278820596099706,14.317821063276352,13.341664064126334,10.295630140987,8.485281374238571,9.0,14.0356688476182,17.11724276862369,17.26267650163207,19.4164878389476,19.1049731745428,18.439088914585778,17.08800749063506,20.12461179749811,18.788294228055936,18.35755975068582,19.235384061671343,17.46424919657298,15.231546211727817,11.704699910719626,10.0,8.485281374238571,9.848857801796104,1697810879.1033075
28.65309756378881,27.730849247724095,27.29468812791236,27.29468812791236,25.942243542145697,23.706539182259394,22.360679774997898,21.470910553583888,20.12461179749811,19.697715603592208,18.38477631085024,15.132745950421555,13.038404810405298,12.041594578792294,11.180339887498949,14.560219778561038,15.811388300841896,18.027756377319946,14.317821063276352,17.029386365926403,17.029386365926403,20.024984394500787,18.027756377319946,19.1049731745428,20.09975124224178,17.11724276862369,17.0,18.867962264113206,16.401219466856727,16.278820596099706,14.866068747318504,12.727922061357857,11.180339887498949,9.055385138137417,9.848857801796104,14.212670403551895,15.556349186104047,18.439088914585774,21.93171219946131,21.400934559032695,17.804493814764854,16.401219466856727,19.209372712298546,17.204650534085253,19.4164878389476,14.866068747318504,16.278820596099706,12.529964086141668,10.295630140987,18.38477631085024,12.0,12.165525060596437,1697810879.1253495
32.2490309931942,32.7566787083184,30.413812651491096,31.256999216175565,26.1725046566048,25.317977802344327,24.186773244895647,20.09975124224178,22.360679774997898,17.26267650163207,22.847319317591726,16.401219466856727,14.422205101855958,12.041594578792296,14.422205101855958,15.524174696260024,16.0312195418814,17.46424919657298,19.924858845171276,18.38477631085024,20.6155281280883,21.931712199461305,21.540659228538015,23.259406699226012,24.16609194718914,19.924858845171276,22.02271554554524,22.02271554554524,16.0312195418814,18.027756377319946,16.492422502470642,13.0,8.485281374238571,11.40175425099138,16.0312195418814,17.0,16.0312195418814,19.6468827043885,20.39607805437114,21.587033144922902,17.720045146669353,21.095023109728988,20.248456731316587,20.591260281974,19.723082923316017,19.723082923316017,18.38477631085024,15.811388300841898,13.038404810405298,8.94427190999916,7.0710678118654755,8.602325267042627,1697810879.1497633
33.30165161069342,34.20526275297414,34.20526275297414,32.64965543462902,31.240998703626616,29.20616373302047,26.248809496813372,24.207436873820413,24.207436873820413,22.022715545545243,21.95449840010015,18.681541692269406,13.152946437965904,14.0356688476182,13.341664064126334,17.46424919657298,18.439088914585774,19.79898987322333,22.47220505424423,22.825424421026653,23.259406699226012,26.419689627245813,24.186773244895647,26.400757564888174,27.78488797889961,18.60107523773827,19.849433241279208,17.69180601295413,19.235384061671343,19.209372712298546,20.615528128088304,10.19803902718557,17.26267650163207,8.06225774829855,17.46424919657298,20.6155281280883,21.840329667841555,19.6468827043885,23.08679276123039,23.769728648009426,19.235384061671343,23.345235059857504,23.0,21.023796041628636,21.213203435596427,22.02271554554524,19.235384061671347,14.866068747318506,11.045361017187261,11.045361017187261,7.615773105863909,8.485281374238571,1697810879.1557648
29.1547594742265,30.06659275674582,29.068883707497264,27.294688127912362,27.459060435491963,25.179356624028344,23.345235059857504,21.213203435596427,20.39607805437114,20.024984394500787,20.024984394500787,16.76305461424021,13.92838827718412,13.416407864998739,13.601470508735444,16.970562748477143,18.35755975068582,18.973665961010276,19.924858845171276,21.587033144922902,20.39607805437114,23.194827009486403,20.615528128088304,21.840329667841555,23.08679276123039,19.313207915827967,18.439088914585774,17.69180601295413,17.029386365926403,15.811388300841896,13.416407864998739,13.038404810405298,8.06225774829855,10.0,7.0710678118654755,21.095023109728988,16.492422502470642,16.15549442140351,20.248456731316587,20.615528128088304,15.231546211727817,13.92838827718412,16.492422502470642,19.4164878389476,18.110770276274835,17.46424919657298,16.278820596099706,15.231546211727817,10.0,4.47213595499958,4.0,7.211102550927979,1697810879.1811008
29.017236257093817,29.27456233660889,25.179356624028344,24.0,22.02271554554524,19.1049731745428,23.021728866442675,20.0,20.024984394500787,19.026297590440446,19.235384061671347,18.973665961010276,16.278820596099706,17.204650534085253,14.866068747318506,21.633307652783937,39.698866482558415,18.60107523773827,20.615528128088304,21.095023109728988,17.69180601295413,21.023796041628636,29.68164415931166,20.248456731316587,28.844410203711917,15.620499351813308,11.180339887498949,17.26267650163207,7.615773105863909,13.601470508735444,4.47213595499958,5.8309518948453,7.810249675906654,5.8309518948453,10.770329614269007,14.317821063276352,16.1245154965971,14.866068747318506,18.027756377319946,17.720045146669353,15.0,17.029386365926403,16.970562748477143,17.69180601295413,17.69180601295413,17.029386365926403,16.278820596099706,15.0,11.313708498984761,10.295630140987,8.54400374531753,10.04987562112089,1697810879.2084942
22.203603311174515,22.47220505424423,22.80350850198276,22.47220505424423,16.401219466856727,18.027756377319946,13.038404810405298,14.7648230602334,18.60107523773827,19.209372712298546,23.3238075793812,22.561028345356952,22.80350850198276,15.811388300841896,17.08800749063506,16.278820596099706,10.295630140987,16.970562748477143,19.209372712298546,15.524174696260024,13.416407864998739,12.08304597359457,13.453624047073712,15.652475842498529,11.6619037896906,9.219544457292887,7.810249675906654,11.180339887498949,17.029386365926403,9.055385138137417,2.8284271247461903,12.0,14.0356688476182,6.0,6.0827625302982185,7.0,6.0827625302982185,11.313708498984761,18.35755975068582,8.06225774829855,5.099019513592785,9.219544457292889,12.649110640673518,13.038404810405298,16.15549442140351,16.55294535724685,16.492422502470642,17.46424919657298,12.041594578792294,9.219544457292889,7.810249675906654,10.63014581273465,1697810879.244593
28.30194339616981,25.80697580112788,25.059928172283335,29.73213749463701,25.80697580112788,19.79898987322333,18.38477631085024,24.839484696748443,23.3452350598575,25.612496949731394,24.186773244895647,25.0,18.60107523773827,22.203603311174515,25.553864678361276,30.528675044947498,23.08679276123039,31.40063693621516,18.35755975068582,20.248456731316587,19.235384061671347,21.840329667841555,18.0,21.023796041628636,19.1049731745428,15.03329637837291,17.08800749063506,12.36931687685298,14.0,13.92838827718412,10.63014581273465,15.264337522473749,3.1622776601683795,10.04987562112089,10.0,10.19803902718557,11.0,23.021728866442675,20.12461179749811,22.847319317591726,14.317821063276352,19.4164878389476,26.248809496813376,20.6155281280883,20.615528128088304,27.018512172212592,24.041630560342615,29.27456233660889,20.0,20.12461179749811,17.029386365926403,17.029386365926403,1697810879.2843854
25.495097567963924,28.30194339616981,32.802438933713454,27.018512172212596,27.202941017470888,22.47220505424423,24.69817807045694,29.1547594742265,28.844410203711917,26.92582403567252,31.38470965295043,28.284271247461902,21.213203435596427,13.601470508735444,19.697715603592208,21.400934559032695,17.804493814764854,21.02379604162864,19.0,16.278820596099706,11.6619037896906,9.848857801796104,13.892443989449806,13.416407864998739,17.4928556845359,13.601470508735444,16.76305461424021,19.924858845171276,15.811388300841898,15.03329637837291,16.1245154965971,15.132745950421555,13.0,9.219544457292889,7.810249675906654,10.19803902718557,13.0,18.0,24.186773244895647,25.01999200639361,24.020824298928627,26.076809620810597,26.248809496813376,24.16609194718914,18.35755975068582,23.853720883753127,22.825424421026653,20.518284528683193,19.1049731745428,16.55294535724685,15.811388300841898,19.026297590440446,1697810879.3773413
25.942243542145697,27.730849247724095,33.95585369269929,28.460498941515414,28.23118842698621,28.861739379323623,28.635642126552703,26.92582403567252,28.861739379323623,25.709920264364882,25.0,25.0,26.1725046566048,21.377558326431952,20.024984394500787,21.023796041628636,17.11724276862369,11.704699910719626,11.6619037896906,15.556349186104047,18.867962264113206,13.601470508735444,13.892443989449806,17.26267650163207,17.029386365926403,14.0356688476182,17.88854381999832,18.973665961010276,19.313207915827967,18.027756377319946,17.0,17.4928556845359,14.317821063276352,12.041594578792296,9.0,13.92838827718412,15.620499351813308,13.601470508735444,20.615528128088304,24.207436873820413,19.1049731745428,24.413111231467404,25.059928172283335,26.076809620810597,24.186773244895647,26.419689627245813,23.853720883753127,23.259406699226012,17.029386365926403,17.029386365926403,12.08304597359457,15.264337522473749,1697810879.385326
25.942243542145697,27.730849247724095,33.95585369269929,28.460498941515414,28.23118842698621,28.861739379323623,28.635642126552703,26.92582403567252,28.861739379323623,25.709920264364882,25.0,52.80151512977635,46.40043103248072,38.600518131237564,37.013511046643494,36.06937759374287,31.906112267087636,21.095023109728984,22.02271554554524,23.259406699226012,26.076809620810597,29.0,28.284271247461902,31.144823004794873,35.4682957019364,31.064449134018133,29.68164415931166,35.805027579936315,33.83784863137726,31.780497164141405,17.0,32.64965543462902,26.92582403567252,17.26267650163207,9.486832980505138,10.63014581273465,27.29468812791236,13.601470508735444,20.615528128088304,24.207436873820413,19.1049731745428,24.413111231467404,25.059928172283335,26.076809620810597,24.186773244895647,26.419689627245813,23.853720883753127,44.0,37.85498646149539,34.48187929913334,33.941125496954285,36.61966684720111,1697810879.3903253
16.0312195418814,26.400757564888174,36.06937759374287,14.560219778561038,30.083217912982644,22.80350850198276,22.561028345356952,10.295630140987,20.39607805437114,30.0,13.341664064126334,19.849433241279208,21.023796041628636,14.212670403551895,9.0,13.92838827718412,15.811388300841898,11.40175425099138,3.0,6.0,9.219544457292887,13.341664064126334,5.099019513592785,15.264337522473749,18.788294228055936,14.317821063276352,12.08304597359457,14.422205101855958,15.0,12.0,16.1245154965971,11.40175425099138,9.848857801796104,5.8309518948453,17.08800749063506,9.433981132056603,14.317821063276352,13.92838827718412,16.1245154965971,25.179356624028344,9.848857801796104,15.620499351813308,15.264337522473749,27.29468812791236,15.231546211727817,17.69180601295413,24.207436873820413,11.40175425099138,13.892443989449806,7.280109889280519,10.816653826391969,14.560219778561038,1697810879.4141774
28.178005607210743,28.0178514522438,30.610455730027933,26.627053911388693,28.30194339616981,25.0,25.059928172283335,24.207436873820413,23.60084744241189,24.08318915758459,21.93171219946131,22.203603311174515,17.0,14.212670403551895,13.416407864998739,15.652475842498529,14.7648230602334,10.19803902718557,11.704699910719626,12.529964086141668,11.704699910719626,14.866068747318504,20.6155281280883,20.8806130178211,18.60107523773827,14.317821063276352,18.439088914585774,18.60107523773827,14.422205101855958,14.866068747318504,14.422205101855958,18.439088914585774,14.7648230602334,10.63014581273465,8.54400374531753,15.811388300841898,14.866068747318504,12.041594578792296,18.439088914585774,18.60107523773827,22.022715545545243,21.95449840010015,26.076809620810597,23.3238075793812,21.931712199461305,20.12461179749811,20.12461179749811,18.35755975068582,14.866068747318506,14.142135623730951,13.038404810405298,13.92838827718412,1697810879.5252674
29.68164415931166,32.202484376209235,34.132096331752024,30.870698080866262,28.30194339616981,23.53720459187964,21.2602916254693,27.730849247724095,26.400757564888174,27.78488797889961,26.1725046566048,22.847319317591726,20.615528128088304,16.1245154965971,9.055385138137417,24.041630560342615,9.899494936611665,24.758836806279895,9.219544457292889,16.643316977093235,16.1245154965971,15.231546211727817,12.649110640673518,20.39607805437114,20.09975124224178,16.0312195418814,18.110770276274835,22.561028345356952,18.248287590894655,20.223748416156685,19.026297590440446,17.46424919657298,15.297058540778355,18.867962264113206,17.4928556845359,22.360679774997898,14.422205101855958,13.038404810405298,21.540659228538015,27.294688127912362,16.401219466856727,25.96150997149434,27.294688127912362,31.780497164141405,28.792360097775934,19.924858845171276,31.304951684997057,12.36931687685298,16.76305461424021,23.021728866442675,14.866068747318504,11.704699910719626,1697810879.5545568
24.16609194718914,25.0,24.515301344262525,21.587033144922902,21.931712199461305,18.439088914585778,25.709920264364882,19.026297590440446,25.495097567963924,27.294688127912362,20.591260281974,16.0,20.024984394500787,16.492422502470642,10.63014581273465,21.02379604162864,9.486832980505138,30.083217912982647,7.615773105863909,9.433981132056603,13.416407864998739,14.0,8.602325267042627,14.317821063276352,11.180339887498949,13.038404810405298,17.720045146669353,18.439088914585778,10.770329614269007,19.4164878389476,13.038404810405298,11.704699910719626,7.615773105863909,8.485281374238571,6.708203932499369,9.219544457292889,9.486832980505138,12.08304597359457,13.453624047073712,16.401219466856727,15.620499351813308,15.811388300841896,17.804493814764854,19.79898987322333,19.79898987322333,19.209372712298546,16.401219466856727,16.401219466856727,10.63014581273465,12.649110640673518,13.152946437965904,14.317821063276352,1697810879.5681121
25.495097567963924,27.29468812791236,36.124783736376884,20.6155281280883,14.0,16.1245154965971,16.15549442140351,19.4164878389476,18.788294228055936,19.1049731745428,18.973665961010276,13.892443989449806,14.317821063276352,18.35755975068582,16.1245154965971,14.142135623730951,13.601470508735444,13.92838827718412,10.19803902718557,6.324555320336759,9.219544457292889,4.242640687119286,10.44030650891055,12.649110640673518,14.317821063276352,11.180339887498949,13.152946437965904,16.278820596099706,14.0356688476182,13.038404810405298,14.0,10.44030650891055,9.433981132056603,8.54400374531753,9.433981132056603,8.602325267042627,7.211102550927979,7.0710678118654755,11.6619037896906,12.08304597359457,7.0,21.02379604162864,22.472205054244235,13.92838827718412,18.027756377319946,16.278820596099706,17.46424919657298,15.264337522473749,11.40175425099138,10.295630140987,11.180339887498949,18.38477631085024,1697810879.6080506
30.413812651491096,30.083217912982647,15.264337522473749,33.95585369269929,2.0,22.627416997969522,17.69180601295413,16.643316977093235,20.0,25.0,26.076809620810597,19.924858845171276,11.0,17.804493814764854,17.46424919657298,14.142135623730951,7.810249675906654,12.727922061357857,9.848857801796104,12.727922061357857,7.810249675906654,5.0,10.816653826391969,12.041594578792294,15.0,11.704699910719626,16.55294535724685,16.492422502470642,16.492422502470642,12.529964086141668,8.94427190999916,12.165525060596437,15.556349186104047,2.0,4.123105625617661,12.649110640673518,4.242640687119286,19.723082923316017,10.295630140987,17.46424919657298,21.95449840010015,20.518284528683193,12.08304597359457,21.587033144922902,19.1049731745428,19.4164878389476,17.26267650163207,20.12461179749811,13.0,15.524174696260024,16.643316977093235,11.40175425099138,1697810879.6420288
33.24154027718932,25.96150997149434,27.658633371878665,22.090722034374522,17.11724276862369,24.020824298928627,6.324555320336759,19.1049731745428,18.0,17.720045146669353,15.652475842498529,20.024984394500787,13.0,14.142135623730951,10.19803902718557,9.219544457292889,12.649110640673518,18.439088914585774,11.180339887498949,8.246211251235321,5.0,1.0,10.770329614269007,15.132745950421555,14.142135623730951,15.652475842498529,8.246211251235321,14.560219778561038,12.36931687685298,11.180339887498949,8.602325267042627,11.6619037896906,8.94427190999916,10.0,7.810249675906654,6.708203932499369,7.615773105863909,10.44030650891055,14.142135623730951,12.529964086141668,13.152946437965904,13.152946437965904,14.0356688476182,17.46424919657298,17.720045146669353,18.027756377319946,15.0,13.341664064126334,10.770329614269007,12.806248474865697,7.211102550927979,9.848857801796104,1697810879.6540298
12.206555615733702,27.294688127912362,20.248456731316587,17.46424919657298,20.09975124224178,15.524174696260024,19.697715603592208,13.341664064126334,14.866068747318506,13.601470508735444,14.0356688476182,13.038404810405298,14.866068747318504,13.152946437965904,7.0,6.4031242374328485,12.529964086141668,5.099019513592785,7.0710678118654755,12.165525060596437,15.03329637837291,7.810249675906654,14.0356688476182,11.704699910719626,18.973665961010276,15.0,10.04987562112089,17.08800749063506,14.317821063276352,16.492422502470642,12.36931687685298,12.08304597359457,8.54400374531753,10.770329614269007,15.0,6.4031242374328485,8.602325267042627,11.045361017187261,10.19803902718557,20.248456731316587,15.231546211727817,16.1245154965971,13.601470508735444,15.524174696260024,17.029386365926403,19.026297590440446,14.866068747318506,15.811388300841898,14.422205101855958,10.0,14.7648230602334,9.219544457292887,1697810879.6845891
15.03329637837291,10.770329614269007,25.079872407968903,9.433981132056603,13.341664064126334,15.811388300841896,14.866068747318504,15.03329637837291,15.231546211727817,18.0,23.086792761230395,30.06659275674582,26.248809496813376,16.0312195418814,13.038404810405298,17.4928556845359,17.88854381999832,12.529964086141668,7.211102550927979,7.0710678118654755,10.44030650891055,6.0,9.219544457292889,14.866068747318504,11.704699910719626,9.433981132056603,12.806248474865697,13.416407864998739,10.816653826391969,10.63014581273465,12.165525060596437,11.704699910719626,9.433981132056603,7.0,17.720045146669353,7.810249675906654,14.317821063276352,9.055385138137417,16.55294535724685,17.204650534085253,18.38477631085024,13.0,13.416407864998739,22.360679774997898,15.264337522473749,17.08800749063506,14.317821063276352,17.46424919657298,15.03329637837291,14.142135623730951,13.0,17.720045146669353,1697810879.7091637
21.095023109728988,24.186773244895647,25.079872407968903,26.907248094147423,28.160255680657446,27.78488797889961,20.248456731316587,23.345235059857504,28.442925306655788,21.0,31.064449134018133,41.43669871020132,16.15549442140351,18.439088914585778,15.811388300841896,19.924858845171276,12.529964086141668,20.248456731316587,15.231546211727817,9.486832980505138,8.06225774829855,10.04987562112089,15.620499351813308,16.643316977093235,11.40175425099138,9.219544457292887,13.892443989449806,18.38477631085024,16.401219466856727,21.931712199461305,15.0,13.601470508735444,11.313708498984761,3.6055512754639896,9.055385138137417,7.0710678118654755,10.63014581273465,21.2602916254693,15.264337522473749,13.892443989449806,25.495097567963924,25.079872407968903,25.0,23.53720459187964,25.059928172283335,24.083189157584588,26.400757564888174,21.540659228538015,21.587033144922902,22.561028345356952,18.439088914585778,16.76305461424021,1697810879.7477405
26.019223662515373,31.780497164141405,20.248456731316587,16.76305461424021,22.022715545545243,22.472205054244235,21.931712199461305,19.209372712298546,23.430749027719962,27.58622844826744,27.65863337187866,27.78488797889961,29.410882339705484,22.022715545545243,26.627053911388693,29.68164415931166,27.313000567495326,18.35755975068582,10.0,21.2602916254693,5.385164807134504,10.0,2.23606797749979,6.0827625302982185,4.123105625617661,7.0710678118654755,8.06225774829855,10.0,10.19803902718557,14.0,14.0,7.280109889280519,15.03329637837291,12.041594578792294,6.324555320336759,5.8309518948453,5.0,7.0710678118654755,12.36931687685298,17.26267650163207,14.142135623730951,13.601470508735444,21.95449840010015,22.47220505424423,24.413111231467404,24.413111231467404,25.612496949731394,29.0,25.495097567963924,25.059928172283335,21.470910553583888,23.194827009486403,1697810879.8356586
12.727922061357857,20.12461179749811,12.649110640673518,5.385164807134504,18.867962264113206,15.652475842498529,18.027756377319946,18.027756377319946,20.0,24.083189157584588,26.476404589747453,32.28002478313795,30.870698080866262,25.079872407968903,28.460498941515414,26.570660511172843,21.02379604162864,21.377558326431952,23.853720883753127,20.8806130178211,18.867962264113206,13.601470508735444,12.529964086141668,10.816653826391969,8.485281374238571,2.23606797749979,3.6055512754639896,3.1622776601683795,5.385164807134504,10.770329614269007,9.055385138137417,18.439088914585778,14.560219778561038,14.866068747318506,9.219544457292889,5.8309518948453,2.23606797749979,6.324555320336759,7.615773105863909,16.1245154965971,10.816653826391969,15.0,16.401219466856727,23.430749027719962,24.16609194718914,27.80287754891569,26.248809496813372,27.80287754891569,25.612496949731394,26.627053911388693,23.259406699226012,22.135943621178658,1697810879.9747598
18.439088914585778,11.704699910719626,19.235384061671343,7.0710678118654755,14.0,17.029386365926403,22.022715545545243,20.518284528683193,20.248456731316587,22.135943621178658,18.439088914585774,13.416407864998739,21.95449840010015,16.278820596099706,19.849433241279208,19.1049731745428,14.866068747318506,16.278820596099706,12.041594578792296,15.0,9.486832980505138,9.486832980505138,16.55294535724685,7.0710678118654755,14.422205101855958,15.231546211727817,16.76305461424021,17.69180601295413,12.165525060596437,12.0,8.602325267042627,12.727922061357857,14.0356688476182,9.899494936611665,10.0,4.123105625617661,5.385164807134504,9.219544457292887,13.038404810405298,9.486832980505138,16.1245154965971,18.681541692269406,20.12461179749811,5.656854249492381,10.44030650891055,12.649110640673518,24.758836806279895,9.219544457292887,20.615528128088304,11.180339887498949,13.601470508735444,18.248287590894655,1697810881.0786958
28.284271247461902,10.63014581273465,25.298221281347036,23.853720883753127,19.313207915827967,17.08800749063506,17.08800749063506,14.866068747318504,10.0,20.024984394500787,31.780497164141405,26.248809496813376,4.123105625617661,23.086792761230395,21.540659228538015,21.377558326431952,16.0312195418814,24.331050121192874,11.6619037896906,19.1049731745428,18.681541692269406,17.46424919657298,19.313207915827967,16.643316977093235,17.0,13.453624047073712,9.219544457292887,22.090722034374522,12.529964086141668,14.866068747318506,14.7648230602334,13.038404810405298,10.63014581273465,10.04987562112089,4.242640687119286,7.0710678118654755,7.280109889280519,10.0,15.132745950421555,10.295630140987,20.615528128088304,17.46424919657298,20.8806130178211,21.931712199461305,26.076809620810597,17.88854381999832,20.248456731316587,19.697715603592208,18.027756377319946,12.806248474865697,10.295630140987,13.0,1697810881.088691
24.020824298928627,19.1049731745428,17.4928556845359,15.811388300841896,14.7648230602334,18.027756377319946,21.377558326431952,16.278820596099706,24.596747752497688,23.430749027719962,22.20360331117452,15.264337522473749,11.40175425099138,11.6619037896906,9.899494936611665,17.11724276862369,18.973665961010276,17.0,18.027756377319946,21.931712199461305,12.206555615733702,17.804493814764854,18.38477631085024,19.4164878389476,14.317821063276352,19.1049731745428,15.231546211727817,16.401219466856727,11.6619037896906,22.022715545545243,20.024984394500787,14.317821063276352,17.720045146669353,10.19803902718557,6.0827625302982185,7.211102550927979,9.486832980505138,11.40175425099138,16.401219466856727,18.867962264113206,12.041594578792296,23.021728866442675,15.811388300841898,19.4164878389476,20.024984394500787,18.027756377319946,20.223748416156685,13.038404810405298,16.1245154965971,17.88854381999832,15.0,13.038404810405298,1697810881.1134703
20.591260281974,24.207436873820413,25.495097567963924,25.455844122715714,24.758836806279895,24.758836806279895,24.207436873820413,25.0,24.16609194718914,23.259406699226012,27.29468812791236,26.400757564888174,20.591260281974,8.0,22.090722034374522,28.160255680657446,29.27456233660889,23.086792761230395,22.20360331117452,20.615528128088304,17.0,18.973665961010276,18.35755975068582,20.248456731316587,22.360679774997898,18.788294228055936,19.6468827043885,20.615528128088304,30.528675044947498,19.235384061671347,16.76305461424021,27.073972741361768,15.03329637837291,10.04987562112089,7.615773105863909,9.848857801796104,14.317821063276352,14.0356688476182,19.026297590440446,21.0,19.026297590440446,23.0,22.135943621178658,24.041630560342615,26.248809496813376,23.769728648009426,24.16609194718914,21.470910553583888,16.643316977093235,16.278820596099706,14.422205101855958,15.231546211727817,1697810881.1519692
9.433981132056603,16.15549442140351,14.422205101855958,18.027756377319946,22.847319317591726,18.867962264113206,34.92849839314596,23.853720883753127,22.02271554554524,11.40175425099138,29.427877939124325,14.0356688476182,19.026297590440446,16.0312195418814,20.223748416156685,26.019223662515373,16.1245154965971,19.6468827043885,16.15549442140351,15.652475842498529,14.866068747318504,17.204650534085253,14.866068747318504,16.1245154965971,18.439088914585774,14.317821063276352,12.08304597359457,18.027756377319946,16.55294535724685,18.248287590894655,15.231546211727817,14.317821063276352,12.0,6.0,5.385164807134504,8.06225774829855,11.180339887498949,7.0,10.0,17.46424919657298,18.248287590894655,12.727922061357857,21.18962010041709,17.029386365926403,25.80697580112788,16.970562748477143,19.849433241279208,17.029386365926403,13.038404810405298,14.866068747318506,12.165525060596437,14.142135623730951,1697810881.158971
21.470910553583888,23.021728866442675,24.839484696748443,28.31960451701259,26.1725046566048,23.3452350598575,21.2602916254693,24.758836806279895,22.671568097509265,23.3452350598575,21.93171219946131,22.022715545545243,19.1049731745428,19.209372712298546,13.601470508735444,25.079872407968903,14.142135623730951,16.492422502470642,13.038404810405298,15.524174696260024,14.866068747318506,13.038404810405298,17.88854381999832,27.202941017470888,17.804493814764854,16.1245154965971,18.788294228055936,19.4164878389476,19.1049731745428,20.09975124224178,19.026297590440446,17.0,15.132745950421555,6.708203932499369,3.0,8.06225774829855,11.0,14.866068747318506,16.1245154965971,16.278820596099706,18.248287590894655,17.720045146669353,21.931712199461305,21.95449840010015,18.027756377319946,22.47220505424423,22.80350850198276,19.79898987322333,16.278820596099706,14.317821063276352,15.811388300841898,13.152946437965904,1697810881.1847432
21.18962010041709,22.80350850198276,24.73863375370596,24.331050121192874,23.194827009486403,23.345235059857504,23.086792761230395,24.0,22.02271554554524,19.026297590440446,21.023796041628636,20.024984394500787,15.03329637837291,16.0,18.110770276274835,16.76305461424021,16.15549442140351,13.038404810405298,16.278820596099706,15.652475842498529,10.44030650891055,15.524174696260024,13.416407864998739,15.0,17.11724276862369,15.132745950421555,14.317821063276352,22.472205054244235,21.18962010041709,17.46424919657298,17.720045146669353,14.317821063276352,12.806248474865697,10.0,8.602325267042627,7.0,11.6619037896906,24.08318915758459,27.58622844826744,19.79898987322333,15.620499351813308,19.924858845171276,18.027756377319946,25.942243542145697,24.698178070456937,24.041630560342615,21.18962010041709,19.6468827043885,15.524174696260024,17.26267650163207,15.524174696260024,15.524174696260024,1697810881.1907458
19.849433241279208,20.518284528683193,23.430749027719962,22.80350850198276,22.022715545545243,20.615528128088304,22.203603311174515,21.400934559032695,20.518284528683193,19.79898987322333,15.652475842498529,13.416407864998739,13.601470508735444,12.529964086141668,13.92838827718412,16.76305461424021,14.0356688476182,13.152946437965904,14.560219778561038,14.422205101855958,13.453624047073712,14.212670403551895,14.142135623730951,17.029386365926403,18.867962264113206,16.55294535724685,15.0,19.4164878389476,16.970562748477143,18.439088914585774,17.029386365926403,13.453624047073712,11.180339887498949,11.180339887498949,7.0710678118654755,11.6619037896906,14.212670403551895,11.40175425099138,15.811388300841898,20.248456731316587,13.92838827718412,15.297058540778355,20.09975124224178,18.110770276274835,20.615528128088304,20.39607805437114,17.720045146669353,19.313207915827967,18.973665961010276,15.231546211727817,13.601470508735444,12.806248474865697,1697810881.1997488
26.248809496813372,23.259406699226012,36.49657518178931,29.068883707497267,31.32091952673165,39.293765408777,21.0,10.770329614269007,20.09975124224178,19.235384061671343,18.788294228055936,8.06225774829855,12.529964086141668,7.280109889280519,15.03329637837291,13.038404810405298,19.4164878389476,12.529964086141668,9.899494936611665,14.866068747318504,14.317821063276352,14.317821063276352,14.317821063276352,20.39607805437114,21.587033144922902,17.26267650163207,22.135943621178658,24.186773244895647,24.698178070456937,19.849433241279208,9.848857801796104,18.973665961010276,21.2602916254693,13.416407864998739,12.806248474865697,7.0710678118654755,14.142135623730951,20.248456731316587,12.041594578792296,22.825424421026653,27.80287754891569,4.0,26.019223662515373,22.472205054244235,15.811388300841898,23.086792761230395,26.1725046566048,22.02271554554524,17.26267650163207,17.11724276862369,23.53720459187964,17.4928556845359,1697810881.2056885
22.0,23.0,25.01999200639361,22.090722034374522,21.377558326431952,22.20360331117452,19.026297590440446,19.6468827043885,20.223748416156685,19.4164878389476,19.235384061671347,15.524174696260024,15.297058540778355,13.038404810405298,6.324555320336759,6.0,8.485281374238571,12.08304597359457,12.08304597359457,15.524174696260024,12.0,17.0,15.03329637837291,20.615528128088304,24.73863375370596,17.46424919657298,21.540659228538015,27.294688127912362,18.110770276274835,27.018512172212592,21.377558326431952,16.76305461424021,15.652475842498529,14.317821063276352,11.40175425099138,11.180339887498949,14.7648230602334,15.231546211727817,20.591260281974,21.470910553583888,20.6155281280883,21.540659228538015,23.769728648009423,23.769728648009426,23.259406699226012,19.697715603592208,19.313207915827967,16.15549442140351,14.560219778561038,13.038404810405298,12.0,12.165525060596437,1697810881.4056246
22.0,23.0,25.01999200639361,22.090722034374522,21.377558326431952,22.20360331117452,41.23105625617661,41.400483088968905,45.69463863518345,19.4164878389476,47.29693436154187,15.524174696260024,13.152946437965904,23.430749027719962,24.73863375370596,34.014702703389894,17.46424919657298,16.0312195418814,19.235384061671343,35.38361202590826,25.059928172283335,31.256999216175565,30.870698080866262,35.35533905932738,24.73863375370596,17.46424919657298,21.540659228538015,27.294688127912362,18.110770276274835,27.018512172212592,21.377558326431952,16.76305461424021,29.832867780352593,22.825424421026653,14.866068747318506,11.180339887498949,14.7648230602334,15.231546211727817,20.591260281974,21.470910553583888,20.6155281280883,21.540659228538015,23.769728648009423,23.769728648009426,23.259406699226012,45.17742799230607,47.01063709417264,39.21734310225516,29.1547594742265,31.144823004794873,27.459060435491963,24.413111231467404,1697810881.4146335
20.39607805437114,23.769728648009423,24.351591323771842,23.40939982143925,23.769728648009423,22.135943621178658,22.80350850198276,22.472205054244235,21.18962010041709,20.6155281280883,19.924858845171276,16.15549442140351,10.770329614269007,10.44030650891055,7.810249675906654,6.708203932499369,7.615773105863909,6.4031242374328485,7.0710678118654755,13.152946437965904,12.36931687685298,13.0,16.0312195418814,17.029386365926403,20.223748416156685,18.110770276274835,19.6468827043885,22.135943621178658,21.095023109728984,18.439088914585778,16.76305461424021,14.142135623730951,11.704699910719626,10.63014581273465,14.422205101855958,15.524174696260024,15.0,18.027756377319946,18.248287590894655,19.1049731745428,18.681541692269406,21.02379604162864,24.186773244895647,20.8806130178211,21.840329667841555,15.811388300841898,20.09975124224178,7.280109889280519,19.723082923316017,14.0,21.540659228538015,12.649110640673518,1697810881.421622
19.723082923316017,19.313207915827967,20.248456731316587,19.235384061671343,19.697715603592208,20.808652046684813,24.758836806279895,19.4164878389476,18.973665961010276,23.706539182259394,26.476404589747453,23.345235059857504,19.6468827043885,16.76305461424021,15.132745950421555,12.165525060596437,7.615773105863909,9.219544457292887,15.652475842498529,9.433981132056603,12.0,18.248287590894655,16.278820596099706,20.09975124224178,19.026297590440446,20.223748416156685,12.649110640673518,22.20360331117452,19.1049731745428,27.313000567495326,24.041630560342615,18.973665961010276,10.816653826391969,12.806248474865697,17.4928556845359,16.401219466856727,12.806248474865697,13.341664064126334,14.560219778561038,18.027756377319946,19.4164878389476,22.090722034374522,23.0,23.53720459187964,20.09975124224178,18.027756377319946,19.026297590440446,13.152946437965904,5.385164807134504,12.165525060596437,10.44030650891055,11.045361017187261,1697810881.4276247
22.203603311174515,25.0,27.018512172212596,25.0,24.08318915758459,24.08318915758459,25.495097567963924,26.1725046566048,21.93171219946131,21.2602916254693,24.08318915758459,19.4164878389476,16.401219466856727,12.806248474865697,11.180339887498949,8.06225774829855,7.810249675906654,5.8309518948453,8.54400374531753,12.08304597359457,14.142135623730951,15.620499351813308,15.556349186104047,19.1049731745428,21.93171219946131,19.849433241279208,20.0,23.853720883753127,22.47220505424423,22.47220505424423,19.4164878389476,18.867962264113206,16.1245154965971,11.40175425099138,11.0,11.6619037896906,16.401219466856727,17.804493814764854,20.518284528683193,22.022715545545243,22.022715545545243,21.93171219946131,25.612496949731394,23.3452350598575,21.93171219946131,20.615528128088304,19.1049731745428,16.278820596099706,13.416407864998739,13.601470508735444,12.36931687685298,12.165525060596437,1697810881.4366217
21.633307652783937,23.853720883753127,26.419689627245813,25.942243542145697,25.059928172283335,23.706539182259394,24.16609194718914,22.847319317591726,24.16609194718914,23.40939982143925,22.472205054244235,19.6468827043885,15.524174696260024,13.341664064126334,10.0,8.246211251235321,5.0,5.385164807134504,8.485281374238571,12.529964086141668,15.297058540778355,15.297058540778355,16.492422502470642,19.924858845171276,21.587033144922902,20.615528128088304,21.540659228538015,23.706539182259394,23.706539182259394,24.596747752497688,21.931712199461305,20.6155281280883,17.88854381999832,14.422205101855958,12.806248474865697,14.560219778561038,17.029386365926403,19.0,22.090722034374522,23.021728866442675,23.021728866442675,23.345235059857504,25.495097567963924,24.186773244895647,23.086792761230395,22.090722034374522,20.024984394500787,17.029386365926403,13.341664064126334,12.529964086141668,13.038404810405298,12.206555615733702,1697810881.451872
23.430749027719962,25.0,28.844410203711917,27.459060435491963,26.92582403567252,24.69817807045694,26.076809620810597,24.69817807045694,25.553864678361276,25.495097567963924,23.259406699226012,20.8806130178211,15.811388300841898,13.601470508735444,10.04987562112089,9.0,3.6055512754639896,3.1622776601683795,6.4031242374328485,12.806248474865697,14.317821063276352,13.038404810405298,17.26267650163207,18.681541692269406,20.615528128088304,19.1049731745428,20.6155281280883,21.470910553583888,21.470910553583888,24.596747752497688,21.02379604162864,18.35755975068582,17.0,12.206555615733702,11.6619037896906,12.36931687685298,16.0312195418814,17.029386365926403,21.377558326431952,23.021728866442675,25.179356624028344,22.561028345356952,25.709920264364882,26.1725046566048,22.561028345356952,20.39607805437114,18.248287590894655,17.26267650163207,11.704699910719626,13.038404810405298,12.806248474865697,11.40175425099138,1697810881.4588752
19.697715603592208,21.931712199461305,24.16609194718914,24.351591323771842,23.08679276123039,21.540659228538015,23.769728648009426,22.135943621178658,22.135943621178658,21.587033144922902,20.39607805437114,18.110770276274835,16.0312195418814,12.0,9.055385138137417,8.54400374531753,5.0,6.324555320336759,7.810249675906654,12.165525060596437,14.0356688476182,14.142135623730951,17.11724276862369,24.020824298928627,23.021728866442675,19.026297590440446,21.840329667841555,24.351591323771842,24.698178070456937,21.840329667841555,22.360679774997898,18.973665961010276,17.720045146669353,11.6619037896906,17.88854381999832,15.297058540778355,18.38477631085024,19.924858845171276,17.26267650163207,13.038404810405298,23.0,22.20360331117452,29.1547594742265,22.02271554554524,23.086792761230395,20.09975124224178,21.0,16.0312195418814,14.142135623730951,8.94427190999916,13.601470508735444,9.848857801796104,1697810881.4683905
23.194827009486403,30.59411708155671,29.017236257093817,27.459060435491963,23.0,19.0,26.305892875931807,26.305892875931807,24.515301344262525,23.40939982143925,21.377558326431952,27.0,13.453624047073712,13.0,7.280109889280519,2.23606797749979,5.0,4.47213595499958,3.6055512754639896,16.0,15.620499351813308,17.804493814764854,16.643316977093235,16.278820596099706,17.0,18.681541692269406,22.472205054244235,20.024984394500787,24.0,19.235384061671347,17.029386365926403,24.0,18.027756377319946,12.36931687685298,10.770329614269007,9.486832980505138,15.556349186104047,25.0,20.6155281280883,23.769728648009426,22.847319317591726,22.80350850198276,23.194827009486403,22.561028345356952,22.135943621178658,21.377558326431952,20.39607805437114,18.788294228055936,16.1245154965971,12.0,12.041594578792294,12.041594578792296,1697810881.4733891
41.62931659299729,40.521599178709614,48.08326112068523,27.459060435491963,38.58756276314948,39.20459156782532,26.305892875931807,26.305892875931807,24.515301344262525,42.755116652863904,21.377558326431952,35.11409973215888,24.73863375370596,13.0,5.8309518948453,20.615528128088304,15.652475842498529,26.248809496813376,27.073972741361768,19.209372712298546,35.38361202590826,26.832815729997478,17.08800749063506,29.068883707497267,31.144823004794873,31.240998703626616,22.472205054244235,20.024984394500787,24.0,19.235384061671347,17.029386365926403,31.780497164141405,28.23118842698621,26.400757564888174,20.248456731316587,9.486832980505138,16.76305461424021,25.0,20.6155281280883,23.769728648009426,22.847319317591726,22.80350850198276,42.80186911806539,22.561028345356952,35.22782990761707,38.897300677553446,46.690470119715,34.655446902326915,26.400757564888174,21.540659228538015,27.29468812791236,25.298221281347036,1697810881.4833915
24.186773244895647,26.019223662515373,30.01666203960727,28.017851452243796,28.0713376952364,24.083189157584588,27.073972741361768,26.1725046566048,26.1725046566048,25.495097567963924,23.769728648009423,21.540659228538015,17.88854381999832,16.15549442140351,13.0,11.180339887498949,6.0827625302982185,11.40175425099138,13.038404810405298,11.40175425099138,14.866068747318504,14.212670403551895,15.811388300841896,20.0,22.022715545545243,19.209372712298546,19.4164878389476,24.186773244895647,26.627053911388693,22.203603311174515,23.706539182259394,22.671568097509265,18.38477631085024,12.36931687685298,12.165525060596437,13.0,14.866068747318506,20.6155281280883,18.788294228055936,26.92582403567252,24.69817807045694,23.60084744241189,29.154759474226502,24.186773244895647,25.0,23.3238075793812,21.95449840010015,17.46424919657298,15.264337522473749,12.041594578792296,13.453624047073712,10.63014581273465,1697810881.4893928
23.345235059857504,32.55764119219941,32.14031735997639,30.413812651491096,30.80584360149873,26.019223662515373,23.345235059857504,20.024984394500787,20.024984394500787,31.0,14.142135623730951,15.556349186104047,20.8806130178211,13.0,21.0,2.0,12.36931687685298,13.601470508735444,6.708203932499369,17.0,17.0,12.649110640673518,10.816653826391969,13.892443989449806,20.615528128088304,18.60107523773827,21.2602916254693,21.213203435596427,22.47220505424423,24.08318915758459,25.0,19.849433241279208,16.643316977093235,15.231546211727817,14.212670403551895,16.15549442140351,20.12461179749811,17.08800749063506,22.561028345356952,26.400757564888174,27.202941017470888,23.40939982143925,26.0,23.40939982143925,24.698178070456937,20.8806130178211,18.439088914585778,17.11724276862369,12.08304597359457,14.422205101855958,13.416407864998739,14.212670403551895,1697810881.4964132
41.2310562561766,48.46648326421053,32.14031735997639,30.413812651491096,30.80584360149873,26.019223662515373,23.345235059857504,20.024984394500787,20.024984394500787,33.13608305156178,35.90264614203249,28.0178514522438,42.1070065428546,17.26267650163207,25.495097567963924,29.27456233660889,4.0,15.620499351813308,22.203603311174515,21.095023109728984,27.658633371878665,28.31960451701259,37.57658845611187,37.65634076752546,20.615528128088304,18.60107523773827,35.05709628591621,21.213203435596427,22.47220505424423,24.08318915758459,25.0,19.849433241279208,29.427877939124325,15.231546211727817,27.78488797889961,27.58622844826744,20.12461179749811,17.08800749063506,22.561028345356952,26.400757564888174,27.202941017470888,23.40939982143925,26.0,23.40939982143925,42.05948168962618,41.88078318274385,33.12099032335839,34.40930106817051,33.0,28.0713376952364,24.0,17.26267650163207,1697810881.5114038
41.2310562561766,48.46648326421053,32.14031735997639,30.413812651491096,30.80584360149873,26.019223662515373,23.345235059857504,20.024984394500787,20.024984394500787,45.27692569068709,40.607881008493905,35.12833614050059,30.80584360149873,38.47076812334269,41.0,11.40175425099138,16.76305461424021,24.08318915758459,15.231546211727817,34.52535300326414,27.658633371878665,28.31960451701259,37.57658845611187,37.65634076752546,20.615528128088304,18.60107523773827,35.05709628591621,21.213203435596427,22.47220505424423,24.08318915758459,25.0,19.849433241279208,29.427877939124325,15.231546211727817,27.78488797889961,27.58622844826744,26.92582403567252,17.08800749063506,22.561028345356952,26.400757564888174,27.202941017470888,23.40939982143925,26.0,23.40939982143925,42.05948168962618,41.88078318274385,33.12099032335839,42.01190307520001,35.77708763999664,34.539832078341085,34.713109915419565,33.95585369269929,1697810881.5324292
21.633307652783937,25.0,27.018512172212596,26.1725046566048,24.041630560342618,23.3452350598575,24.041630560342618,24.08318915758459,23.430749027719962,20.615528128088304,21.2602916254693,18.027756377319946,14.422205101855958,12.206555615733702,9.848857801796104,7.0710678118654755,3.6055512754639896,4.47213595499958,7.810249675906654,11.6619037896906,14.560219778561038,16.278820596099706,15.524174696260024,18.973665961010276,20.8806130178211,19.6468827043885,20.12461179749811,22.360679774997898,22.360679774997898,22.360679774997898,20.12461179749811,18.788294228055936,16.1245154965971,13.601470508735444,13.038404810405298,14.560219778561038,18.027756377319946,18.027756377319946,22.02271554554524,23.021728866442675,22.0,24.020824298928627,26.076809620810597,24.0,23.021728866442675,21.023796041628636,19.0,16.0,13.341664064126334,13.416407864998739,13.416407864998739,12.529964086141668,1697810881.5544317
20.09975124224178,25.0,24.186773244895647,22.80350850198276,23.345235059857504,17.26267650163207,24.351591323771842,22.02271554554524,20.6155281280883,21.587033144922902,19.849433241279208,18.439088914585774,18.439088914585778,14.212670403551895,12.649110640673518,12.649110640673518,6.0827625302982185,5.8309518948453,8.06225774829855,12.529964086141668,20.248456731316587,16.15549442140351,19.723082923316017,22.80350850198276,25.298221281347036,13.92838827718412,19.026297590440446,17.26267650163207,26.0,25.942243542145697,17.69180601295413,24.083189157584588,18.38477631085024,13.892443989449806,11.6619037896906,18.681541692269406,14.866068747318506,17.46424919657298,21.587033144922902,21.18962010041709,20.6155281280883,22.80350850198276,23.769728648009423,21.840329667841555,19.6468827043885,20.6155281280883,18.867962264113206,14.7648230602334,13.341664064126334,14.0,14.0356688476182,11.180339887498949,1697810881.567
20.12461179749811,30.14962686336267,27.202941017470888,23.40939982143925,21.095023109728984,15.0,14.422205101855958,20.024984394500787,21.023796041628636,9.219544457292889,32.7566787083184,11.045361017187261,4.123105625617661,17.0,6.324555320336759,9.219544457292889,5.8309518948453,6.0,3.6055512754639896,16.1245154965971,17.11724276862369,16.278820596099706,16.15549442140351,18.248287590894655,22.090722034374522,21.023796041628636,23.706539182259394,25.059928172283335,18.027756377319946,21.400934559032695,20.248456731316587,18.35755975068582,18.027756377319946,9.848857801796104,13.453624047073712,14.142135623730951,21.213203435596427,24.186773244895647,22.20360331117452,25.0,20.8806130178211,32.31098884280702,26.076809620810597,27.658633371878665,25.079872407968907,19.235384061671343,20.248456731316587,21.840329667841555,18.60107523773827,10.816653826391969,17.69180601295413,15.556349186104047,1697810881.576995
17.26267650163207,20.0,23.769728648009423,18.248287590894655,21.840329667841555,19.235384061671347,18.681541692269406,20.223748416156685,20.39607805437114,18.973665961010276,19.924858845171276,15.264337522473749,10.44030650891055,11.704699910719626,8.54400374531753,8.485281374238571,4.47213595499958,5.656854249492381,7.0710678118654755,9.486832980505138,10.816653826391969,12.041594578792296,13.601470508735444,15.620499351813308,17.69180601295413,15.620499351813308,17.0,17.88854381999832,18.788294228055936,17.46424919657298,17.88854381999832,16.1245154965971,14.866068747318506,10.770329614269007,14.212670403551895,12.206555615733702,13.453624047073712,13.453624047073712,19.849433241279208,18.439088914585774,19.79898987322333,22.203603311174515,23.3452350598575,20.0,18.60107523773827,15.620499351813308,15.556349186104047,17.029386365926403,11.40175425099138,11.704699910719626,9.219544457292887,10.0,1697810881.5829957
18.867962264113206,20.591260281974,23.853720883753127,22.80350850198276,21.400934559032695,20.0,22.80350850198276,19.79898987322333,21.213203435596427,20.518284528683193,17.69180601295413,18.60107523773827,13.601470508735444,12.529964086141668,9.219544457292887,7.0710678118654755,2.0,2.23606797749979,2.0,9.219544457292889,8.94427190999916,14.0356688476182,21.095023109728984,23.021728866442675,16.0312195418814,16.0312195418814,20.0,21.377558326431952,20.024984394500787,19.0,18.439088914585778,17.46424919657298,17.029386365926403,10.19803902718557,12.36931687685298,14.142135623730951,13.416407864998739,18.867962264113206,19.697715603592208,18.867962264113206,18.35755975068582,19.235384061671343,21.931712199461305,19.697715603592208,18.867962264113206,16.55294535724685,17.804493814764854,13.416407864998739,11.313708498984761,10.19803902718557,11.180339887498949,11.045361017187261,1697810881.614146
24.041630560342615,25.96150997149434,28.861739379323623,27.459060435491963,26.305892875931807,24.186773244895647,24.515301344262525,26.076809620810597,25.179356624028344,24.020824298928627,24.020824298928627,22.02271554554524,16.0312195418814,13.152946437965904,11.180339887498949,8.246211251235321,6.324555320336759,2.0,5.0,11.045361017187261,11.40175425099138,15.652475842498529,13.416407864998739,16.15549442140351,21.540659228538015,17.46424919657298,17.720045146669353,22.090722034374522,22.135943621178658,21.840329667841555,21.931712199461305,13.92838827718412,17.46424919657298,14.0,16.1245154965971,15.652475842498529,20.0,20.248456731316587,21.2602916254693,24.08318915758459,24.839484696748443,25.455844122715714,27.58622844826744,26.1725046566048,24.758836806279895,24.041630560342618,21.2602916254693,19.79898987322333,15.0,16.1245154965971,15.231546211727817,14.866068747318506,1697810881.6307433
27.85677655436824,8.602325267042627,28.65309756378881,31.04834939252005,27.78488797889961,25.079872407968903,27.80287754891569,27.78488797889961,28.160255680657446,25.317977802344327,21.023796041628636,23.0,20.12461179749811,14.560219778561038,9.433981132056603,6.708203932499369,2.23606797749979,2.23606797749979,7.615773105863909,10.295630140987,13.0,17.26267650163207,13.152946437965904,19.924858845171276,19.4164878389476,17.46424919657298,20.8806130178211,24.020824298928627,24.083189157584588,34.058772731852805,17.0,17.88854381999832,14.0356688476182,15.132745950421555,12.041594578792296,15.652475842498529,17.88854381999832,20.518284528683193,26.832815729997478,25.612496949731394,28.792360097775934,19.313207915827967,32.802438933713454,42.44997055358225,31.89043743820395,13.92838827718412,35.84689665786985,22.847319317591726,21.2602916254693,13.038404810405298,20.0,11.40175425099138,1697810881.6719441
15.811388300841896,22.360679774997898,15.620499351813308,27.658633371878665,36.22154055254967,18.248287590894655,24.69817807045694,31.622776601683793,28.635642126552703,26.305892875931807,25.179356624028344,20.12461179749811,18.973665961010276,12.165525060596437,10.04987562112089,12.08304597359457,1.4142135623730951,3.1622776601683795,6.324555320336759,10.04987562112089,13.038404810405298,17.720045146669353,15.524174696260024,18.38477631085024,19.1049731745428,20.223748416156685,17.11724276862369,21.840329667841555,21.213203435596427,21.095023109728984,20.0,20.09975124224178,16.0312195418814,16.643316977093235,16.401219466856727,15.620499351813308,21.095023109728988,21.02379604162864,20.248456731316587,21.540659228538015,26.076809620810597,25.942243542145697,27.202941017470888,27.730849247724095,23.345235059857504,21.377558326431952,22.847319317591726,16.76305461424021,14.317821063276352,15.524174696260024,14.317821063276352,10.04987562112089,1697810881.6894784
18.973665961010276,17.720045146669353,23.3452350598575,24.041630560342618,19.1049731745428,22.47220505424423,18.248287590894655,15.620499351813308,20.615528128088304,14.142135623730951,19.1049731745428,21.633307652783937,19.849433241279208,10.0,15.231546211727817,3.6055512754639896,3.1622776601683795,3.1622776601683795,5.385164807134504,7.0710678118654755,9.486832980505138,13.152946437965904,10.0,14.0,17.0,16.0312195418814,17.46424919657298,19.6468827043885,19.4164878389476,18.439088914585778,18.027756377319946,16.278820596099706,15.132745950421555,10.770329614269007,14.212670403551895,13.601470508735444,13.92838827718412,16.15549442140351,18.973665961010276,19.924858845171276,18.973665961010276,20.615528128088304,22.80350850198276,19.924858845171276,18.973665961010276,16.76305461424021,17.08800749063506,14.866068747318506,12.165525060596437,12.041594578792294,12.0,10.19803902718557,1697810881.7015712
24.839484696748443,26.248809496813372,28.844410203711917,27.459060435491963,28.0178514522438,26.419689627245813,27.202941017470888,26.076809620810597,26.92582403567252,26.627053911388693,24.698178070456937,24.041630560342615,23.3238075793812,16.76305461424021,19.4164878389476,11.704699910719626,3.0,1.0,3.6055512754639896,8.54400374531753,11.0,12.165525060596437,14.0356688476182,17.029386365926403,18.110770276274835,19.026297590440446,19.235384061671347,20.223748416156685,21.095023109728984,22.561028345356952,21.377558326431952,18.110770276274835,12.649110640673518,12.649110640673518,12.041594578792296,12.727922061357857,16.15549442140351,18.788294228055936,20.248456731316587,22.135943621178658,22.135943621178658,22.561028345356952,26.92582403567252,22.135943621178658,22.472205054244235,21.213203435596427,19.924858845171276,16.492422502470642,15.132745950421555,14.0356688476182,13.152946437965904,11.180339887498949,1697810881.723146
22.47220505424423,22.671568097509265,26.907248094147423,27.58622844826744,27.018512172212596,25.455844122715714,28.31960451701259,25.495097567963924,28.31960451701259,27.58622844826744,26.1725046566048,24.207436873820413,18.60107523773827,14.422205101855958,12.529964086141668,11.40175425099138,2.23606797749979,4.242640687119286,6.324555320336759,10.770329614269007,9.486832980505138,16.1245154965971,17.720045146669353,17.720045146669353,22.360679774997898,18.110770276274835,18.788294228055936,20.12461179749811,22.360679774997898,21.377558326431952,20.6155281280883,17.88854381999832,13.601470508735444,13.601470508735444,13.341664064126334,13.038404810405298,14.317821063276352,16.278820596099706,17.11724276862369,23.194827009486403,26.0,24.186773244895647,26.019223662515373,26.0,23.0,19.026297590440446,21.023796041628636,19.1049731745428,15.03329637837291,15.652475842498529,14.317821063276352,13.416407864998739,1697810881.731146
23.021728866442675,27.85677655436824,34.48187929913334,25.059928172283335,8.54400374531753,33.13608305156178,25.709920264364882,22.135943621178658,27.892651361962706,30.59411708155671,26.92582403567252,34.23448553724738,22.02271554554524,12.36931687685298,15.132745950421555,5.099019513592785,3.0,4.242640687119286,7.211102550927979,7.0710678118654755,7.810249675906654,14.317821063276352,14.7648230602334,15.231546211727817,18.027756377319946,18.38477631085024,24.69817807045694,19.235384061671343,23.021728866442675,23.3452350598575,18.439088914585774,16.970562748477143,17.029386365926403,16.643316977093235,14.142135623730951,19.1049731745428,19.924858845171276,14.317821063276352,21.377558326431952,20.223748416156685,22.20360331117452,25.317977802344327,23.345235059857504,24.083189157584588,21.213203435596427,20.024984394500787,17.26267650163207,16.0,11.180339887498949,13.038404810405298,8.06225774829855,14.7648230602334,1697810881.7381504
17.029386365926403,18.027756377319946,22.47220505424423,22.022715545545243,20.615528128088304,19.1049731745428,20.248456731316587,17.804493814764854,18.38477631085024,20.808652046684813,19.1049731745428,12.206555615733702,13.601470508735444,10.44030650891055,6.708203932499369,5.385164807134504,3.6055512754639896,6.708203932499369,4.0,5.099019513592785,9.219544457292889,11.40175425099138,5.0,12.041594578792294,12.165525060596437,12.041594578792294,13.341664064126334,16.15549442140351,16.15549442140351,17.46424919657298,17.11724276862369,15.297058540778355,13.0,11.6619037896906,7.0710678118654755,20.0,12.041594578792296,17.0,18.027756377319946,21.540659228538015,13.892443989449806,11.180339887498949,22.561028345356952,15.524174696260024,13.038404810405298,13.601470508735444,10.44030650891055,9.0,13.601470508735444,8.602325267042627,10.44030650891055,6.708203932499369,1697810881.797074
14.560219778561038,18.027756377319946,21.540659228538015,21.02379604162864,21.095023109728988,14.317821063276352,19.924858845171276,22.203603311174515,16.401219466856727,20.808652046684813,8.94427190999916,13.453624047073712,13.038404810405298,11.180339887498949,5.8309518948453,5.0,1.0,3.6055512754639896,4.47213595499958,6.0827625302982185,6.0827625302982185,9.0,12.0,12.041594578792294,18.027756377319946,13.152946437965904,17.0,14.7648230602334,18.788294228055936,14.7648230602334,14.317821063276352,16.15549442140351,16.55294535724685,6.324555320336759,9.433981132056603,5.385164807134504,15.231546211727817,17.26267650163207,16.492422502470642,18.248287590894655,10.19803902718557,22.20360331117452,22.561028345356952,16.0312195418814,18.027756377319946,14.0356688476182,16.278820596099706,13.92838827718412,7.280109889280519,7.615773105863909,11.180339887498949,10.04987562112089,1697810881.8040755
24.596747752497688,26.92582403567252,30.23243291566195,36.05551275463989,28.0178514522438,24.69817807045694,30.4138126514911,31.827660925679098,28.42534080710379,23.60084744241189,26.907248094147423,25.612496949731394,12.806248474865697,17.46424919657298,19.79898987322333,11.180339887498949,7.0710678118654755,4.0,5.0,10.04987562112089,18.439088914585778,12.041594578792294,12.529964086141668,21.213203435596427,23.08679276123039,23.194827009486403,20.09975124224178,20.024984394500787,24.020824298928627,22.090722034374522,20.024984394500787,20.024984394500787,18.027756377319946,13.341664064126334,8.602325267042627,9.848857801796104,18.38477631085024,12.041594578792296,21.95449840010015,25.612496949731394,25.495097567963924,23.60084744241189,26.248809496813372,25.455844122715714,21.93171219946131,21.93171219946131,19.849433241279208,16.970562748477143,14.422205101855958,14.317821063276352,13.92838827718412,13.0,1697810881.8120759
24.596747752497688,26.92582403567252,30.23243291566195,36.05551275463989,28.0178514522438,24.69817807045694,30.4138126514911,31.827660925679098,28.42534080710379,23.60084744241189,26.907248094147423,49.49747468305833,39.59797974644666,30.528675044947498,31.304951684997057,19.849433241279208,7.810249675906654,5.0,5.8309518948453,19.235384061671343,20.024984394500787,32.14031735997639,12.529964086141668,21.213203435596427,23.08679276123039,23.194827009486403,20.09975124224178,20.024984394500787,24.020824298928627,22.090722034374522,20.024984394500787,20.024984394500787,31.780497164141405,13.341664064126334,26.907248094147423,9.848857801796104,18.38477631085024,12.041594578792296,21.95449840010015,25.612496949731394,25.495097567963924,23.60084744241189,26.248809496813372,25.455844122715714,42.755116652863904,45.70557952810576,36.878177829171555,29.27456233660889,28.0,25.0,24.698178070456937,26.570660511172843,1697810881.8620627
21.0,25.079872407968907,28.178005607210743,24.16609194718914,14.7648230602334,12.649110640673518,18.439088914585774,19.1049731745428,18.439088914585778,16.492422502470642,21.470910553583888,14.422205101855958,10.816653826391969,10.63014581273465,5.0,6.0,2.23606797749979,2.23606797749979,6.0827625302982185,6.0827625302982185,8.94427190999916,7.810249675906654,10.0,10.770329614269007,13.0,13.0,13.341664064126334,18.110770276274835,16.492422502470642,16.0312195418814,11.0,15.03329637837291,13.0,11.6619037896906,5.0,11.40175425099138,15.811388300841896,14.317821063276352,16.643316977093235,13.416407864998739,17.46424919657298,14.560219778561038,22.561028345356952,19.6468827043885,15.231546211727817,12.529964086141668,12.649110640673518,8.54400374531753,9.219544457292889,9.055385138137417,9.219544457292887,11.313708498984761,1697810881.8690703
19.209372712298546,30.0,27.202941017470888,28.178005607210743,24.186773244895647,25.079872407968903,21.540659228538015,27.313000567495326,25.298221281347036,20.591260281974,28.284271247461902,18.439088914585778,13.341664064126334,12.529964086141668,11.180339887498949,6.0,3.0,5.099019513592785,7.0710678118654755,12.041594578792294,16.76305461424021,13.341664064126334,13.038404810405298,21.213203435596427,19.026297590440446,17.029386365926403,23.194827009486403,23.194827009486403,27.018512172212592,21.023796041628636,19.026297590440446,18.248287590894655,16.0,14.866068747318506,16.55294535724685,12.806248474865697,17.204650534085253,22.80350850198276,20.12461179749811,24.186773244895647,22.671568097509265,21.931712199461305,23.769728648009426,24.596747752497688,21.470910553583888,18.788294228055936,18.867962264113206,14.7648230602334,13.152946437965904,12.041594578792294,11.045361017187261,9.0,1697810881.8747678
29.427877939124325,27.16615541441225,48.041648597857254,19.026297590440446,28.861739379323623,27.658633371878665,32.89376840679706,27.85677655436824,19.4164878389476,26.248809496813376,35.510561809129406,30.870698080866262,12.165525060596437,19.723082923316017,15.0,10.770329614269007,5.0,2.0,3.0,4.123105625617661,5.0,13.0,19.4164878389476,19.1049731745428,20.8806130178211,19.4164878389476,18.973665961010276,23.430749027719962,20.808652046684813,20.591260281974,16.401219466856727,18.027756377319946,17.029386365926403,11.180339887498949,11.6619037896906,15.524174696260024,21.377558326431952,26.305892875931807,23.194827009486403,23.0,19.0,21.377558326431952,23.194827009486403,27.073972741361768,16.0,14.0356688476182,18.439088914585778,15.03329637837291,13.341664064126334,15.231546211727817,17.11724276862369,11.0,1697810881.8817453
23.086792761230395,26.019223662515373,32.14031735997639,26.68332812825267,28.442925306655788,27.459060435491963,26.476404589747453,26.92582403567252,26.92582403567252,25.0,23.259406699226012,21.02379604162864,16.55294535724685,15.231546211727817,11.180339887498949,8.54400374531753,1.4142135623730951,2.0,4.47213595499958,9.219544457292887,13.416407864998739,14.317821063276352,19.235384061671343,19.1049731745428,21.540659228538015,21.02379604162864,22.203603311174515,24.413111231467404,23.021728866442675,23.021728866442675,20.248456731316587,18.60107523773827,17.69180601295413,14.317821063276352,14.317821063276352,14.560219778561038,21.095023109728984,18.248287590894655,21.023796041628636,22.02271554554524,21.0,21.023796041628636,25.0,23.0,20.09975124224178,18.0,16.0,13.038404810405298,12.649110640673518,12.649110640673518,11.6619037896906,11.180339887498949,1697810881.9187908
27.16615541441225,32.38826948140329,36.1386219991853,31.04834939252005,33.83784863137726,29.410882339705488,31.32091952673165,28.792360097775934,28.792360097775934,27.730849247724095,25.942243542145697,24.69817807045694,20.248456731316587,15.264337522473749,11.6619037896906,7.211102550927979,2.23606797749979,2.0,5.385164807134504,12.206555615733702,14.317821063276352,17.08800749063506,18.027756377319946,20.248456731316587,22.472205054244235,23.40939982143925,23.3238075793812,26.076809620810597,26.076809620810597,25.553864678361276,21.95449840010015,20.0,19.209372712298546,15.620499351813308,15.652475842498529,17.720045146669353,19.4164878389476,21.377558326431952,23.086792761230395,24.083189157584588,23.021728866442675,24.020824298928627,27.073972741361768,23.021728866442675,22.02271554554524,20.0,18.0,16.0312195418814,12.36931687685298,13.0,13.416407864998739,12.529964086141668,1697810881.932773
22.671568097509265,32.802438933713454,33.421549934136806,33.60059523282288,29.1547594742265,31.89043743820395,30.23243291566195,29.5296461204668,28.178005607210743,29.546573405388315,25.079872407968903,22.80350850198276,18.973665961010276,13.601470508735444,13.601470508735444,8.246211251235321,5.099019513592785,1.4142135623730951,4.0,12.041594578792294,13.0,15.811388300841898,13.601470508735444,18.681541692269406,23.08679276123039,21.587033144922902,24.331050121192874,27.459060435491963,24.73863375370596,22.561028345356952,21.587033144922902,18.248287590894655,17.029386365926403,15.03329637837291,15.231546211727817,15.811388300841896,19.209372712298546,21.2602916254693,23.3452350598575,25.495097567963924,22.671568097509265,24.758836806279895,26.1725046566048,24.041630560342618,22.022715545545243,20.518284528683193,17.69180601295413,14.142135623730951,12.08304597359457,13.601470508735444,13.341664064126334,12.36931687685298,1697810881.937774
29.832867780352593,29.068883707497267,30.610455730027933,27.202941017470888,33.97057550292606,26.1725046566048,30.4138126514911,28.0178514522438,27.202941017470888,26.92582403567252,25.495097567963924,22.135943621178658,19.924858845171276,17.804493814764854,13.416407864998739,9.055385138137417,6.4031242374328485,2.0,5.099019513592785,8.94427190999916,13.152946437965904,16.492422502470642,17.46424919657298,20.39607805437114,23.53720459187964,21.587033144922902,22.20360331117452,27.459060435491963,24.515301344262525,25.495097567963924,19.924858845171276,17.029386365926403,18.027756377319946,15.0,14.0356688476182,16.55294535724685,20.808652046684813,20.615528128088304,24.207436873820413,23.60084744241189,25.0,22.022715545545243,27.018512172212596,22.203603311174515,22.80350850198276,20.248456731316587,18.027756377319946,15.0,12.806248474865697,12.529964086141668,12.529964086141668,12.08304597359457,1697810881.957163
24.08318915758459,24.596747752497688,24.596747752497688,34.713109915419565,25.238858928247925,24.839484696748443,23.259406699226012,26.076809620810597,21.02379604162864,26.68332812825267,18.60107523773827,19.313207915827967,19.313207915827967,6.324555320336759,9.433981132056603,5.385164807134504,4.47213595499958,8.94427190999916,4.0,11.40175425099138,9.219544457292889,16.401219466856727,13.92838827718412,21.02379604162864,20.6155281280883,16.401219466856727,17.720045146669353,22.360679774997898,18.973665961010276,22.825424421026653,17.4928556845359,16.76305461424021,18.027756377319946,12.649110640673518,15.0,15.811388300841896,17.26267650163207,19.723082923316017,18.867962264113206,20.615528128088304,21.540659228538015,22.360679774997898,19.4164878389476,23.08679276123039,18.788294228055936,16.55294535724685,15.524174696260024,12.08304597359457,9.848857801796104,9.219544457292887,11.6619037896906,4.47213595499958,1697810881.9854167
16.0312195418814,26.019223662515373,32.0,36.013886210738214,32.0624390837628,23.0,24.020824298928627,19.313207915827967,26.832815729997478,23.08679276123039,21.18962010041709,20.39607805437114,15.524174696260024,15.811388300841896,7.211102550927979,7.0710678118654755,6.4031242374328485,6.708203932499369,9.219544457292889,7.0,11.0,14.142135623730951,19.026297590440446,10.295630140987,17.029386365926403,24.083189157584588,25.179356624028344,25.079872407968907,20.024984394500787,25.01999200639361,21.023796041628636,17.11724276862369,17.26267650163207,10.0,14.212670403551895,22.022715545545243,15.0,17.029386365926403,20.6155281280883,20.0,21.213203435596427,19.4164878389476,16.15549442140351,21.93171219946131,20.808652046684813,20.518284528683193,20.518284528683193,12.206555615733702,11.6619037896906,8.246211251235321,11.180339887498949,12.041594578792296,1697810882.003192
25.495097567963924,26.92582403567252,31.38470965295043,27.85677655436824,31.780497164141405,25.96150997149434,26.305892875931807,24.083189157584588,25.495097567963924,20.39607805437114,22.090722034374522,22.671568097509265,15.0,10.0,12.041594578792296,2.8284271247461903,4.123105625617661,6.324555320336759,5.656854249492381,20.6155281280883,16.970562748477143,19.1049731745428,19.235384061671343,16.278820596099706,15.231546211727817,18.788294228055936,21.95449840010015,24.16609194718914,24.413111231467404,24.186773244895647,20.808652046684813,14.422205101855958,16.15549442140351,13.601470508735444,13.416407864998739,19.0,13.038404810405298,26.248809496813376,22.847319317591726,23.53720459187964,23.08679276123039,21.931712199461305,25.63201123595259,24.041630560342615,17.720045146669353,18.681541692269406,17.26267650163207,13.0,11.180339887498949,13.453624047073712,12.041594578792296,11.313708498984761,1697810882.0413866
25.495097567963924,26.476404589747453,29.410882339705488,29.410882339705488,26.570660511172843,25.63201123595259,26.570660511172843,25.079872407968903,24.16609194718914,23.706539182259394,21.633307652783937,19.723082923316017,14.7648230602334,10.770329614269007,9.055385138137417,7.280109889280519,6.4031242374328485,5.099019513592785,5.656854249492381,12.206555615733702,15.231546211727817,18.027756377319946,16.492422502470642,21.18962010041709,21.931712199461305,21.18962010041709,22.360679774997898,22.847319317591726,20.12461179749811,23.853720883753127,20.12461179749811,23.021728866442675,15.0,12.806248474865697,12.806248474865697,17.46424919657298,21.023796041628636,22.20360331117452,19.6468827043885,24.73863375370596,22.02271554554524,25.0,18.248287590894655,15.0,15.132745950421555,21.023796041628636,16.1245154965971,11.704699910719626,11.40175425099138,10.44030650891055,8.54400374531753,10.770329614269007,1697810882.0683236
12.36931687685298,36.124783736376884,20.0,39.11521443121589,33.83784863137726,30.26549190084311,33.24154027718932,17.029386365926403,32.202484376209235,28.178005607210743,19.924858845171276,31.016124838541643,10.19803902718557,19.849433241279208,10.63014581273465,7.280109889280519,8.94427190999916,5.8309518948453,6.708203932499369,12.36931687685298,25.179356624028344,18.248287590894655,19.6468827043885,20.09975124224178,18.110770276274835,22.090722034374522,24.596747752497688,25.96150997149434,21.095023109728988,31.906112267087636,19.4164878389476,24.041630560342618,24.08318915758459,17.204650534085253,16.1245154965971,9.486832980505138,19.235384061671343,21.0,24.186773244895647,25.495097567963924,15.556349186104047,27.58622844826744,26.92582403567252,20.591260281974,29.0,11.180339887498949,22.671568097509265,11.180339887498949,16.278820596099706,11.704699910719626,8.0,6.324555320336759,1697810882.1026742
35.014282800023196,28.160255680657446,37.85498646149539,26.92582403567252,34.88552708502481,15.524174696260024,30.14962686336267,22.825424421026653,37.589892258425,24.413111231467404,18.35755975068582,15.556349186104047,15.0,12.36931687685298,9.848857801796104,6.708203932499369,4.47213595499958,1.4142135623730951,4.47213595499958,8.94427190999916,14.866068747318506,15.556349186104047,12.806248474865697,19.849433241279208,17.69180601295413,22.47220505424423,17.0,23.40939982143925,20.615528128088304,19.6468827043885,15.524174696260024,16.278820596099706,16.0,14.142135623730951,16.278820596099706,14.142135623730951,18.027756377319946,17.69180601295413,19.849433241279208,19.1049731745428,16.278820596099706,20.12461179749811,14.317821063276352,23.769728648009423,14.142135623730951,14.7648230602334,13.453624047073712,14.142135623730951,10.04987562112089,9.0,12.649110640673518,10.770329614269007,1697810882.1235325
21.400934559032695,23.3452350598575,24.08318915758459,24.041630560342618,23.3452350598575,22.671568097509265,21.2602916254693,21.400934559032695,20.615528128088304,20.0,18.60107523773827,17.0,12.08304597359457,10.295630140987,9.219544457292887,4.0,3.1622776601683795,4.0,4.0,8.54400374531753,11.40175425099138,13.038404810405298,13.038404810405298,16.1245154965971,19.1049731745428,17.029386365926403,16.278820596099706,19.026297590440446,20.39607805437114,15.524174696260024,16.76305461424021,15.811388300841898,14.317821063276352,10.816653826391969,12.206555615733702,10.816653826391969,16.76305461424021,14.560219778561038,19.697715603592208,19.313207915827967,17.46424919657298,19.4164878389476,22.561028345356952,25.079872407968907,17.0,12.206555615733702,18.788294228055936,13.92838827718412,5.0,9.219544457292889,11.045361017187261,9.848857801796104,1697810882.1365688
28.42534080710379,23.3238075793812,48.507731342539614,25.709920264364882,36.68787265568829,34.48187929913333,30.610455730027933,40.31128874149275,33.421549934136806,32.31098884280702,33.421549934136806,33.24154027718932,14.422205101855958,12.08304597359457,9.486832980505138,12.727922061357857,13.0,6.0827625302982185,6.0,10.816653826391969,10.63014581273465,18.439088914585778,18.027756377319946,23.769728648009426,21.377558326431952,23.769728648009426,14.866068747318504,21.95449840010015,17.4928556845359,19.849433241279208,21.095023109728988,15.264337522473749,18.027756377319946,15.0,7.211102550927979,14.317821063276352,12.041594578792294,21.095023109728984,27.073972741361768,22.80350850198276,28.635642126552703,32.89376840679706,27.892651361962706,25.709920264364882,22.20360331117452,20.0,20.024984394500787,14.0356688476182,12.0,16.1245154965971,6.708203932499369,9.433981132056603,1697810882.2111275
20.024984394500787,26.019223662515373,30.0,26.1725046566048,26.019223662515373,24.331050121192874,26.476404589747453,20.024984394500787,24.515301344262525,22.561028345356952,23.345235059857504,22.20360331117452,13.601470508735444,15.524174696260024,9.486832980505138,10.0,7.211102550927979,2.23606797749979,3.6055512754639896,8.246211251235321,11.704699910719626,9.486832980505138,8.54400374531753,15.652475842498529,16.55294535724685,14.7648230602334,18.681541692269406,18.439088914585778,18.681541692269406,19.4164878389476,18.973665961010276,15.297058540778355,16.1245154965971,12.041594578792294,8.54400374531753,10.0,13.038404810405298,15.0,17.0,19.723082923316017,18.35755975068582,19.924858845171276,22.472205054244235,19.313207915827967,21.540659228538015,17.46424919657298,17.88854381999832,15.264337522473749,12.649110640673518,11.0,12.041594578792294,10.04987562112089,1697810882.267715
16.970562748477143,13.0,32.526911934581186,36.40054944640259,17.204650534085253,20.615528128088304,26.076809620810597,31.016124838541646,29.966648127543394,27.459060435491963,28.0178514522438,22.561028345356952,15.264337522473749,16.278820596099706,15.03329637837291,13.92838827718412,2.23606797749979,4.123105625617661,3.1622776601683795,7.0710678118654755,8.246211251235321,11.40175425099138,10.04987562112089,18.110770276274835,20.615528128088304,16.76305461424021,15.297058540778355,21.587033144922902,18.248287590894655,23.086792761230395,15.03329637837291,17.26267650163207,17.11724276862369,14.0356688476182,10.0,16.1245154965971,19.79898987322333,16.401219466856727,21.633307652783937,23.3452350598575,13.453624047073712,19.79898987322333,24.041630560342618,20.518284528683193,19.723082923316017,21.213203435596427,18.38477631085024,19.849433241279208,15.0,15.652475842498529,17.0,14.866068747318504,1697810882.3265083
16.970562748477143,13.0,32.526911934581186,36.40054944640259,17.204650534085253,20.615528128088304,26.076809620810597,31.016124838541646,29.966648127543394,27.459060435491963,28.0178514522438,22.561028345356952,15.264337522473749,16.278820596099706,46.75467891024384,48.10405388322277,31.827660925679098,20.248456731316587,4.47213595499958,13.0,29.832867780352593,44.01136216933078,38.118237105091836,39.81205847478877,20.615528128088304,16.76305461424021,15.297058540778355,21.587033144922902,18.248287590894655,23.086792761230395,15.03329637837291,17.26267650163207,17.11724276862369,14.0356688476182,10.0,16.1245154965971,19.79898987322333,16.401219466856727,21.633307652783937,23.3452350598575,13.453624047073712,19.79898987322333,24.041630560342618,20.518284528683193,19.723082923316017,21.213203435596427,18.38477631085024,19.849433241279208,15.0,15.652475842498529,17.0,14.866068747318504,1697810882.3503656
23.60084744241189,23.60084744241189,29.20616373302047,27.018512172212596,29.73213749463701,24.758836806279895,27.65863337187866,25.495097567963924,25.612496949731394,26.907248094147423,26.1725046566048,23.430749027719962,19.209372712298546,15.620499351813308,12.041594578792296,11.313708498984761,7.211102550927979,4.47213595499958,3.1622776601683795,4.47213595499958,7.615773105863909,12.206555615733702,10.44030650891055,14.7648230602334,15.264337522473749,16.643316977093235,17.69180601295413,21.93171219946131,14.866068747318504,18.439088914585774,17.029386365926403,21.400934559032695,17.804493814764854,12.36931687685298,12.0,17.029386365926403,18.439088914585778,13.0,19.6468827043885,12.041594578792294,21.931712199461305,17.0,19.313207915827967,25.079872407968903,12.36931687685298,24.207436873820413,29.61418578992169,13.416407864998739,11.6619037896906,11.045361017187261,18.38477631085024,14.317821063276352,1697810882.356365
25.942243542145697,23.60084744241189,25.80697580112788,26.1725046566048,25.495097567963924,24.758836806279895,24.839484696748443,23.3452350598575,26.1725046566048,22.80350850198276,22.022715545545243,19.209372712298546,17.804493814764854,13.038404810405298,11.180339887498949,8.246211251235321,3.1622776601683795,2.23606797749979,4.123105625617661,6.4031242374328485,12.36931687685298,15.297058540778355,15.811388300841898,14.866068747318506,19.6468827043885,19.4164878389476,21.470910553583888,21.931712199461305,22.135943621178658,22.360679774997898,19.235384061671343,20.12461179749811,17.4928556845359,16.643316977093235,13.038404810405298,14.866068747318506,15.297058540778355,19.4164878389476,20.09975124224178,22.02271554554524,22.090722034374522,22.20360331117452,26.019223662515373,24.0,24.083189157584588,22.02271554554524,20.0,18.027756377319946,14.0356688476182,13.601470508735444,13.92838827718412,13.416407864998739,1697810882.4548311
23.021728866442675,19.849433241279208,28.42534080710379,23.60084744241189,24.413111231467404,26.92582403567252,24.698178070456937,20.0,18.38477631085024,21.931712199461305,18.973665961010276,18.248287590894655,17.08800749063506,8.54400374531753,9.055385138137417,2.23606797749979,4.47213595499958,2.23606797749979,3.1622776601683795,11.704699910719626,10.0,12.08304597359457,19.313207915827967,19.026297590440446,17.08800749063506,16.492422502470642,20.024984394500787,20.6155281280883,21.377558326431952,16.492422502470642,19.924858845171276,20.248456731316587,18.027756377319946,12.08304597359457,18.60107523773827,10.44030650891055,18.35755975068582,16.15549442140351,18.973665961010276,19.924858845171276,19.6468827043885,23.194827009486403,22.561028345356952,20.024984394500787,18.110770276274835,19.026297590440446,16.76305461424021,16.55294535724685,11.40175425099138,14.142135623730951,14.0,12.36931687685298,1697810882.4618208
18.439088914585774,16.643316977093235,17.804493814764854,23.3238075793812,23.259406699226012,24.69817807045694,22.847319317591726,9.219544457292889,18.439088914585778,18.35755975068582,18.439088914585778,16.278820596099706,17.26267650163207,19.697715603592208,11.704699910719626,5.099019513592785,5.8309518948453,4.47213595499958,9.433981132056603,8.54400374531753,15.0,17.46424919657298,11.045361017187261,12.649110640673518,19.0,15.811388300841898,18.38477631085024,19.697715603592208,18.867962264113206,19.4164878389476,18.027756377319946,17.204650534085253,13.892443989449806,12.041594578792296,10.63014581273465,6.0827625302982185,13.601470508735444,14.142135623730951,15.297058540778355,18.439088914585778,17.46424919657298,17.46424919657298,20.12461179749811,18.35755975068582,17.0,16.1245154965971,16.1245154965971,13.0,10.0,11.40175425099138,10.295630140987,10.770329614269007,1697810882.4673338
16.643316977093235,20.518284528683193,20.615528128088304,17.69180601295413,16.278820596099706,13.038404810405298,14.866068747318506,13.92838827718412,16.15549442140351,17.26267650163207,11.180339887498949,14.0356688476182,15.811388300841898,8.54400374531753,6.0,3.6055512754639896,2.23606797749979,3.6055512754639896,8.06225774829855,7.280109889280519,10.44030650891055,12.806248474865697,14.866068747318504,12.806248474865697,21.2602916254693,13.892443989449806,14.866068747318504,17.804493814764854,19.1049731745428,17.69180601295413,17.029386365926403,14.866068747318504,12.206555615733702,8.602325267042627,12.727922061357857,17.08800749063506,17.0,9.486832980505138,15.0,25.01999200639361,11.180339887498949,15.811388300841898,16.0,17.11724276862369,16.1245154965971,12.0,16.1245154965971,13.038404810405298,13.0,8.06225774829855,8.0,8.06225774829855,1697810882.4734251
23.021728866442675,24.083189157584588,26.476404589747453,24.020824298928627,26.476404589747453,22.561028345356952,24.186773244895647,25.298221281347036,19.924858845171276,22.360679774997898,21.02379604162864,17.720045146669353,14.7648230602334,13.601470508735444,5.385164807134504,5.8309518948453,2.23606797749979,1.0,4.242640687119286,10.19803902718557,10.295630140987,13.92838827718412,16.1245154965971,17.0,20.0,19.4164878389476,19.4164878389476,23.08679276123039,21.587033144922902,23.40939982143925,19.924858845171276,20.223748416156685,17.26267650163207,16.15549442140351,9.055385138137417,16.492422502470642,15.811388300841896,23.60084744241189,17.804493814764854,21.400934559032695,21.2602916254693,21.2602916254693,24.413111231467404,22.022715545545243,22.47220505424423,20.808652046684813,18.867962264113206,18.35755975068582,13.416407864998739,16.15549442140351,13.152946437965904,12.165525060596437,1697810882.4794252
24.351591323771842,26.68332812825267,29.27456233660889,29.832867780352593,31.144823004794876,26.92582403567252,28.0713376952364,29.61418578992169,28.0713376952364,25.079872407968907,31.064449134018133,24.020824298928627,12.36931687685298,7.615773105863909,8.0,8.246211251235321,8.602325267042627,2.8284271247461903,4.242640687119286,9.219544457292889,12.165525060596437,14.866068747318506,14.866068747318506,19.6468827043885,21.18962010041709,20.248456731316587,20.223748416156685,25.079872407968907,25.317977802344327,24.331050121192874,22.20360331117452,21.213203435596427,20.024984394500787,18.0,11.704699910719626,15.620499351813308,19.849433241279208,19.79898987322333,22.022715545545243,24.08318915758459,23.3452350598575,23.60084744241189,27.202941017470888,25.80697580112788,24.207436873820413,22.80350850198276,22.203603311174515,19.4164878389476,17.4928556845359,15.811388300841898,14.560219778561038,14.142135623730951,1697810882.4877586
19.4164878389476,29.068883707497267,26.92582403567252,25.495097567963924,26.627053911388693,26.907248094147423,24.08318915758459,27.202941017470888,21.93171219946131,21.400934559032695,17.804493814764854,20.615528128088304,18.35755975068582,9.433981132056603,7.810249675906654,8.602325267042627,5.099019513592785,3.6055512754639896,10.19803902718557,17.4928556845359,3.6055512754639896,13.453624047073712,14.142135623730951,16.15549442140351,25.495097567963924,18.38477631085024,19.235384061671343,24.69817807045694,23.853720883753127,26.92582403567252,20.248456731316587,20.615528128088304,18.867962264113206,15.524174696260024,18.110770276274835,8.54400374531753,19.723082923316017,15.524174696260024,21.95449840010015,21.400934559032695,22.022715545545243,22.627416997969522,26.907248094147423,24.758836806279895,22.671568097509265,22.80350850198276,19.849433241279208,17.804493814764854,15.264337522473749,14.560219778561038,14.560219778561038,15.03329637837291,1697810882.515579
19.4164878389476,16.278820596099706,28.460498941515414,17.804493814764854,25.079872407968903,21.93171219946131,24.758836806279895,28.30194339616981,26.400757564888174,17.204650534085253,17.88854381999832,18.38477631085024,7.0710678118654755,7.211102550927979,7.211102550927979,7.0710678118654755,5.385164807134504,4.242640687119286,8.54400374531753,7.211102550927979,16.278820596099706,19.4164878389476,18.681541692269406,18.867962264113206,16.55294535724685,22.847319317591726,23.021728866442675,31.064449134018133,26.870057685088806,29.20616373302047,19.723082923316017,22.360679774997898,26.400757564888174,21.02379604162864,21.2602916254693,15.297058540778355,22.02271554554524,13.601470508735444,21.213203435596427,16.492422502470642,21.095023109728984,25.01999200639361,24.020824298928627,24.16609194718914,24.186773244895647,25.079872407968907,15.297058540778355,22.360679774997898,13.038404810405298,19.924858845171276,12.36931687685298,12.529964086141668,1697810882.5435698
29.068883707497267,32.202484376209235,33.83784863137726,32.28002478313795,31.016124838541646,26.68332812825267,32.2490309931942,32.55764119219941,24.515301344262525,25.96150997149434,25.179356624028344,19.026297590440446,16.492422502470642,14.142135623730951,9.219544457292889,9.055385138137417,6.4031242374328485,5.099019513592785,7.810249675906654,15.620499351813308,15.524174696260024,18.973665961010276,20.223748416156685,22.80350850198276,25.709920264364882,24.331050121192874,24.596747752497688,28.635642126552703,32.69556544854363,25.495097567963924,29.154759474226502,24.698178070456937,20.12461179749811,17.804493814764854,17.0,21.931712199461305,18.110770276274835,23.0,27.0,24.083189157584588,29.017236257093817,24.083189157584588,26.570660511172843,27.16615541441225,26.68332812825267,26.305892875931807,21.377558326431952,19.924858845171276,17.11724276862369,15.811388300841896,15.0,15.556349186104047,1697810882.5656412
24.351591323771842,25.96150997149434,23.345235059857504,21.023796041628636,25.709920264364882,22.80350850198276,20.615528128088304,25.179356624028344,20.39607805437114,14.142135623730951,17.26267650163207,19.697715603592208,11.40175425099138,6.324555320336759,5.0,3.1622776601683795,2.0,5.0,10.0,12.649110640673518,14.142135623730951,9.0,19.1049731745428,18.027756377319946,19.1049731745428,20.09975124224178,17.720045146669353,27.459060435491963,21.587033144922902,20.6155281280883,24.698178070456937,15.297058540778355,12.529964086141668,11.40175425099138,15.620499351813308,18.439088914585774,12.727922061357857,14.142135623730951,22.20360331117452,23.345235059857504,22.360679774997898,19.026297590440446,21.095023109728984,18.439088914585778,17.029386365926403,15.132745950421555,16.0312195418814,15.297058540778355,14.317821063276352,16.492422502470642,13.416407864998739,8.602325267042627,1697810882.5716422
22.561028345356952,24.0,28.017851452243796,25.079872407968907,27.073972741361768,23.194827009486403,23.345235059857504,20.39607805437114,19.026297590440446,23.021728866442675,21.023796041628636,13.92838827718412,11.180339887498949,7.0710678118654755,6.4031242374328485,13.038404810405298,7.0710678118654755,13.341664064126334,10.0,11.40175425099138,13.416407864998739,11.180339887498949,14.317821063276352,17.88854381999832,16.55294535724685,17.46424919657298,17.029386365926403,21.93171219946131,22.671568097509265,19.209372712298546,16.970562748477143,18.027756377319946,17.4928556845359,12.08304597359457,13.152946437965904,9.0,15.652475842498529,15.811388300841898,18.867962264113206,18.35755975068582,18.35755975068582,19.209372712298546,21.2602916254693,21.93171219946131,19.1049731745428,18.38477631085024,17.804493814764854,14.866068747318504,12.529964086141668,12.165525060596437,10.19803902718557,11.045361017187261,1697810882.5932827
22.561028345356952,48.60041152089147,28.017851452243796,43.382023926967726,27.073972741361768,40.85339643163099,41.14608122288197,35.440090293338706,40.496913462633174,33.61547262794323,45.69463863518345,35.77708763999664,22.561028345356952,29.732137494637012,13.341664064126334,19.235384061671343,11.6619037896906,13.0,12.36931687685298,30.23243291566195,32.202484376209235,41.23105625617661,37.33630940518894,17.88854381999832,16.55294535724685,17.46424919657298,17.029386365926403,21.93171219946131,22.671568097509265,19.209372712298546,16.970562748477143,18.027756377319946,17.4928556845359,12.08304597359457,13.152946437965904,9.0,30.06659275674582,15.811388300841898,18.867962264113206,18.35755975068582,18.35755975068582,28.284271247461902,21.2602916254693,42.5440947723653,38.27531841800928,45.17742799230607,41.484937025383076,40.79215610874228,36.359317925395686,26.076809620810597,15.264337522473749,21.400934559032695,1697810882.6120176
24.69817807045694,30.413812651491096,30.870698080866262,26.832815729997478,28.30194339616981,24.73863375370596,25.0,22.472205054244235,22.360679774997898,20.6155281280883,22.847319317591726,21.023796041628636,14.560219778561038,16.0312195418814,9.433981132056603,6.708203932499369,13.892443989449806,12.041594578792296,12.041594578792296,12.36931687685298,8.246211251235321,15.231546211727817,15.652475842498529,18.027756377319946,21.02379604162864,21.95449840010015,17.0,24.186773244895647,20.223748416156685,27.892651361962706,24.186773244895647,18.0,16.0,11.40175425099138,13.453624047073712,13.92838827718412,16.0312195418814,17.0,20.024984394500787,19.6468827043885,16.278820596099706,18.248287590894655,22.825424421026653,22.472205054244235,23.769728648009426,19.313207915827967,21.95449840010015,13.038404810405298,14.212670403551895,12.727922061357857,13.038404810405298,13.92838827718412,1697810882.6413457
11.045361017187261,33.54101966249685,19.723082923316017,33.12099032335839,43.382023926967726,26.0,18.60107523773827,24.596747752497688,22.825424421026653,28.284271247461902,27.202941017470888,33.37663853655727,18.027756377319946,21.377558326431952,9.848857801796104,16.401219466856727,8.06225774829855,2.23606797749979,12.806248474865697,16.1245154965971,14.0,5.656854249492381,21.840329667841555,8.485281374238571,18.867962264113206,14.142135623730951,10.04987562112089,13.038404810405298,11.40175425099138,9.219544457292887,13.152946437965904,6.0827625302982185,14.7648230602334,4.123105625617661,15.297058540778355,5.099019513592785,12.041594578792294,20.6155281280883,27.58622844826744,17.08800749063506,15.620499351813308,27.202941017470888,27.202941017470888,20.0,20.248456731316587,20.615528128088304,20.615528128088304,18.439088914585774,14.212670403551895,21.931712199461305,13.416407864998739,22.135943621178658,1697810883.0939019
22.203603311174515,29.832867780352593,28.600699292150182,26.419689627245813,27.80287754891569,29.20616373302047,25.495097567963924,26.1725046566048,29.68164415931166,26.870057685088806,23.706539182259394,24.08318915758459,18.60107523773827,18.35755975068582,12.727922061357857,14.7648230602334,7.0,7.280109889280519,9.219544457292889,7.810249675906654,11.40175425099138,14.0,17.11724276862369,26.1725046566048,23.194827009486403,19.4164878389476,23.086792761230395,21.840329667841555,20.223748416156685,23.021728866442675,15.231546211727817,15.297058540778355,15.811388300841896,11.045361017187261,2.23606797749979,16.492422502470642,23.194827009486403,20.248456731316587,24.73863375370596,26.1725046566048,27.16615541441225,24.020824298928627,30.14962686336267,28.0,29.1547594742265,22.847319317591726,25.709920264364882,21.377558326431952,19.235384061671343,19.4164878389476,17.029386365926403,18.60107523773827,1697810883.1107526
12.165525060596437,31.780497164141405,27.65863337187866,27.58622844826744,20.6155281280883,14.422205101855958,15.264337522473749,18.681541692269406,27.892651361962706,20.615528128088304,28.0713376952364,17.26267650163207,12.041594578792294,15.524174696260024,17.26267650163207,6.324555320336759,8.54400374531753,5.385164807134504,1.0,10.770329614269007,7.211102550927979,5.099019513592785,8.94427190999916,11.0,12.041594578792294,12.649110640673518,13.152946437965904,16.643316977093235,10.19803902718557,10.295630140987,8.246211251235321,17.11724276862369,15.297058540778355,8.06225774829855,10.295630140987,14.7648230602334,12.041594578792294,15.524174696260024,21.213203435596427,20.6155281280883,16.278820596099706,11.704699910719626,19.924858845171276,19.4164878389476,16.0312195418814,20.0,17.26267650163207,12.165525060596437,14.0356688476182,13.038404810405298,12.206555615733702,13.601470508735444,1697810883.1798766
12.649110640673518,17.0,18.60107523773827,16.643316977093235,16.278820596099706,15.620499351813308,16.643316977093235,18.439088914585774,19.849433241279208,13.453624047073712,13.601470508735444,10.295630140987,16.15549442140351,8.54400374531753,7.0,6.708203932499369,4.0,5.099019513592785,3.6055512754639896,8.06225774829855,7.810249675906654,8.06225774829855,7.810249675906654,11.180339887498949,12.806248474865697,12.041594578792296,10.816653826391969,12.529964086141668,11.6619037896906,12.529964086141668,11.180339887498949,11.180339887498949,9.486832980505138,8.06225774829855,8.54400374531753,12.806248474865697,13.601470508735444,13.601470508735444,15.620499351813308,16.401219466856727,16.401219466856727,16.278820596099706,19.209372712298546,18.439088914585774,17.69180601295413,16.401219466856727,15.620499351813308,14.422205101855958,13.416407864998739,13.341664064126334,13.152946437965904,13.038404810405298,1697810883.1858776
17.46424919657298,33.060550509633075,19.6468827043885,21.095023109728984,23.0,19.4164878389476,21.0,24.413111231467404,13.416407864998739,15.297058540778355,10.0,13.92838827718412,12.649110640673518,12.041594578792296,9.219544457292889,6.324555320336759,0.0,2.23606797749979,0.0,10.44030650891055,3.1622776601683795,8.06225774829855,11.6619037896906,13.601470508735444,12.041594578792296,9.486832980505138,11.40175425099138,10.0,13.92838827718412,18.60107523773827,6.708203932499369,11.40175425099138,10.19803902718557,8.54400374531753,11.0,11.40175425099138,17.69180601295413,12.165525060596437,15.652475842498529,14.317821063276352,16.15549442140351,17.26267650163207,19.1049731745428,16.1245154965971,18.027756377319946,19.1049731745428,20.09975124224178,16.1245154965971,13.601470508735444,14.317821063276352,12.806248474865697,10.816653826391969,1697810883.1929016
26.400757564888174,28.600699292150182,31.304951684997057,22.360679774997898,28.178005607210743,23.706539182259394,26.419689627245813,26.0,26.92582403567252,25.0,21.840329667841555,23.345235059857504,20.024984394500787,15.132745950421555,11.045361017187261,10.04987562112089,7.0710678118654755,6.708203932499369,5.8309518948453,8.06225774829855,8.602325267042627,11.180339887498949,14.866068747318506,16.492422502470642,18.439088914585778,17.11724276862369,16.15549442140351,19.313207915827967,19.313207915827967,19.697715603592208,16.55294535724685,17.0,14.422205101855958,12.041594578792296,12.649110640673518,15.297058540778355,20.09975124224178,21.095023109728984,24.083189157584588,25.079872407968907,25.01999200639361,25.079872407968907,29.427877939124325,27.16615541441225,27.16615541441225,25.317977802344327,24.331050121192874,22.561028345356952,21.18962010041709,20.591260281974,20.248456731316587,20.615528128088304,1697810883.1988783
16.492422502470642,17.26267650163207,19.026297590440446,18.0,17.029386365926403,16.0312195418814,18.027756377319946,17.11724276862369,16.278820596099706,16.492422502470642,16.76305461424021,15.231546211727817,13.416407864998739,10.816653826391969,8.602325267042627,7.211102550927979,5.656854249492381,4.47213595499958,3.1622776601683795,5.0,6.0827625302982185,7.0,8.246211251235321,11.40175425099138,13.0,11.180339887498949,10.44030650891055,12.165525060596437,12.36931687685298,12.165525060596437,11.180339887498949,11.045361017187261,9.055385138137417,7.280109889280519,8.602325267042627,9.219544457292887,13.038404810405298,13.601470508735444,15.811388300841896,16.643316977093235,15.811388300841896,16.15549442140351,19.313207915827967,17.08800749063506,17.08800749063506,14.866068747318506,15.811388300841898,14.560219778561038,14.142135623730951,13.038404810405298,14.0,13.341664064126334,1697810883.2049246
17.69180601295413,19.209372712298546,25.612496949731394,17.029386365926403,16.278820596099706,18.35755975068582,21.213203435596427,19.209372712298546,16.401219466856727,16.401219466856727,20.615528128088304,21.213203435596427,17.08800749063506,12.08304597359457,7.280109889280519,8.06225774829855,6.324555320336759,3.6055512754639896,5.0,7.0710678118654755,7.0710678118654755,8.54400374531753,10.44030650891055,13.92838827718412,15.132745950421555,14.0356688476182,13.92838827718412,15.231546211727817,13.92838827718412,13.038404810405298,14.317821063276352,13.341664064126334,14.866068747318506,10.63014581273465,10.770329614269007,13.038404810405298,10.04987562112089,11.40175425099138,19.697715603592208,21.840329667841555,20.8806130178211,16.0312195418814,21.0,19.1049731745428,18.110770276274835,18.027756377319946,20.024984394500787,16.0312195418814,15.297058540778355,14.142135623730951,15.03329637837291,16.76305461424021,1697810883.211776
17.029386365926403,18.0,19.235384061671347,20.223748416156685,18.439088914585778,16.278820596099706,18.248287590894655,16.76305461424021,17.08800749063506,16.15549442140351,17.0,16.643316977093235,13.038404810405298,10.63014581273465,8.485281374238571,7.0710678118654755,4.47213595499958,4.123105625617661,3.1622776601683795,5.385164807134504,7.0710678118654755,6.324555320336759,8.54400374531753,9.848857801796104,13.038404810405298,11.40175425099138,11.180339887498949,11.704699910719626,13.0,11.40175425099138,11.704699910719626,11.704699910719626,10.19803902718557,8.0,10.295630140987,9.899494936611665,12.529964086141668,14.142135623730951,16.278820596099706,16.278820596099706,16.401219466856727,16.1245154965971,20.591260281974,17.0,17.0,16.15549442140351,15.652475842498529,14.7648230602334,13.341664064126334,13.038404810405298,13.0,13.152946437965904,1697810883.2178242
25.63201123595259,26.419689627245813,31.064449134018133,27.202941017470888,27.80287754891569,24.08318915758459,27.459060435491963,24.207436873820413,25.238858928247925,23.853720883753127,23.60084744241189,25.553864678361276,18.35755975068582,18.38477631085024,13.0,9.486832980505138,5.385164807134504,2.23606797749979,2.8284271247461903,5.0,10.295630140987,11.180339887498949,12.649110640673518,16.55294535724685,19.924858845171276,19.4164878389476,18.38477631085024,20.12461179749811,19.235384061671343,22.360679774997898,19.209372712298546,17.029386365926403,14.866068747318504,12.08304597359457,12.041594578792294,14.317821063276352,21.095023109728984,21.023796041628636,24.083189157584588,30.01666203960727,25.179356624028344,25.079872407968907,29.120439557122076,29.27456233660889,29.1547594742265,26.305892875931807,26.68332812825267,24.186773244895647,20.248456731316587,18.35755975068582,18.439088914585774,19.209372712298546,1697810883.2348979
23.08679276123039,24.020824298928627,23.0,27.018512172212592,27.073972741361768,17.46424919657298,28.0713376952364,26.1725046566048,31.016124838541643,21.18962010041709,24.041630560342615,18.027756377319946,14.0356688476182,20.591260281974,15.620499351813308,15.0,2.8284271247461903,4.242640687119286,6.324555320336759,5.8309518948453,10.0,9.486832980505138,10.770329614269007,14.0356688476182,20.591260281974,18.35755975068582,15.811388300841898,18.027756377319946,17.26267650163207,16.278820596099706,16.278820596099706,17.26267650163207,14.0356688476182,12.041594578792294,13.892443989449806,15.620499351813308,20.615528128088304,19.209372712298546,21.633307652783937,24.69817807045694,24.413111231467404,23.853720883753127,29.410882339705488,28.65309756378881,25.942243542145697,25.059928172283335,24.16609194718914,20.6155281280883,18.973665961010276,18.027756377319946,21.0,19.026297590440446,1697810883.2469156
15.811388300841898,14.317821063276352,19.4164878389476,17.26267650163207,17.029386365926403,15.0,18.248287590894655,19.026297590440446,18.248287590894655,16.76305461424021,17.26267650163207,13.341664064126334,10.295630140987,8.94427190999916,10.770329614269007,8.94427190999916,5.0,3.0,3.1622776601683795,4.0,7.615773105863909,9.219544457292887,8.485281374238571,12.206555615733702,15.0,12.727922061357857,12.041594578792296,15.264337522473749,15.811388300841896,16.643316977093235,12.206555615733702,13.416407864998739,12.649110640673518,12.08304597359457,10.63014581273465,13.038404810405298,16.278820596099706,15.0,18.35755975068582,16.278820596099706,14.866068747318504,19.79898987322333,18.60107523773827,19.1049731745428,19.209372712298546,14.212670403551895,17.69180601295413,14.142135623730951,12.806248474865697,14.317821063276352,13.92838827718412,13.341664064126334,1697810883.270773
23.769728648009423,26.476404589747453,29.068883707497264,30.0,29.068883707497264,25.317977802344327,29.1547594742265,29.017236257093817,30.59411708155671,29.427877939124325,30.364452901377952,27.313000567495326,23.769728648009426,20.6155281280883,13.038404810405298,15.811388300841898,9.899494936611665,5.656854249492381,5.385164807134504,4.47213595499958,9.219544457292887,10.0,12.041594578792296,14.866068747318504,19.79898987322333,17.804493814764854,17.69180601295413,20.615528128088304,15.811388300841896,20.0,21.95449840010015,18.027756377319946,18.35755975068582,13.0,17.029386365926403,19.313207915827967,20.518284528683193,19.723082923316017,25.553864678361276,25.63201123595259,25.059928172283335,27.730849247724095,30.80584360149873,30.528675044947498,30.016662039607265,28.30194339616981,27.459060435491963,24.16609194718914,22.671568097509265,20.518284528683193,19.4164878389476,21.95449840010015,1697810883.2907596
14.317821063276352,15.811388300841896,14.142135623730951,17.204650534085253,15.264337522473749,13.416407864998739,22.472205054244235,18.60107523773827,21.2602916254693,13.453624047073712,16.401219466856727,15.0,14.142135623730951,15.132745950421555,9.219544457292889,7.280109889280519,9.0,5.099019513592785,4.47213595499958,1.0,4.47213595499958,2.23606797749979,4.0,11.40175425099138,9.848857801796104,9.848857801796104,11.40175425099138,9.219544457292889,13.038404810405298,10.04987562112089,7.280109889280519,8.06225774829855,11.045361017187261,6.708203932499369,6.708203932499369,13.416407864998739,13.601470508735444,11.40175425099138,11.180339887498949,18.439088914585778,8.54400374531753,16.15549442140351,15.811388300841898,14.0356688476182,16.278820596099706,14.317821063276352,13.416407864998739,13.152946437965904,10.295630140987,20.39607805437114,12.649110640673518,17.0,1697810883.3284879
17.0,22.02271554554524,26.0,26.248809496813376,25.96150997149434,23.53720459187964,23.769728648009423,27.51363298439521,25.96150997149434,28.178005607210743,25.079872407968903,28.284271247461902,19.1049731745428,13.453624047073712,9.433981132056603,9.433981132056603,11.180339887498949,2.0,7.0710678118654755,2.8284271247461903,10.295630140987,9.219544457292889,7.280109889280519,11.704699910719626,14.866068747318506,16.492422502470642,16.55294535724685,17.88854381999832,14.866068747318506,20.591260281974,17.08800749063506,18.35755975068582,17.204650534085253,15.0,12.649110640673518,14.142135623730951,19.235384061671347,22.20360331117452,26.019223662515373,22.02271554554524,24.186773244895647,22.02271554554524,33.13608305156178,28.017851452243796,31.016124838541643,27.073972741361768,26.076809620810597,24.083189157584588,22.561028345356952,22.135943621178658,20.6155281280883,20.591260281974,1697810883.3344874
16.55294535724685,27.313000567495326,29.427877939124325,24.515301344262525,22.80350850198276,21.095023109728984,26.305892875931807,21.213203435596427,28.160255680657446,28.160255680657446,26.076809620810597,29.427877939124325,24.041630560342615,13.92838827718412,16.55294535724685,14.866068747318506,10.19803902718557,6.708203932499369,7.0710678118654755,2.23606797749979,5.0,7.810249675906654,9.219544457292889,10.44030650891055,14.317821063276352,15.231546211727817,17.08800749063506,18.681541692269406,18.248287590894655,17.46424919657298,17.46424919657298,18.248287590894655,19.6468827043885,13.0,12.36931687685298,15.264337522473749,19.849433241279208,19.209372712298546,21.93171219946131,25.495097567963924,24.186773244895647,24.596747752497688,28.65309756378881,26.92582403567252,29.410882339705484,29.20616373302047,26.400757564888174,23.706539182259394,23.40939982143925,21.840329667841555,22.20360331117452,21.095023109728984,1697810883.356908
26.92582403567252,25.63201123595259,29.068883707497264,26.1725046566048,30.01666203960727,23.086792761230395,30.0,26.019223662515373,28.017851452243796,30.364452901377952,32.55764119219941,30.083217912982647,23.3238075793812,22.360679774997898,15.264337522473749,15.231546211727817,10.816653826391969,7.615773105863909,7.810249675906654,2.0,6.708203932499369,6.0,8.246211251235321,12.041594578792296,17.69180601295413,18.60107523773827,17.029386365926403,20.518284528683193,19.79898987322333,19.79898987322333,19.1049731745428,18.38477631085024,17.029386365926403,14.422205101855958,13.152946437965904,15.03329637837291,19.6468827043885,21.840329667841555,24.351591323771842,27.202941017470888,26.248809496813376,26.400757564888174,31.76476034853718,30.413812651491096,31.38470965295043,29.068883707497267,27.730849247724095,26.400757564888174,23.3238075793812,23.3452350598575,22.671568097509265,23.021728866442675,1697810883.3734221
14.317821063276352,20.0,21.18962010041709,18.027756377319946,19.1049731745428,13.601470508735444,10.44030650891055,14.0356688476182,17.26267650163207,21.587033144922902,18.110770276274835,16.278820596099706,15.03329637837291,13.341664064126334,6.324555320336759,7.0,7.0,3.1622776601683795,4.242640687119286,4.123105625617661,9.219544457292887,3.6055512754639896,5.099019513592785,5.8309518948453,10.0,9.219544457292887,10.0,11.180339887498949,11.6619037896906,12.165525060596437,10.816653826391969,12.529964086141668,9.433981132056603,9.486832980505138,4.47213595499958,7.211102550927979,10.63014581273465,10.816653826391969,13.601470508735444,15.0,13.038404810405298,19.235384061671343,18.439088914585774,17.804493814764854,16.970562748477143,17.029386365926403,17.029386365926403,14.866068747318504,15.0,10.770329614269007,13.92838827718412,12.165525060596437,1697810883.3784218
12.165525060596437,23.40939982143925,32.89376840679706,19.4164878389476,22.203603311174515,12.529964086141668,33.24154027718932,31.906112267087636,28.600699292150182,25.495097567963924,26.907248094147423,26.907248094147423,24.207436873820413,25.96150997149434,12.165525060596437,16.401219466856727,13.601470508735444,5.0,3.0,5.099019513592785,12.36931687685298,3.0,8.94427190999916,13.0,17.029386365926403,12.041594578792296,19.209372712298546,20.248456731316587,15.620499351813308,15.231546211727817,15.0,15.231546211727817,16.76305461424021,3.1622776601683795,13.601470508735444,12.041594578792296,21.633307652783937,21.93171219946131,17.4928556845359,23.3238075793812,26.1725046566048,18.027756377319946,33.83784863137726,32.7566787083184,22.847319317591726,23.08679276123039,29.732137494637012,28.23118842698621,25.01999200639361,20.223748416156685,19.924858845171276,23.0,1697810883.4035132
15.811388300841898,15.524174696260024,19.235384061671347,16.0,19.026297590440446,14.0356688476182,17.029386365926403,15.132745950421555,19.235384061671347,17.029386365926403,15.297058540778355,17.0,15.264337522473749,13.038404810405298,11.6619037896906,10.0,6.708203932499369,3.6055512754639896,3.1622776601683795,2.0,3.0,2.23606797749979,6.324555320336759,12.529964086141668,9.219544457292887,10.295630140987,13.453624047073712,16.643316977093235,12.206555615733702,19.849433241279208,8.06225774829855,12.08304597359457,9.848857801796104,10.44030650891055,6.4031242374328485,5.0,8.602325267042627,6.4031242374328485,16.278820596099706,14.212670403551895,15.556349186104047,13.892443989449806,18.439088914585774,18.867962264113206,17.0,17.4928556845359,17.204650534085253,13.038404810405298,14.317821063276352,13.341664064126334,15.03329637837291,14.142135623730951,1697810883.439667
21.023796041628636,9.0,22.090722034374522,14.560219778561038,13.601470508735444,21.840329667841555,21.213203435596427,30.01666203960727,19.0,19.924858845171276,15.132745950421555,27.202941017470888,13.0,13.601470508735444,13.601470508735444,18.60107523773827,1.4142135623730951,4.0,8.602325267042627,1.0,8.94427190999916,6.0827625302982185,8.246211251235321,7.810249675906654,20.223748416156685,10.44030650891055,15.0,11.0,17.720045146669353,11.704699910719626,15.297058540778355,8.06225774829855,13.0,5.0,16.15549442140351,9.219544457292887,16.15549442140351,11.0,17.08800749063506,21.587033144922902,25.317977802344327,23.086792761230395,25.495097567963924,27.459060435491963,22.20360331117452,24.331050121192874,22.02271554554524,20.223748416156685,15.297058540778355,17.46424919657298,15.524174696260024,18.788294228055936,1697810883.4684992
18.439088914585778,21.023796041628636,23.086792761230395,21.377558326431952,19.4164878389476,18.027756377319946,22.360679774997898,21.540659228538015,22.135943621178658,25.079872407968903,27.85677655436824,23.706539182259394,19.849433241279208,17.804493814764854,10.816653826391969,23.706539182259394,5.656854249492381,16.278820596099706,6.0827625302982185,8.602325267042627,6.0827625302982185,8.06225774829855,9.219544457292889,15.811388300841898,17.46424919657298,11.704699910719626,12.36931687685298,15.03329637837291,13.341664064126334,18.027756377319946,15.132745950421555,14.142135623730951,14.0,10.44030650891055,8.54400374531753,10.0,15.231546211727817,16.55294535724685,18.973665961010276,21.540659228538015,19.723082923316017,23.08679276123039,26.1725046566048,25.317977802344327,26.476404589747453,24.186773244895647,25.179356624028344,24.331050121192874,22.02271554554524,18.110770276274835,18.027756377319946,19.723082923316017,1697810883.4921558
21.93171219946131,28.861739379323623,22.203603311174515,15.811388300841898,18.35755975068582,22.0,24.69817807045694,19.026297590440446,30.083217912982647,23.194827009486403,20.0,27.018512172212592,23.0,19.026297590440446,13.038404810405298,16.1245154965971,12.806248474865697,16.401219466856727,8.602325267042627,12.806248474865697,10.770329614269007,9.219544457292889,9.848857801796104,9.433981132056603,14.212670403551895,9.219544457292889,11.0,16.1245154965971,12.041594578792296,10.816653826391969,19.1049731745428,13.453624047073712,19.79898987322333,14.7648230602334,10.295630140987,6.0827625302982185,5.0,22.847319317591726,14.317821063276352,15.811388300841896,16.1245154965971,24.698178070456937,28.31960451701259,23.853720883753127,24.839484696748443,26.92582403567252,24.041630560342618,21.93171219946131,19.4164878389476,18.35755975068582,13.92838827718412,17.11724276862369,1697810883.5249925
16.492422502470642,13.92838827718412,15.231546211727817,15.0,13.038404810405298,9.433981132056603,17.804493814764854,13.453624047073712,13.92838827718412,12.727922061357857,19.4164878389476,23.430749027719962,19.723082923316017,20.248456731316587,12.529964086141668,17.0,14.0,13.341664064126334,13.152946437965904,15.132745950421555,13.038404810405298,11.40175425099138,10.63014581273465,13.601470508735444,11.6619037896906,17.4928556845359,9.433981132056603,11.40175425099138,8.06225774829855,9.848857801796104,11.180339887498949,15.620499351813308,8.54400374531753,5.099019513592785,5.385164807134504,7.211102550927979,10.44030650891055,13.892443989449806,16.643316977093235,24.16609194718914,14.7648230602334,19.026297590440446,28.460498941515414,20.024984394500787,23.021728866442675,20.223748416156685,17.11724276862369,18.439088914585778,17.08800749063506,15.0,16.278820596099706,14.422205101855958,1697810883.5599394
21.0,22.360679774997898,19.313207915827967,19.313207915827967,19.697715603592208,19.235384061671343,15.652475842498529,17.46424919657298,20.591260281974,23.430749027719962,28.0178514522438,33.30165161069342,26.907248094147423,28.42534080710379,26.400757564888174,24.69817807045694,19.723082923316017,20.591260281974,18.027756377319946,18.439088914585778,15.03329637837291,13.152946437965904,11.0,13.0,16.278820596099706,12.36931687685298,11.045361017187261,15.524174696260024,13.416407864998739,13.601470508735444,13.0,13.601470508735444,11.40175425099138,8.246211251235321,5.099019513592785,6.708203932499369,8.246211251235321,19.1049731745428,23.021728866442675,25.01999200639361,21.023796041628636,25.059928172283335,29.832867780352593,33.83784863137726,29.732137494637012,32.01562118716424,33.12099032335839,34.48187929913334,17.4928556845359,23.60084744241189,19.6468827043885,23.194827009486403,1697810883.5723093
17.4928556845359,10.63014581273465,12.36931687685298,6.0827625302982185,5.8309518948453,13.038404810405298,7.615773105863909,9.055385138137417,12.529964086141668,19.79898987322333,18.788294228055936,30.528675044947498,27.313000567495326,26.870057685088806,32.449961479175904,38.2099463490856,30.610455730027933,25.80697580112788,21.095023109728988,22.472205054244235,16.278820596099706,13.453624047073712,17.4928556845359,15.620499351813308,7.810249675906654,3.0,1.0,1.4142135623730951,1.0,9.219544457292889,4.123105625617661,11.40175425099138,19.723082923316017,12.041594578792294,16.15549442140351,11.0,3.1622776601683795,1.0,9.055385138137417,12.0,12.165525060596437,13.416407864998739,22.80350850198276,20.8806130178211,26.832815729997478,26.419689627245813,13.601470508735444,18.027756377319946,19.1049731745428,18.027756377319946,16.278820596099706,26.0,1697810884.037497
13.92838827718412,9.055385138137417,6.0827625302982185,1.0,3.1622776601683795,6.4031242374328485,10.770329614269007,13.453624047073712,20.615528128088304,24.186773244895647,29.966648127543394,32.69556544854363,32.89376840679706,34.17601498127012,34.713109915419565,38.89730067755345,34.36568055487917,32.14031735997639,25.0,28.0713376952364,18.110770276274835,20.223748416156685,19.0,15.132745950421555,8.54400374531753,3.6055512754639896,6.0827625302982185,4.47213595499958,3.6055512754639896,7.0710678118654755,11.40175425099138,17.11724276862369,15.0,11.704699910719626,14.212670403551895,9.055385138137417,8.246211251235321,6.4031242374328485,8.94427190999916,15.231546211727817,14.142135623730951,15.132745950421555,19.1049731745428,20.0,21.213203435596427,23.345235059857504,23.769728648009423,26.92582403567252,24.041630560342615,22.847319317591726,21.931712199461305,21.633307652783937,1697810884.0824988
13.0,9.219544457292889,5.385164807134504,2.0,3.1622776601683795,6.0827625302982185,9.219544457292889,13.601470508735444,18.439088914585778,21.213203435596427,27.892651361962706,32.14031735997639,35.014282800023196,33.015148038438355,33.060550509633075,37.0,33.13608305156178,33.54101966249685,28.635642126552703,26.476404589747453,21.377558326431952,20.223748416156685,16.278820596099706,12.165525060596437,9.055385138137417,3.1622776601683795,3.0,3.1622776601683795,7.280109889280519,9.0,11.0,14.142135623730951,16.76305461424021,15.811388300841898,14.560219778561038,10.44030650891055,8.06225774829855,6.708203932499369,9.433981132056603,14.317821063276352,12.649110640673518,14.317821063276352,18.027756377319946,20.024984394500787,21.023796041628636,23.345235059857504,24.515301344262525,24.331050121192874,23.769728648009423,22.847319317591726,22.360679774997898,20.808652046684813,1697810884.0894983
12.08304597359457,8.602325267042627,3.6055512754639896,2.23606797749979,5.099019513592785,7.0710678118654755,10.04987562112089,14.0356688476182,18.248287590894655,21.213203435596427,28.017851452243796,36.345563690772494,38.600518131237564,31.32091952673165,28.23118842698621,40.24922359499622,32.57299494980467,34.48187929913334,26.419689627245813,23.259406699226012,24.69817807045694,19.697715603592208,13.892443989449806,13.416407864998739,8.94427190999916,6.0827625302982185,3.0,3.1622776601683795,5.385164807134504,6.708203932499369,13.601470508735444,11.6619037896906,15.231546211727817,18.35755975068582,16.643316977093235,10.0,8.246211251235321,5.099019513592785,10.0,14.422205101855958,13.038404810405298,14.317821063276352,20.223748416156685,21.213203435596427,22.090722034374522,24.083189157584588,26.0,26.019223662515373,24.020824298928627,23.769728648009423,23.08679276123039,22.847319317591726,1697810884.0984962
12.806248474865697,5.385164807134504,17.26267650163207,7.280109889280519,2.23606797749979,4.123105625617661,4.123105625617661,11.704699910719626,23.3238075793812,23.430749027719962,22.47220505424423,26.92582403567252,31.622776601683796,26.92582403567252,25.495097567963924,37.48332962798262,34.66987164671943,32.202484376209235,27.313000567495326,24.698178070456937,15.811388300841898,21.18962010041709,11.045361017187261,12.806248474865697,9.486832980505138,4.123105625617661,1.0,6.0,8.06225774829855,13.892443989449806,10.770329614269007,14.422205101855958,14.422205101855958,17.88854381999832,12.806248474865697,12.041594578792294,6.708203932499369,3.1622776601683795,9.219544457292889,12.041594578792294,13.416407864998739,16.76305461424021,25.0,23.345235059857504,23.769728648009426,23.430749027719962,21.95449840010015,23.769728648009426,22.360679774997898,22.022715545545243,16.1245154965971,18.38477631085024,1697810884.1144984
13.341664064126334,8.06225774829855,7.615773105863909,2.8284271247461903,5.8309518948453,9.219544457292887,7.280109889280519,17.029386365926403,11.180339887498949,21.02379604162864,22.203603311174515,31.953090617340916,37.589892258425,19.6468827043885,27.51363298439521,31.256999216175565,16.492422502470642,25.317977802344327,28.0,26.1725046566048,18.681541692269406,19.026297590440446,18.027756377319946,10.295630140987,5.8309518948453,1.4142135623730951,4.47213595499958,3.1622776601683795,12.041594578792294,8.54400374531753,11.045361017187261,16.0312195418814,13.038404810405298,17.029386365926403,5.0,5.8309518948453,8.246211251235321,15.811388300841898,8.54400374531753,12.08304597359457,11.6619037896906,12.649110640673518,16.0,19.0,19.0,21.095023109728984,23.086792761230395,24.020824298928627,22.20360331117452,21.840329667841555,22.472205054244235,20.6155281280883,1697810884.1224995
8.54400374531753,6.0827625302982185,3.1622776601683795,2.23606797749979,2.8284271247461903,5.0,8.54400374531753,10.816653826391969,13.0,13.416407864998739,19.4164878389476,20.6155281280883,24.73863375370596,25.317977802344327,27.018512172212592,27.073972741361768,24.186773244895647,19.026297590440446,23.086792761230395,17.26267650163207,17.720045146669353,14.142135623730951,11.40175425099138,11.180339887498949,7.0,1.4142135623730951,2.8284271247461903,5.099019513592785,5.385164807134504,8.602325267042627,7.280109889280519,10.295630140987,11.40175425099138,15.811388300841898,5.8309518948453,8.54400374531753,10.04987562112089,7.810249675906654,8.06225774829855,12.206555615733702,12.529964086141668,11.045361017187261,18.110770276274835,17.029386365926403,16.1245154965971,17.11724276862369,20.0,20.0,19.026297590440446,18.439088914585778,18.681541692269406,17.08800749063506,1697810884.142511
9.055385138137417,5.0,4.47213595499958,2.8284271247461903,3.0,4.123105625617661,10.0,14.0,18.110770276274835,18.248287590894655,24.083189157584588,32.01562118716424,30.463092423455635,32.89376840679706,43.08131845707603,42.95346318982905,30.870698080866262,30.23243291566195,28.017851452243796,21.18962010041709,22.825424421026653,28.635642126552703,13.892443989449806,10.63014581273465,9.055385138137417,3.6055512754639896,8.485281374238571,1.4142135623730951,10.0,14.212670403551895,7.0710678118654755,13.152946437965904,11.6619037896906,11.180339887498949,18.681541692269406,9.219544457292887,12.041594578792296,10.63014581273465,13.038404810405298,11.40175425099138,16.1245154965971,20.223748416156685,16.278820596099706,23.086792761230395,18.110770276274835,28.0713376952364,26.1725046566048,24.020824298928627,22.20360331117452,22.472205054244235,23.40939982143925,22.360679774997898,1697810884.1515055
12.649110640673518,5.099019513592785,4.47213595499958,5.8309518948453,8.54400374531753,10.816653826391969,16.1245154965971,14.0,14.142135623730951,23.194827009486403,26.019223662515373,29.27456233660889,33.95585369269929,30.413812651491096,28.442925306655788,31.32091952673165,30.083217912982644,29.5296461204668,26.419689627245813,24.839484696748443,16.970562748477143,10.04987562112089,5.0,10.0,7.211102550927979,4.242640687119286,5.0,6.324555320336759,9.055385138137417,11.180339887498949,12.36931687685298,14.560219778561038,15.03329637837291,15.297058540778355,14.317821063276352,11.0,8.94427190999916,8.94427190999916,10.44030650891055,13.341664064126334,15.297058540778355,15.03329637837291,19.1049731745428,21.095023109728984,24.186773244895647,26.1725046566048,27.16615541441225,28.0713376952364,28.0713376952364,26.076809620810597,25.179356624028344,24.331050121192874,1697810884.6461227
10.0,7.211102550927979,2.0,6.0827625302982185,4.123105625617661,3.6055512754639896,5.0,8.94427190999916,12.806248474865697,13.453624047073712,15.0,19.849433241279208,19.1049731745428,18.439088914585774,17.204650534085253,21.2602916254693,15.811388300841896,15.811388300841896,15.231546211727817,16.1245154965971,10.19803902718557,7.615773105863909,8.54400374531753,6.708203932499369,5.0,3.1622776601683795,2.23606797749979,3.6055512754639896,5.385164807134504,6.324555320336759,6.708203932499369,9.486832980505138,8.94427190999916,8.54400374531753,8.94427190999916,5.8309518948453,4.0,4.47213595499958,5.656854249492381,7.810249675906654,8.602325267042627,8.54400374531753,11.704699910719626,12.36931687685298,13.341664064126334,13.152946437965904,15.811388300841898,15.811388300841898,16.15549442140351,15.524174696260024,15.524174696260024,14.142135623730951,1697810884.6641417
12.36931687685298,6.708203932499369,3.6055512754639896,4.123105625617661,6.0,7.280109889280519,13.416407864998739,9.219544457292889,20.808652046684813,21.95449840010015,18.788294228055936,27.459060435491963,17.11724276862369,39.56008088970497,20.09975124224178,26.076809620810597,30.0,28.635642126552703,28.160255680657446,23.194827009486403,16.0312195418814,21.095023109728984,15.652475842498529,10.44030650891055,14.0356688476182,8.06225774829855,5.385164807134504,9.219544457292889,12.041594578792294,12.727922061357857,18.35755975068582,15.620499351813308,15.811388300841896,18.35755975068582,6.0827625302982185,15.620499351813308,9.219544457292889,14.212670403551895,8.06225774829855,15.811388300841898,10.0,12.649110640673518,22.20360331117452,21.587033144922902,18.788294228055936,27.459060435491963,26.248809496813376,30.06659275674582,27.018512172212592,20.39607805437114,20.223748416156685,30.26549190084311,1697810884.7186956
9.219544457292887,7.810249675906654,7.0,5.099019513592785,5.385164807134504,5.385164807134504,10.295630140987,8.602325267042627,14.317821063276352,16.401219466856727,17.029386365926403,20.518284528683193,24.207436873820413,23.853720883753127,22.360679774997898,23.706539182259394,18.35755975068582,21.95449840010015,20.12461179749811,17.08800749063506,11.180339887498949,10.19803902718557,11.180339887498949,10.19803902718557,9.219544457292887,5.8309518948453,5.0,7.0710678118654755,9.433981132056603,6.4031242374328485,10.63014581273465,10.816653826391969,8.54400374531753,10.816653826391969,12.806248474865697,11.40175425099138,10.0,3.6055512754639896,8.246211251235321,10.44030650891055,12.165525060596437,11.180339887498949,15.620499351813308,14.422205101855958,17.08800749063506,18.60107523773827,18.110770276274835,19.697715603592208,17.720045146669353,19.209372712298546,19.4164878389476,16.970562748477143,1697810884.7256727
13.601470508735444,9.219544457292887,6.0827625302982185,7.615773105863909,7.810249675906654,8.485281374238571,10.770329614269007,14.317821063276352,17.08800749063506,20.248456731316587,24.73863375370596,30.364452901377952,30.870698080866262,30.886890422961002,29.410882339705484,33.015148038438355,29.068883707497267,28.284271247461902,26.248809496813372,22.80350850198276,18.60107523773827,16.970562748477143,14.142135623730951,12.806248474865697,10.816653826391969,8.06225774829855,7.280109889280519,7.810249675906654,11.40175425099138,11.40175425099138,12.206555615733702,14.7648230602334,16.1245154965971,16.1245154965971,15.0,15.652475842498529,11.180339887498949,8.06225774829855,9.848857801796104,13.416407864998739,14.317821063276352,15.0,17.69180601295413,20.518284528683193,22.022715545545243,22.671568097509265,24.839484696748443,25.612496949731394,24.839484696748443,24.758836806279895,24.041630560342618,24.08318915758459,1697810884.7316723
10.0,5.0,5.656854249492381,5.0,6.324555320336759,4.0,4.0,7.0,9.219544457292889,10.04987562112089,17.46424919657298,18.027756377319946,18.027756377319946,22.0,21.840329667841555,23.021728866442675,22.090722034374522,21.0,21.095023109728984,13.892443989449806,9.486832980505138,12.165525060596437,6.324555320336759,8.06225774829855,7.280109889280519,2.23606797749979,5.385164807134504,4.0,8.0,9.055385138137417,8.246211251235321,14.0,8.246211251235321,8.94427190999916,12.36931687685298,14.212670403551895,10.0,7.0,8.54400374531753,8.06225774829855,14.7648230602334,13.453624047073712,13.038404810405298,13.0,16.0312195418814,19.235384061671347,20.223748416156685,24.041630560342615,20.8806130178211,16.0,19.235384061671347,15.132745950421555,1697810884.7386732
13.416407864998739,8.246211251235321,5.656854249492381,10.0,8.0,11.704699910719626,10.44030650891055,12.806248474865697,15.0,16.401219466856727,23.3452350598575,27.65863337187866,28.65309756378881,35.84689665786985,36.05551275463989,29.5296461204668,24.698178070456937,30.413812651491096,23.259406699226012,23.086792761230395,18.110770276274835,10.816653826391969,13.892443989449806,10.19803902718557,5.8309518948453,2.0,7.0710678118654755,3.1622776601683795,13.892443989449806,9.219544457292887,14.317821063276352,10.0,18.867962264113206,11.313708498984761,23.021728866442675,12.08304597359457,10.0,5.0,12.08304597359457,14.0356688476182,12.206555615733702,14.7648230602334,17.0,18.38477631085024,20.12461179749811,19.235384061671343,17.69180601295413,23.345235059857504,20.12461179749811,21.2602916254693,21.931712199461305,17.69180601295413,1697810884.745673
10.0,6.708203932499369,5.656854249492381,6.0,8.06225774829855,5.099019513592785,5.8309518948453,12.806248474865697,14.212670403551895,13.0,10.816653826391969,17.029386365926403,22.360679774997898,19.924858845171276,27.85677655436824,23.259406699226012,19.6468827043885,19.4164878389476,21.587033144922902,15.524174696260024,14.142135623730951,11.180339887498949,13.152946437965904,12.165525060596437,10.816653826391969,7.211102550927979,5.385164807134504,5.099019513592785,7.280109889280519,7.280109889280519,10.770329614269007,12.529964086141668,7.280109889280519,12.041594578792296,11.0,4.123105625617661,8.94427190999916,9.219544457292889,7.0,8.06225774829855,14.317821063276352,6.4031242374328485,15.652475842498529,7.615773105863909,15.811388300841898,17.08800749063506,14.0356688476182,15.652475842498529,18.110770276274835,15.524174696260024,15.132745950421555,14.212670403551895,1697810884.7566895
10.44030650891055,4.47213595499958,4.242640687119286,7.211102550927979,8.06225774829855,4.0,8.94427190999916,7.810249675906654,10.295630140987,13.92838827718412,13.601470508735444,18.788294228055936,21.023796041628636,17.11724276862369,19.235384061671347,23.086792761230395,21.095023109728984,20.223748416156685,19.026297590440446,15.0,14.142135623730951,9.486832980505138,11.045361017187261,8.0,8.54400374531753,7.211102550927979,7.211102550927979,4.123105625617661,9.055385138137417,9.486832980505138,7.280109889280519,5.8309518948453,11.045361017187261,9.0,9.848857801796104,7.280109889280519,8.94427190999916,4.123105625617661,7.615773105863909,6.0827625302982185,9.219544457292889,9.0,11.704699910719626,12.649110640673518,13.92838827718412,11.704699910719626,16.492422502470642,13.152946437965904,17.0,14.0,12.041594578792294,11.40175425099138,1697810884.7616856
14.317821063276352,8.246211251235321,5.385164807134504,8.54400374531753,7.0,9.219544457292889,10.44030650891055,13.152946437965904,13.038404810405298,19.235384061671343,19.79898987322333,25.553864678361276,21.633307652783937,32.28002478313795,26.92582403567252,30.26549190084311,24.020824298928627,22.090722034374522,19.1049731745428,16.278820596099706,16.278820596099706,15.03329637837291,14.0356688476182,15.03329637837291,11.180339887498949,7.211102550927979,10.63014581273465,8.246211251235321,11.180339887498949,10.04987562112089,10.19803902718557,10.44030650891055,10.0,14.142135623730951,19.1049731745428,10.44030650891055,13.92838827718412,8.94427190999916,10.04987562112089,8.06225774829855,9.899494936611665,11.6619037896906,13.0,12.165525060596437,17.4928556845359,19.235384061671343,17.029386365926403,19.924858845171276,20.0,20.12461179749811,17.720045146669353,19.924858845171276,1697810884.7677996
11.40175425099138,7.0710678118654755,6.4031242374328485,7.0710678118654755,10.19803902718557,8.246211251235321,3.6055512754639896,5.0,15.620499351813308,7.0710678118654755,19.209372712298546,24.207436873820413,17.69180601295413,17.804493814764854,24.08318915758459,24.08318915758459,22.360679774997898,23.3238075793812,19.313207915827967,12.041594578792294,15.652475842498529,11.40175425099138,13.152946437965904,10.04987562112089,8.602325267042627,4.242640687119286,5.656854249492381,5.385164807134504,9.848857801796104,9.055385138137417,5.8309518948453,9.433981132056603,8.246211251235321,9.219544457292887,9.219544457292887,10.0,2.8284271247461903,5.099019513592785,10.295630140987,8.0,2.8284271247461903,8.54400374531753,10.63014581273465,12.041594578792296,14.7648230602334,16.643316977093235,21.931712199461305,20.591260281974,25.238858928247925,22.671568097509265,22.135943621178658,20.615528128088304,1697810884.7728024
25.01999200639361,9.219544457292889,7.211102550927979,5.0,6.0827625302982185,5.0,7.0710678118654755,10.816653826391969,14.422205101855958,15.264337522473749,22.203603311174515,30.479501308256342,21.213203435596427,31.89043743820395,34.058772731852805,32.64965543462902,34.014702703389894,26.627053911388693,22.825424421026653,22.135943621178658,12.529964086141668,15.0,16.401219466856727,8.602325267042627,6.4031242374328485,5.385164807134504,6.4031242374328485,4.242640687119286,10.0,6.708203932499369,15.132745950421555,12.041594578792294,16.1245154965971,18.439088914585778,5.8309518948453,8.06225774829855,5.0,4.123105625617661,6.0827625302982185,12.806248474865697,12.649110640673518,15.524174696260024,8.06225774829855,18.027756377319946,17.46424919657298,23.086792761230395,32.38826948140329,27.0,35.05709628591621,28.284271247461902,24.331050121192874,15.132745950421555,1697810884.8217998
18.027756377319946,9.899494936611665,2.23606797749979,4.47213595499958,4.123105625617661,4.123105625617661,6.324555320336759,9.055385138137417,18.35755975068582,19.235384061671343,21.213203435596427,23.021728866442675,26.92582403567252,29.5296461204668,30.364452901377952,33.24154027718932,24.351591323771842,27.892651361962706,23.40939982143925,21.587033144922902,13.152946437965904,16.15549442140351,14.866068747318506,8.602325267042627,6.324555320336759,5.0,4.123105625617661,6.4031242374328485,8.06225774829855,10.0,11.180339887498949,12.529964086141668,14.317821063276352,13.038404810405298,13.0,12.206555615733702,9.486832980505138,6.0827625302982185,8.485281374238571,13.453624047073712,11.40175425099138,14.422205101855958,25.317977802344327,26.92582403567252,14.560219778561038,23.345235059857504,21.587033144922902,23.53720459187964,24.041630560342615,22.090722034374522,21.095023109728984,20.0,1697810884.8278005
12.806248474865697,5.385164807134504,2.0,7.0710678118654755,5.8309518948453,6.324555320336759,9.055385138137417,11.180339887498949,17.11724276862369,19.235384061671347,20.09975124224178,28.017851452243796,28.160255680657446,28.284271247461902,27.51363298439521,32.55764119219941,26.92582403567252,27.730849247724095,23.259406699226012,21.633307652783937,17.029386365926403,15.264337522473749,13.416407864998739,12.529964086141668,9.219544457292887,5.0,3.1622776601683795,6.324555320336759,7.280109889280519,8.06225774829855,16.15549442140351,25.079872407968907,21.840329667841555,12.165525060596437,11.045361017187261,9.486832980505138,3.0,3.6055512754639896,8.06225774829855,12.36931687685298,10.19803902718557,11.704699910719626,18.110770276274835,18.110770276274835,16.1245154965971,20.024984394500787,23.0,23.021728866442675,22.0,24.020824298928627,20.0,20.024984394500787,1697810884.8417995
22.80350850198276,1.4142135623730951,16.1245154965971,8.06225774829855,5.385164807134504,6.4031242374328485,2.23606797749979,8.485281374238571,16.278820596099706,13.416407864998739,20.615528128088304,32.7566787083184,29.68164415931166,29.832867780352593,34.48187929913333,34.20526275297414,30.364452901377952,26.92582403567252,24.041630560342615,20.39607805437114,15.0,12.041594578792294,9.0,8.246211251235321,11.6619037896906,0.0,6.708203932499369,7.0710678118654755,10.63014581273465,10.19803902718557,8.485281374238571,16.1245154965971,10.770329614269007,8.54400374531753,14.422205101855958,12.165525060596437,8.94427190999916,4.47213595499958,7.211102550927979,11.180339887498949,11.704699910719626,13.453624047073712,13.453624047073712,19.209372712298546,18.60107523773827,23.60084744241189,19.235384061671343,19.1049731745428,24.207436873820413,15.620499351813308,23.259406699226012,20.39607805437114,1697810884.8538144
12.206555615733702,3.1622776601683795,12.041594578792296,17.029386365926403,8.0,7.280109889280519,6.0827625302982185,10.19803902718557,17.08800749063506,18.788294228055936,23.40939982143925,31.38470965295043,28.442925306655788,28.284271247461902,34.205262752974136,37.48332962798263,31.0,26.305892875931807,25.179356624028344,24.186773244895647,16.278820596099706,17.11724276862369,13.341664064126334,13.152946437965904,10.770329614269007,6.708203932499369,7.0710678118654755,4.47213595499958,11.6619037896906,10.816653826391969,9.219544457292887,10.0,14.212670403551895,17.0,13.038404810405298,13.038404810405298,8.602325267042627,4.47213595499958,7.0710678118654755,11.6619037896906,16.278820596099706,16.1245154965971,17.029386365926403,16.401219466856727,19.4164878389476,28.65309756378881,21.400934559032695,22.671568097509265,23.3452350598575,25.80697580112788,23.3452350598575,23.706539182259394,1697810884.8628132
17.11724276862369,11.180339887498949,6.4031242374328485,9.055385138137417,3.6055512754639896,8.485281374238571,12.36931687685298,13.0,17.4928556845359,25.238858928247925,22.627416997969522,34.132096331752024,36.796738985948195,35.4682957019364,33.421549934136806,36.235341863986875,31.906112267087636,32.2490309931942,28.178005607210743,22.847319317591726,23.769728648009426,19.849433241279208,11.6619037896906,12.806248474865697,9.848857801796104,7.0710678118654755,4.47213595499958,9.433981132056603,11.045361017187261,12.08304597359457,12.165525060596437,14.142135623730951,20.223748416156685,15.652475842498529,17.88854381999832,6.708203932499369,13.038404810405298,9.219544457292887,10.816653826391969,13.416407864998739,15.0,19.235384061671347,19.0,23.021728866442675,29.1547594742265,27.0,33.13608305156178,35.35533905932738,33.24154027718932,26.476404589747453,29.0,25.96150997149434,1697810884.871324
7.211102550927979,9.219544457292887,13.0,2.23606797749979,4.123105625617661,7.810249675906654,10.04987562112089,6.0827625302982185,14.317821063276352,20.024984394500787,17.029386365926403,28.017851452243796,30.80584360149873,25.553864678361276,40.70626487409524,31.38470965295043,27.202941017470888,28.42534080710379,22.671568097509265,18.60107523773827,16.1245154965971,13.038404810405298,5.0,10.816653826391969,8.94427190999916,4.242640687119286,5.099019513592785,2.8284271247461903,8.06225774829855,11.6619037896906,10.816653826391969,12.041594578792294,13.416407864998739,10.0,9.055385138137417,10.816653826391969,9.848857801796104,5.099019513592785,12.649110640673518,8.246211251235321,13.038404810405298,7.0710678118654755,19.697715603592208,24.73863375370596,16.1245154965971,17.0,24.73863375370596,27.202941017470888,21.931712199461305,14.866068747318506,21.633307652783937,22.022715545545243,1697810884.8773265
5.656854249492381,3.6055512754639896,2.23606797749979,2.23606797749979,2.23606797749979,2.8284271247461903,3.0,6.0,6.0,8.06225774829855,10.0,14.0,14.142135623730951,13.341664064126334,13.341664064126334,14.866068747318506,13.0,10.295630140987,10.295630140987,9.433981132056603,6.4031242374328485,5.8309518948453,5.0,4.47213595499958,3.6055512754639896,1.4142135623730951,2.23606797749979,2.23606797749979,3.6055512754639896,2.8284271247461903,4.47213595499958,6.4031242374328485,5.656854249492381,5.8309518948453,5.0,4.242640687119286,3.1622776601683795,3.1622776601683795,4.47213595499958,6.324555320336759,5.385164807134504,7.211102550927979,7.810249675906654,9.219544457292887,9.899494936611665,10.0,11.313708498984761,12.041594578792296,11.313708498984761,11.40175425099138,11.40175425099138,10.816653826391969,1697810884.885325
10.770329614269007,5.8309518948453,1.0,4.0,4.47213595499958,5.8309518948453,11.40175425099138,12.041594578792296,16.401219466856727,21.2602916254693,25.0,29.410882339705484,33.12099032335839,25.63201123595259,31.780497164141405,30.083217912982647,29.27456233660889,23.0,23.0,19.1049731745428,14.560219778561038,14.0,9.486832980505138,6.0827625302982185,6.0827625302982185,5.0,3.6055512754639896,7.615773105863909,14.422205101855958,8.54400374531753,11.40175425099138,13.416407864998739,11.40175425099138,12.727922061357857,24.186773244895647,8.06225774829855,8.602325267042627,7.280109889280519,10.295630140987,15.264337522473749,13.453624047073712,13.601470508735444,19.849433241279208,22.360679774997898,34.52535300326414,36.40054944640259,19.79898987322333,10.295630140987,23.021728866442675,30.0,25.0,20.808652046684813,1697810884.921323
7.0710678118654755,12.727922061357857,6.0,10.19803902718557,13.416407864998739,5.099019513592785,7.615773105863909,18.027756377319946,19.4164878389476,18.788294228055936,31.064449134018133,29.0,35.0,38.2099463490856,24.596747752497688,38.28837943815329,28.284271247461902,25.455844122715714,23.021728866442675,18.439088914585774,16.401219466856727,7.0710678118654755,20.0,8.06225774829855,3.6055512754639896,2.23606797749979,4.47213595499958,5.099019513592785,10.44030650891055,10.44030650891055,14.317821063276352,12.206555615733702,19.235384061671343,8.94427190999916,8.06225774829855,1.0,10.44030650891055,4.242640687119286,13.038404810405298,15.03329637837291,18.248287590894655,13.453624047073712,19.4164878389476,21.2602916254693,30.4138126514911,24.596747752497688,28.0178514522438,32.64965543462902,26.248809496813372,26.400757564888174,22.671568097509265,25.079872407968903,1697810884.9343262
10.44030650891055,5.099019513592785,2.23606797749979,3.1622776601683795,4.123105625617661,6.4031242374328485,4.242640687119286,11.6619037896906,14.422205101855958,18.439088914585778,23.40939982143925,23.706539182259394,20.518284528683193,23.60084744241189,26.076809620810597,26.1725046566048,26.92582403567252,17.4928556845359,15.264337522473749,15.231546211727817,11.6619037896906,10.19803902718557,8.54400374531753,7.810249675906654,4.47213595499958,1.4142135623730951,4.47213595499958,6.708203932499369,9.055385138137417,11.045361017187261,11.40175425099138,12.041594578792294,10.44030650891055,12.36931687685298,15.03329637837291,10.04987562112089,4.242640687119286,5.8309518948453,11.180339887498949,13.416407864998739,13.892443989449806,15.264337522473749,20.223748416156685,18.027756377319946,19.0,22.360679774997898,21.377558326431952,20.39607805437114,22.135943621178658,23.021728866442675,24.186773244895647,17.26267650163207,1697810884.9413276
3.6055512754639896,2.23606797749979,2.8284271247461903,1.4142135623730951,7.0710678118654755,4.242640687119286,6.0827625302982185,9.486832980505138,11.180339887498949,11.704699910719626,14.560219778561038,22.135943621178658,21.840329667841555,23.021728866442675,19.0,19.026297590440446,21.377558326431952,16.1245154965971,17.26267650163207,14.317821063276352,9.848857801796104,9.219544457292889,9.219544457292889,8.0,3.1622776601683795,5.656854249492381,5.099019513592785,3.6055512754639896,5.0,5.8309518948453,7.0710678118654755,10.816653826391969,10.295630140987,8.06225774829855,7.810249675906654,1.0,4.47213595499958,5.0,8.602325267042627,10.63014581273465,10.63014581273465,8.94427190999916,14.317821063276352,17.46424919657298,15.811388300841898,14.142135623730951,13.92838827718412,16.76305461424021,16.76305461424021,14.0356688476182,15.132745950421555,17.0,1697810884.9503295
5.8309518948453,2.23606797749979,2.0,3.1622776601683795,4.47213595499958,6.708203932499369,7.810249675906654,10.0,11.6619037896906,13.601470508735444,17.804493814764854,21.95449840010015,21.540659228538015,20.615528128088304,19.6468827043885,22.80350850198276,18.439088914585778,18.248287590894655,16.1245154965971,14.0,11.0,10.04987562112089,7.280109889280519,6.0827625302982185,3.1622776601683795,4.123105625617661,4.0,5.0,7.810249675906654,8.485281374238571,8.602325267042627,9.219544457292887,10.0,8.602325267042627,9.219544457292887,3.6055512754639896,5.0,4.47213595499958,7.211102550927979,9.219544457292887,9.899494936611665,10.295630140987,14.317821063276352,12.649110640673518,14.7648230602334,14.866068747318506,16.55294535724685,16.1245154965971,17.08800749063506,16.492422502470642,15.524174696260024,16.0312195418814,1697810884.9573345
6.0,7.615773105863909,6.4031242374328485,5.0,1.0,7.0710678118654755,12.649110640673518,10.770329614269007,16.0312195418814,14.560219778561038,22.360679774997898,20.248456731316587,23.706539182259394,23.3238075793812,22.627416997969522,22.671568097509265,17.804493814764854,19.849433241279208,19.1049731745428,14.212670403551895,9.899494936611665,9.899494936611665,8.94427190999916,6.4031242374328485,3.6055512754639896,3.6055512754639896,3.1622776601683795,5.0,8.06225774829855,8.06225774829855,12.165525060596437,13.152946437965904,10.19803902718557,12.041594578792294,11.045361017187261,7.280109889280519,5.385164807134504,6.4031242374328485,9.848857801796104,12.529964086141668,14.866068747318506,15.132745950421555,15.132745950421555,16.0,19.026297590440446,19.026297590440446,18.027756377319946,21.0,21.095023109728984,21.213203435596427,20.024984394500787,20.8806130178211,1697810884.9633389
6.708203932499369,5.0,6.324555320336759,5.099019513592785,4.123105625617661,7.211102550927979,8.06225774829855,9.219544457292887,13.453624047073712,15.556349186104047,16.278820596099706,23.60084744241189,24.186773244895647,23.706539182259394,19.1049731745428,21.931712199461305,20.248456731316587,21.18962010041709,11.180339887498949,16.1245154965971,12.0,11.180339887498949,13.0,6.0827625302982185,5.385164807134504,3.0,3.6055512754639896,4.47213595499958,7.810249675906654,5.656854249492381,9.433981132056603,10.816653826391969,11.40175425099138,8.94427190999916,9.433981132056603,5.0,4.123105625617661,6.324555320336759,8.602325267042627,12.806248474865697,12.727922061357857,14.142135623730951,17.46424919657298,18.973665961010276,19.697715603592208,20.0,20.248456731316587,21.02379604162864,21.931712199461305,15.231546211727817,18.38477631085024,18.439088914585778,1697810884.9708533
