6,7,8,9,10,11,12,13,14,15,16,17,18,19,20,21,22,23,24,25,26,27,28,29,30,31,33,34,35,36,37,38,39,40,41,42,43,44,45,46,47,48,49,50,51,52,53,54,55,56,57,58,timestamp
13.038404810405298,7.211102550927979,13.038404810405298,14.142135623730951,11.045361017187261,14.317821063276352,21.0,17.029386365926403,18.110770276274835,19.235384061671347,22.20360331117452,20.248456731316587,28.160255680657446,22.135943621178658,23.53720459187964,26.92582403567252,17.204650534085253,15.231546211727817,11.6619037896906,11.313708498984761,16.0312195418814,10.770329614269007,12.206555615733702,6.0,12.529964086141668,9.486832980505138,12.727922061357857,12.041594578792296,14.7648230602334,15.811388300841896,14.142135623730951,17.0,15.811388300841896,16.970562748477143,17.029386365926403,12.806248474865697,13.453624047073712,10.816653826391969,13.92838827718412,14.866068747318506,18.681541692269406,17.46424919657298,19.4164878389476,16.0312195418814,18.973665961010276,20.223748416156685,18.681541692269406,20.248456731316587,20.615528128088304,18.681541692269406,18.027756377319946,14.0356688476182,1697990069.5492625
13.038404810405298,7.0710678118654755,13.601470508735444,16.55294535724685,12.36931687685298,17.88854381999832,14.866068747318504,16.278820596099706,18.788294228055936,19.313207915827967,18.973665961010276,22.80350850198276,19.6468827043885,21.213203435596427,23.53720459187964,18.248287590894655,19.0,15.03329637837291,14.317821063276352,14.0356688476182,15.297058540778355,10.770329614269007,12.206555615733702,6.0,7.810249675906654,8.602325267042627,10.0,8.54400374531753,13.416407864998739,13.152946437965904,13.92838827718412,17.204650534085253,15.811388300841896,15.652475842498529,14.422205101855958,11.40175425099138,10.770329614269007,10.04987562112089,13.92838827718412,14.0356688476182,15.03329637837291,14.317821063276352,19.235384061671347,16.0312195418814,16.0312195418814,14.560219778561038,18.248287590894655,20.09975124224178,19.235384061671347,18.027756377319946,14.142135623730951,14.866068747318506,1697990069.55464
10.19803902718557,11.313708498984761,17.26267650163207,14.142135623730951,16.0312195418814,12.165525060596437,14.0356688476182,20.09975124224178,19.235384061671347,18.681541692269406,19.6468827043885,20.8806130178211,19.313207915827967,19.697715603592208,17.88854381999832,18.788294228055936,15.652475842498529,15.264337522473749,14.317821063276352,13.038404810405298,8.06225774829855,10.770329614269007,8.06225774829855,8.06225774829855,7.211102550927979,9.433981132056603,7.211102550927979,9.433981132056603,10.63014581273465,13.601470508735444,13.453624047073712,15.556349186104047,16.278820596099706,13.453624047073712,15.556349186104047,13.453624047073712,10.295630140987,12.529964086141668,13.416407864998739,14.560219778561038,16.15549442140351,16.492422502470642,18.973665961010276,16.492422502470642,18.439088914585778,18.439088914585778,18.973665961010276,17.720045146669353,18.681541692269406,18.248287590894655,17.46424919657298,16.278820596099706,1697990069.5636406
7.211102550927979,12.206555615733702,15.297058540778355,16.1245154965971,12.806248474865697,14.560219778561038,14.560219778561038,19.697715603592208,19.235384061671343,18.867962264113206,19.4164878389476,20.615528128088304,19.1049731745428,20.518284528683193,18.38477631085024,19.1049731745428,16.401219466856727,15.811388300841896,14.866068747318504,10.44030650891055,16.643316977093235,10.770329614269007,10.0,8.06225774829855,6.324555320336759,8.94427190999916,9.055385138137417,11.40175425099138,10.770329614269007,13.92838827718412,13.0,14.7648230602334,13.601470508735444,14.866068747318506,15.231546211727817,13.0,12.08304597359457,9.848857801796104,11.6619037896906,14.212670403551895,16.401219466856727,14.142135623730951,18.439088914585774,16.278820596099706,15.556349186104047,17.029386365926403,18.60107523773827,16.970562748477143,18.439088914585774,16.401219466856727,15.620499351813308,14.866068747318504,1697990069.569136
8.0,9.848857801796104,15.811388300841898,16.492422502470642,13.0,12.649110640673518,12.206555615733702,18.027756377319946,19.924858845171276,17.720045146669353,24.73863375370596,22.360679774997898,21.095023109728984,22.090722034374522,17.029386365926403,22.02271554554524,15.0,14.0,12.36931687685298,14.0356688476182,13.038404810405298,11.045361017187261,13.0,8.0,13.601470508735444,12.206555615733702,10.0,9.848857801796104,10.770329614269007,11.40175425099138,12.36931687685298,17.720045146669353,16.76305461424021,11.6619037896906,14.560219778561038,13.92838827718412,12.36931687685298,14.142135623730951,13.92838827718412,15.811388300841898,16.0,14.142135623730951,18.248287590894655,17.46424919657298,18.248287590894655,17.46424919657298,18.248287590894655,19.4164878389476,18.248287590894655,18.248287590894655,19.1049731745428,17.029386365926403,1697990069.600546
10.0,10.19803902718557,13.892443989449806,18.60107523773827,14.422205101855958,12.806248474865697,17.804493814764854,19.723082923316017,20.0,20.248456731316587,21.633307652783937,24.186773244895647,21.931712199461305,21.18962010041709,20.8806130178211,20.8806130178211,18.439088914585778,17.26267650163207,15.297058540778355,13.341664064126334,12.36931687685298,11.40175425099138,9.848857801796104,9.433981132056603,10.0,10.0,10.295630140987,10.770329614269007,12.36931687685298,13.152946437965904,13.341664064126334,15.297058540778355,16.492422502470642,14.560219778561038,15.524174696260024,13.341664064126334,12.041594578792294,11.045361017187261,13.038404810405298,14.317821063276352,16.1245154965971,16.278820596099706,17.26267650163207,16.492422502470642,17.46424919657298,17.720045146669353,18.439088914585778,18.110770276274835,18.248287590894655,17.26267650163207,17.11724276862369,14.142135623730951,1697990069.6065404
5.8309518948453,14.317821063276352,16.0312195418814,16.76305461424021,16.278820596099706,15.524174696260024,17.26267650163207,19.4164878389476,20.615528128088304,20.6155281280883,19.697715603592208,21.95449840010015,23.259406699226012,21.470910553583888,20.808652046684813,22.203603311174515,19.1049731745428,16.401219466856727,14.212670403551895,13.453624047073712,14.212670403551895,11.6619037896906,10.816653826391969,9.848857801796104,9.055385138137417,8.06225774829855,10.770329614269007,11.180339887498949,12.08304597359457,12.08304597359457,14.422205101855958,13.892443989449806,17.0,14.7648230602334,15.652475842498529,12.529964086141668,11.6619037896906,9.899494936611665,14.317821063276352,14.422205101855958,14.142135623730951,16.278820596099706,15.264337522473749,15.264337522473749,17.4928556845359,17.0,18.027756377319946,18.60107523773827,18.60107523773827,17.204650534085253,16.401219466856727,15.811388300841896,1697990069.6171324
5.8309518948453,13.038404810405298,13.038404810405298,18.439088914585774,19.4164878389476,17.69180601295413,17.4928556845359,16.643316977093235,20.518284528683193,21.93171219946131,23.430749027719962,25.495097567963924,23.853720883753127,21.633307652783937,22.360679774997898,20.6155281280883,19.313207915827967,16.76305461424021,16.55294535724685,15.811388300841898,12.649110640673518,11.6619037896906,12.041594578792296,8.602325267042627,10.0,10.63014581273465,12.649110640673518,10.295630140987,13.92838827718412,15.03329637837291,14.142135623730951,16.492422502470642,17.08800749063506,17.88854381999832,15.297058540778355,13.601470508735444,14.142135623730951,12.649110640673518,17.0,17.26267650163207,17.0,18.027756377319946,17.26267650163207,18.110770276274835,19.026297590440446,19.235384061671347,20.0,19.026297590440446,19.0,18.027756377319946,18.027756377319946,15.03329637837291,1697990069.623206
5.0,14.0,12.041594578792294,14.422205101855958,15.231546211727817,13.416407864998739,14.317821063276352,14.317821063276352,18.788294228055936,19.723082923316017,18.60107523773827,22.80350850198276,23.853720883753127,20.518284528683193,19.209372712298546,18.439088914585774,19.313207915827967,15.0,13.038404810405298,14.7648230602334,11.313708498984761,8.602325267042627,12.041594578792296,6.0827625302982185,10.0,8.0,11.704699910719626,13.601470508735444,10.770329614269007,12.529964086141668,12.206555615733702,15.556349186104047,15.652475842498529,17.46424919657298,14.212670403551895,13.453624047073712,11.40175425099138,10.816653826391969,11.6619037896906,13.038404810405298,17.4928556845359,16.55294535724685,18.35755975068582,15.652475842498529,18.38477631085024,17.88854381999832,17.88854381999832,17.46424919657298,15.652475842498529,15.811388300841898,18.027756377319946,12.649110640673518,1697990069.6311882
7.810249675906654,10.295630140987,15.231546211727817,17.11724276862369,18.681541692269406,15.811388300841898,17.11724276862369,18.248287590894655,21.0,20.09975124224178,23.0,25.0,26.476404589747453,23.853720883753127,23.769728648009423,21.587033144922902,19.6468827043885,16.76305461424021,15.811388300841898,14.317821063276352,13.152946437965904,13.038404810405298,11.0,10.19803902718557,10.19803902718557,10.295630140987,10.0,10.63014581273465,14.212670403551895,15.231546211727817,14.422205101855958,18.35755975068582,20.808652046684813,16.643316977093235,18.60107523773827,16.401219466856727,13.416407864998739,16.15549442140351,15.132745950421555,18.027756377319946,16.0312195418814,17.46424919657298,20.0,20.09975124224178,20.09975124224178,19.0,22.02271554554524,20.09975124224178,20.09975124224178,19.235384061671347,17.0,13.0,1697990069.6432037
7.615773105863909,15.231546211727817,13.341664064126334,15.811388300841898,18.35755975068582,17.46424919657298,19.697715603592208,20.808652046684813,21.095023109728988,22.203603311174515,23.021728866442675,24.207436873820413,23.3452350598575,22.627416997969522,21.93171219946131,21.2602916254693,18.439088914585774,17.804493814764854,16.401219466856727,14.212670403551895,13.453624047073712,12.727922061357857,10.63014581273465,11.180339887498949,10.770329614269007,10.19803902718557,11.0,12.165525060596437,13.341664064126334,14.560219778561038,15.524174696260024,17.46424919657298,18.248287590894655,17.26267650163207,16.278820596099706,14.317821063276352,13.601470508735444,14.317821063276352,15.264337522473749,16.643316977093235,16.643316977093235,17.804493814764854,19.4164878389476,18.439088914585774,19.209372712298546,19.209372712298546,20.248456731316587,19.4164878389476,20.808652046684813,18.60107523773827,18.027756377319946,16.401219466856727,1697990069.6558428
11.40175425099138,11.180339887498949,14.422205101855958,16.55294535724685,15.652475842498529,16.1245154965971,17.46424919657298,18.788294228055936,21.18962010041709,20.248456731316587,20.39607805437114,22.360679774997898,21.095023109728984,21.023796041628636,20.0,20.0,18.110770276274835,19.1049731745428,17.26267650163207,16.0,14.317821063276352,14.142135623730951,10.63014581273465,11.180339887498949,13.416407864998739,7.0710678118654755,9.899494936611665,10.816653826391969,10.770329614269007,10.0,14.422205101855958,14.317821063276352,17.0,15.264337522473749,13.416407864998739,11.6619037896906,11.180339887498949,10.295630140987,15.264337522473749,18.027756377319946,16.492422502470642,19.0,19.1049731745428,18.027756377319946,19.026297590440446,19.0,19.1049731745428,19.235384061671347,20.223748416156685,18.248287590894655,17.26267650163207,16.0312195418814,1697990069.6638615
14.422205101855958,11.40175425099138,11.40175425099138,17.029386365926403,17.029386365926403,18.027756377319946,17.029386365926403,19.4164878389476,21.095023109728988,20.591260281974,24.186773244895647,22.825424421026653,22.472205054244235,20.6155281280883,19.6468827043885,20.223748416156685,18.248287590894655,16.278820596099706,13.341664064126334,13.341664064126334,11.40175425099138,11.704699910719626,11.180339887498949,10.295630140987,13.892443989449806,9.433981132056603,11.40175425099138,11.40175425099138,14.142135623730951,14.142135623730951,16.0312195418814,16.278820596099706,17.46424919657298,15.524174696260024,19.4164878389476,16.1245154965971,16.278820596099706,14.0,15.811388300841898,16.15549442140351,18.439088914585778,19.6468827043885,19.4164878389476,19.6468827043885,20.39607805437114,19.924858845171276,21.377558326431952,19.6468827043885,20.39607805437114,20.615528128088304,19.4164878389476,17.720045146669353,1697990069.6728308
8.06225774829855,18.973665961010276,11.045361017187261,17.11724276862369,15.0,19.235384061671347,15.297058540778355,17.720045146669353,19.924858845171276,18.439088914585778,17.720045146669353,21.840329667841555,19.697715603592208,19.697715603592208,19.235384061671343,19.723082923316017,17.804493814764854,14.7648230602334,11.6619037896906,11.180339887498949,11.40175425099138,9.486832980505138,11.0,12.08304597359457,8.54400374531753,9.433981132056603,9.486832980505138,11.180339887498949,11.6619037896906,11.40175425099138,13.92838827718412,15.231546211727817,18.681541692269406,15.231546211727817,16.15549442140351,13.0,13.892443989449806,9.433981132056603,12.041594578792296,17.804493814764854,19.849433241279208,18.38477631085024,17.69180601295413,16.970562748477143,18.38477631085024,19.1049731745428,19.849433241279208,18.439088914585774,18.439088914585774,18.38477631085024,17.804493814764854,16.970562748477143,1697990069.6818736
12.529964086141668,10.295630140987,16.1245154965971,13.92838827718412,15.811388300841898,15.811388300841898,16.15549442140351,20.12461179749811,20.39607805437114,20.39607805437114,18.248287590894655,23.345235059857504,20.024984394500787,19.026297590440446,21.0,21.095023109728984,15.297058540778355,16.278820596099706,15.132745950421555,13.038404810405298,12.041594578792294,11.045361017187261,10.19803902718557,12.08304597359457,10.295630140987,8.94427190999916,11.313708498984761,10.63014581273465,13.0,14.317821063276352,15.264337522473749,15.264337522473749,17.204650534085253,16.401219466856727,14.212670403551895,13.892443989449806,10.770329614269007,13.92838827718412,17.46424919657298,16.1245154965971,17.46424919657298,19.235384061671347,20.39607805437114,18.248287590894655,19.6468827043885,20.223748416156685,20.615528128088304,20.615528128088304,19.6468827043885,19.4164878389476,17.720045146669353,17.26267650163207,1697990069.7090647
7.615773105863909,10.0,11.045361017187261,15.231546211727817,14.317821063276352,15.811388300841898,15.811388300841898,15.811388300841898,18.788294228055936,19.697715603592208,20.6155281280883,23.706539182259394,21.400934559032695,20.248456731316587,17.69180601295413,19.1049731745428,16.278820596099706,13.453624047073712,12.206555615733702,13.038404810405298,8.485281374238571,8.06225774829855,11.704699910719626,10.816653826391969,10.44030650891055,7.0710678118654755,9.055385138137417,10.295630140987,12.08304597359457,15.811388300841896,10.770329614269007,16.1245154965971,15.297058540778355,13.601470508735444,15.652475842498529,13.601470508735444,12.529964086141668,13.892443989449806,14.866068747318504,16.278820596099706,13.453624047073712,17.69180601295413,20.518284528683193,17.029386365926403,19.1049731745428,19.849433241279208,22.022715545545243,19.1049731745428,19.1049731745428,19.4164878389476,17.69180601295413,14.866068747318504,1697990069.7145748
12.041594578792296,9.433981132056603,12.165525060596437,15.03329637837291,18.0,16.0312195418814,15.297058540778355,20.615528128088304,20.09975124224178,20.39607805437114,22.80350850198276,24.16609194718914,22.360679774997898,21.95449840010015,19.723082923316017,21.633307652783937,16.401219466856727,16.401219466856727,14.212670403551895,12.806248474865697,11.6619037896906,11.180339887498949,9.848857801796104,7.0710678118654755,10.04987562112089,9.219544457292889,8.94427190999916,10.295630140987,10.0,12.041594578792296,12.727922061357857,14.212670403551895,15.811388300841896,14.212670403551895,15.620499351813308,16.401219466856727,12.041594578792296,12.806248474865697,13.892443989449806,16.15549442140351,17.4928556845359,17.08800749063506,20.12461179749811,16.55294535724685,18.38477631085024,16.76305461424021,19.235384061671343,18.788294228055936,18.867962264113206,16.1245154965971,16.1245154965971,16.76305461424021,1697990069.7316751
15.0,11.180339887498949,12.165525060596437,15.03329637837291,18.0,16.1245154965971,23.345235059857504,16.492422502470642,25.179356624028344,17.11724276862369,18.973665961010276,24.16609194718914,19.924858845171276,19.6468827043885,20.248456731316587,18.681541692269406,17.46424919657298,16.401219466856727,11.6619037896906,12.806248474865697,10.0,10.04987562112089,7.0710678118654755,12.0,12.165525060596437,9.486832980505138,10.770329614269007,9.219544457292887,11.40175425099138,12.08304597359457,13.601470508735444,14.212670403551895,16.278820596099706,14.866068747318504,14.866068747318504,11.6619037896906,8.94427190999916,10.44030650891055,12.36931687685298,15.03329637837291,15.811388300841898,16.1245154965971,17.46424919657298,15.132745950421555,17.11724276862369,18.027756377319946,19.235384061671347,17.26267650163207,18.248287590894655,17.26267650163207,16.492422502470642,15.03329637837291,1697990069.7446806
8.94427190999916,12.206555615733702,19.209372712298546,15.556349186104047,15.811388300841896,18.35755975068582,20.591260281974,25.059928172283335,20.615528128088304,21.93171219946131,22.80350850198276,23.60084744241189,21.470910553583888,23.259406699226012,21.02379604162864,17.88854381999832,17.46424919657298,17.46424919657298,14.317821063276352,15.524174696260024,12.36931687685298,13.601470508735444,11.40175425099138,8.602325267042627,13.453624047073712,8.54400374531753,10.19803902718557,11.180339887498949,15.0,11.180339887498949,14.0356688476182,15.03329637837291,16.0312195418814,15.132745950421555,15.132745950421555,14.0,11.180339887498949,12.041594578792294,16.15549442140351,18.867962264113206,16.55294535724685,14.7648230602334,17.88854381999832,17.0,17.08800749063506,18.38477631085024,18.439088914585778,18.38477631085024,15.811388300841898,19.235384061671343,17.0,12.529964086141668,1697990069.753911
8.602325267042627,10.44030650891055,17.0,15.297058540778355,17.11724276862369,18.110770276274835,20.223748416156685,23.194827009486403,23.194827009486403,25.495097567963924,24.351591323771842,25.96150997149434,22.825424421026653,24.69817807045694,22.203603311174515,22.80350850198276,19.209372712298546,20.248456731316587,15.556349186104047,14.866068747318504,14.212670403551895,11.180339887498949,8.246211251235321,9.486832980505138,9.055385138137417,12.529964086141668,9.848857801796104,12.36931687685298,12.08304597359457,14.7648230602334,16.1245154965971,18.867962264113206,17.46424919657298,17.204650534085253,16.1245154965971,12.041594578792296,13.453624047073712,13.453624047073712,16.970562748477143,17.204650534085253,18.027756377319946,17.88854381999832,20.591260281974,18.60107523773827,17.720045146669353,20.248456731316587,22.360679774997898,18.38477631085024,21.95449840010015,19.235384061671343,19.4164878389476,18.027756377319946,1697990069.7759318
8.602325267042627,12.727922061357857,19.1049731745428,15.03329637837291,17.88854381999832,18.110770276274835,14.7648230602334,21.840329667841555,23.194827009486403,21.540659228538015,22.47220505424423,26.419689627245813,22.825424421026653,23.194827009486403,18.248287590894655,21.18962010041709,22.561028345356952,20.248456731316587,15.811388300841896,14.866068747318504,14.317821063276352,11.180339887498949,7.810249675906654,9.486832980505138,9.055385138137417,9.433981132056603,8.602325267042627,8.602325267042627,13.0,13.0,14.560219778561038,12.649110640673518,17.08800749063506,17.08800749063506,14.317821063276352,12.529964086141668,11.6619037896906,13.601470508735444,13.038404810405298,13.0,15.03329637837291,17.029386365926403,20.0,16.0312195418814,17.029386365926403,17.029386365926403,18.027756377319946,19.026297590440446,19.026297590440446,18.110770276274835,17.26267650163207,15.0,1697990069.8056557
14.142135623730951,10.44030650891055,12.649110640673518,17.4928556845359,16.1245154965971,16.1245154965971,17.88854381999832,20.248456731316587,20.808652046684813,21.400934559032695,23.60084744241189,24.839484696748443,22.627416997969522,21.2602916254693,20.808652046684813,20.0,18.35755975068582,18.60107523773827,14.7648230602334,13.416407864998739,13.892443989449806,13.601470508735444,6.324555320336759,9.486832980505138,13.416407864998739,10.44030650891055,10.19803902718557,11.045361017187261,11.0,14.0356688476182,14.142135623730951,17.029386365926403,14.0,13.038404810405298,14.0,11.045361017187261,12.0,13.0,15.231546211727817,16.55294535724685,16.15549442140351,16.55294535724685,17.0,17.0,17.0,18.35755975068582,18.788294228055936,18.788294228055936,18.788294228055936,17.88854381999832,17.46424919657298,16.1245154965971,1697990069.815925
9.848857801796104,7.615773105863909,12.649110640673518,16.55294535724685,15.231546211727817,18.38477631085024,18.38477631085024,20.12461179749811,19.723082923316017,20.248456731316587,21.633307652783937,22.80350850198276,21.93171219946131,20.518284528683193,20.808652046684813,19.1049731745428,15.620499351813308,14.866068747318504,13.038404810405298,14.212670403551895,13.892443989449806,11.180339887498949,10.19803902718557,6.324555320336759,9.848857801796104,8.246211251235321,10.19803902718557,9.486832980505138,13.0,10.770329614269007,13.601470508735444,17.0,14.0,15.231546211727817,14.560219778561038,13.152946437965904,12.529964086141668,12.08304597359457,13.453624047073712,14.866068747318504,15.620499351813308,16.278820596099706,17.69180601295413,16.970562748477143,17.69180601295413,16.278820596099706,18.38477631085024,18.38477631085024,19.1049731745428,16.970562748477143,17.029386365926403,14.866068747318504,1697990069.8249247
12.206555615733702,12.08304597359457,15.811388300841898,17.46424919657298,16.55294535724685,17.08800749063506,18.973665961010276,21.18962010041709,21.95449840010015,17.88854381999832,21.633307652783937,26.076809620810597,22.022715545545243,23.3452350598575,21.2602916254693,19.79898987322333,19.209372712298546,16.278820596099706,15.620499351813308,17.804493814764854,14.866068747318504,9.848857801796104,8.06225774829855,11.40175425099138,10.44030650891055,8.54400374531753,10.0,10.0,12.08304597359457,13.601470508735444,17.720045146669353,15.811388300841896,16.15549442140351,14.866068747318506,15.811388300841898,13.0,11.40175425099138,14.866068747318504,14.142135623730951,14.422205101855958,17.029386365926403,18.027756377319946,18.60107523773827,17.4928556845359,17.88854381999832,20.12461179749811,20.12461179749811,20.808652046684813,19.1049731745428,16.970562748477143,17.029386365926403,17.0,1697990069.8311155
10.19803902718557,10.770329614269007,14.317821063276352,16.76305461424021,15.811388300841898,14.866068747318506,16.55294535724685,17.08800749063506,19.6468827043885,21.587033144922902,23.53720459187964,26.0,24.083189157584588,20.024984394500787,23.194827009486403,23.345235059857504,18.0,16.492422502470642,17.46424919657298,13.0,11.0,9.055385138137417,7.0710678118654755,11.180339887498949,8.0,9.219544457292887,13.453624047073712,11.6619037896906,13.0,11.180339887498949,17.720045146669353,17.204650534085253,20.591260281974,14.866068747318504,15.620499351813308,12.206555615733702,9.486832980505138,11.045361017187261,11.40175425099138,16.0,15.297058540778355,17.0,19.0,16.492422502470642,17.0,16.1245154965971,19.1049731745428,19.1049731745428,18.027756377319946,17.11724276862369,17.029386365926403,17.029386365926403,1697990069.8446953
10.295630140987,9.486832980505138,14.317821063276352,18.027756377319946,16.55294535724685,16.15549442140351,17.720045146669353,19.924858845171276,22.472205054244235,25.059928172283335,23.60084744241189,22.825424421026653,20.808652046684813,23.021728866442675,19.849433241279208,20.248456731316587,16.643316977093235,13.453624047073712,15.811388300841898,17.0,11.0,15.811388300841896,9.848857801796104,11.180339887498949,10.04987562112089,9.219544457292887,11.313708498984761,14.7648230602334,15.0,13.453624047073712,14.866068747318504,16.970562748477143,16.278820596099706,19.1049731745428,18.439088914585774,15.811388300841896,12.206555615733702,12.36931687685298,16.15549442140351,15.811388300841898,18.439088914585778,18.439088914585778,19.6468827043885,18.248287590894655,18.110770276274835,18.027756377319946,20.09975124224178,22.20360331117452,22.561028345356952,17.720045146669353,15.524174696260024,15.0,1697990069.8620899
10.816653826391969,10.295630140987,12.806248474865697,16.76305461424021,17.88854381999832,16.15549442140351,18.35755975068582,18.35755975068582,20.248456731316587,21.095023109728988,20.615528128088304,23.430749027719962,22.627416997969522,23.430749027719962,20.0,20.808652046684813,17.804493814764854,17.4928556845359,16.1245154965971,14.212670403551895,14.212670403551895,11.40175425099138,10.816653826391969,7.615773105863909,9.848857801796104,9.219544457292889,10.19803902718557,11.045361017187261,12.36931687685298,12.041594578792294,13.152946437965904,17.0,16.0312195418814,17.0,13.038404810405298,12.165525060596437,11.40175425099138,12.08304597359457,14.317821063276352,16.1245154965971,15.652475842498529,17.4928556845359,17.4928556845359,17.204650534085253,18.35755975068582,18.027756377319946,19.235384061671343,19.235384061671343,18.35755975068582,17.4928556845359,17.0,15.811388300841896,1697990069.8690996
12.806248474865697,9.219544457292887,15.811388300841898,17.0,17.0,15.652475842498529,17.08800749063506,20.12461179749811,20.12461179749811,21.95449840010015,25.059928172283335,26.076809620810597,24.08318915758459,24.839484696748443,21.400934559032695,25.495097567963924,21.93171219946131,17.804493814764854,17.0,12.041594578792296,12.806248474865697,10.0,10.0,10.0,11.180339887498949,10.04987562112089,10.0,10.19803902718557,13.601470508735444,13.92838827718412,14.560219778561038,16.76305461424021,18.439088914585778,15.524174696260024,17.46424919657298,12.649110640673518,10.770329614269007,12.529964086141668,14.212670403551895,15.620499351813308,16.278820596099706,18.439088914585774,19.79898987322333,17.804493814764854,18.60107523773827,18.027756377319946,19.79898987322333,19.1049731745428,19.79898987322333,17.69180601295413,19.4164878389476,14.866068747318504,1697990069.885099
11.180339887498949,11.6619037896906,14.212670403551895,18.867962264113206,17.4928556845359,17.029386365926403,18.439088914585774,20.615528128088304,20.248456731316587,20.808652046684813,23.853720883753127,25.238858928247925,22.825424421026653,21.540659228538015,22.135943621178658,18.027756377319946,18.439088914585778,15.524174696260024,12.206555615733702,15.524174696260024,11.704699910719626,13.0,8.94427190999916,10.0,12.0,12.08304597359457,9.486832980505138,11.0,12.0,16.0312195418814,15.0,18.0,18.027756377319946,15.03329637837291,16.0312195418814,15.132745950421555,12.0,12.529964086141668,11.40175425099138,18.35755975068582,15.652475842498529,19.697715603592208,18.867962264113206,18.027756377319946,19.723082923316017,18.60107523773827,20.591260281974,17.88854381999832,19.723082923316017,18.788294228055936,14.866068747318504,16.76305461424021,1697990069.9080453
6.4031242374328485,11.180339887498949,15.620499351813308,13.416407864998739,15.0,15.264337522473749,14.866068747318504,18.439088914585774,19.723082923316017,18.867962264113206,20.12461179749811,20.6155281280883,20.615528128088304,19.6468827043885,20.39607805437114,18.027756377319946,15.03329637837291,16.15549442140351,14.142135623730951,12.165525060596437,10.19803902718557,9.848857801796104,8.94427190999916,8.602325267042627,8.485281374238571,8.602325267042627,9.848857801796104,9.219544457292889,11.045361017187261,12.041594578792294,13.038404810405298,14.0356688476182,15.297058540778355,14.142135623730951,14.142135623730951,12.041594578792294,11.0,10.19803902718557,12.649110640673518,14.317821063276352,15.811388300841898,16.15549442140351,16.55294535724685,15.652475842498529,17.0,17.0,18.38477631085024,15.652475842498529,17.720045146669353,17.46424919657298,17.08800749063506,13.416407864998739,1697990069.9222264
15.524174696260024,10.04987562112089,15.132745950421555,17.029386365926403,17.0,14.0356688476182,18.027756377319946,16.0,20.0,21.213203435596427,23.086792761230395,23.53720459187964,23.08679276123039,20.12461179749811,18.788294228055936,19.924858845171276,15.231546211727817,16.643316977093235,17.204650534085253,16.15549442140351,13.92838827718412,10.770329614269007,13.038404810405298,10.19803902718557,9.055385138137417,9.219544457292889,10.0,11.6619037896906,14.560219778561038,14.422205101855958,17.029386365926403,13.453624047073712,16.278820596099706,16.643316977093235,15.620499351813308,13.601470508735444,11.313708498984761,11.6619037896906,13.038404810405298,13.416407864998739,14.7648230602334,15.652475842498529,18.788294228055936,15.231546211727817,15.652475842498529,15.524174696260024,17.46424919657298,17.0,18.35755975068582,16.55294535724685,16.1245154965971,14.317821063276352,1697990069.9558592
10.816653826391969,12.806248474865697,12.529964086141668,14.866068747318504,14.866068747318504,15.264337522473749,17.029386365926403,17.204650534085253,18.027756377319946,19.723082923316017,20.248456731316587,24.698178070456937,24.351591323771842,23.08679276123039,18.788294228055936,21.213203435596427,14.560219778561038,16.1245154965971,14.317821063276352,16.15549442140351,10.44030650891055,14.317821063276352,8.54400374531753,9.899494936611665,8.94427190999916,8.06225774829855,13.038404810405298,12.041594578792294,11.180339887498949,9.848857801796104,14.142135623730951,12.36931687685298,13.0,16.0,14.0356688476182,13.601470508735444,10.44030650891055,11.180339887498949,12.529964086141668,10.770329614269007,15.652475842498529,14.422205101855958,16.1245154965971,14.422205101855958,17.204650534085253,16.643316977093235,17.4928556845359,15.652475842498529,17.0,16.1245154965971,14.7648230602334,14.422205101855958,1697990069.9627085
12.041594578792294,11.313708498984761,18.027756377319946,16.15549442140351,17.0,14.866068747318506,16.278820596099706,20.615528128088304,18.973665961010276,19.235384061671347,21.213203435596427,24.0,21.213203435596427,24.515301344262525,18.248287590894655,21.213203435596427,19.4164878389476,16.492422502470642,15.231546211727817,13.152946437965904,12.08304597359457,11.0,10.0,10.44030650891055,11.180339887498949,8.602325267042627,7.0710678118654755,9.433981132056603,12.206555615733702,9.433981132056603,10.295630140987,17.0,16.401219466856727,14.866068747318504,16.278820596099706,15.620499351813308,10.0,10.295630140987,11.40175425099138,16.15549442140351,13.92838827718412,18.027756377319946,20.12461179749811,17.11724276862369,16.278820596099706,15.524174696260024,20.615528128088304,19.235384061671347,19.235384061671347,15.811388300841898,13.416407864998739,16.1245154965971,1697990069.9691398
9.848857801796104,12.165525060596437,14.0356688476182,17.11724276862369,15.132745950421555,18.110770276274835,19.4164878389476,18.248287590894655,20.09975124224178,19.6468827043885,20.8806130178211,23.194827009486403,22.825424421026653,19.697715603592208,18.38477631085024,21.213203435596427,20.0,13.601470508735444,12.806248474865697,12.529964086141668,9.433981132056603,14.0356688476182,9.486832980505138,8.0,12.165525060596437,8.94427190999916,11.6619037896906,13.601470508735444,9.899494936611665,14.142135623730951,10.295630140987,15.620499351813308,16.278820596099706,17.4928556845359,14.7648230602334,9.433981132056603,10.0,12.041594578792296,14.422205101855958,17.46424919657298,17.204650534085253,15.652475842498529,15.811388300841898,16.76305461424021,16.55294535724685,15.811388300841898,19.697715603592208,18.973665961010276,18.35755975068582,17.804493814764854,17.88854381999832,16.55294535724685,1697990069.9771647
8.06225774829855,10.19803902718557,12.649110640673518,18.110770276274835,15.0,18.0,19.026297590440446,16.0312195418814,20.09975124224178,21.213203435596427,23.086792761230395,26.305892875931807,24.515301344262525,24.73863375370596,18.38477631085024,23.40939982143925,19.313207915827967,17.4928556845359,14.422205101855958,15.652475842498529,13.92838827718412,11.40175425099138,9.848857801796104,10.19803902718557,12.0,12.08304597359457,10.816653826391969,11.6619037896906,14.7648230602334,16.278820596099706,14.866068747318504,17.69180601295413,18.867962264113206,18.027756377319946,16.643316977093235,13.601470508735444,12.806248474865697,10.0,13.601470508735444,11.6619037896906,17.204650534085253,17.46424919657298,20.12461179749811,19.697715603592208,21.633307652783937,15.811388300841898,20.591260281974,19.235384061671343,21.470910553583888,19.723082923316017,17.204650534085253,16.1245154965971,1697990069.9841487
5.0,8.06225774829855,20.09975124224178,18.027756377319946,11.40175425099138,14.317821063276352,16.0312195418814,19.0,20.0,20.024984394500787,23.021728866442675,21.377558326431952,25.179356624028344,23.345235059857504,22.472205054244235,21.540659228538015,19.235384061671343,17.4928556845359,14.317821063276352,11.704699910719626,12.529964086141668,10.44030650891055,13.038404810405298,7.0,7.280109889280519,7.0710678118654755,8.246211251235321,8.246211251235321,12.529964086141668,16.278820596099706,11.40175425099138,16.278820596099706,21.400934559032695,15.264337522473749,14.422205101855958,15.0,13.453624047073712,13.453624047073712,13.453624047073712,12.649110640673518,16.55294535724685,16.1245154965971,17.46424919657298,17.08800749063506,17.08800749063506,17.0,19.6468827043885,15.231546211727817,16.15549442140351,16.492422502470642,20.248456731316587,16.76305461424021,1697990070.0032508
8.602325267042627,9.219544457292887,11.313708498984761,12.727922061357857,12.041594578792296,13.038404810405298,15.811388300841896,17.204650534085253,19.849433241279208,18.439088914585774,19.79898987322333,22.627416997969522,23.430749027719962,18.867962264113206,18.027756377319946,19.849433241279208,17.4928556845359,15.652475842498529,13.892443989449806,12.529964086141668,10.816653826391969,10.63014581273465,9.219544457292887,6.708203932499369,8.54400374531753,7.280109889280519,11.045361017187261,10.295630140987,13.341664064126334,14.422205101855958,13.0,12.08304597359457,17.08800749063506,15.652475842498529,14.560219778561038,14.7648230602334,9.899494936611665,10.63014581273465,13.453624047073712,14.422205101855958,15.652475842498529,13.92838827718412,18.788294228055936,16.1245154965971,17.08800749063506,17.0,18.60107523773827,15.231546211727817,22.360679774997898,17.4928556845359,13.601470508735444,15.524174696260024,1697990070.013252
10.63014581273465,10.0,10.295630140987,14.866068747318504,16.1245154965971,13.416407864998739,18.027756377319946,18.867962264113206,18.867962264113206,20.0,20.615528128088304,21.93171219946131,21.2602916254693,20.615528128088304,20.0,20.808652046684813,18.027756377319946,16.1245154965971,13.892443989449806,13.038404810405298,12.206555615733702,10.63014581273465,9.219544457292887,10.0,10.295630140987,8.54400374531753,10.0,12.041594578792294,11.180339887498949,12.649110640673518,12.165525060596437,15.297058540778355,14.142135623730951,15.132745950421555,14.0356688476182,12.041594578792294,13.0,10.44030650891055,13.038404810405298,13.038404810405298,15.264337522473749,15.620499351813308,15.556349186104047,16.1245154965971,16.278820596099706,18.38477631085024,17.029386365926403,16.401219466856727,17.029386365926403,16.401219466856727,15.0,14.866068747318504,1697990070.0242412
15.811388300841898,13.0,15.556349186104047,18.35755975068582,11.180339887498949,15.811388300841896,16.643316977093235,20.12461179749811,20.591260281974,20.6155281280883,21.02379604162864,23.08679276123039,22.80350850198276,20.39607805437114,21.587033144922902,22.090722034374522,18.027756377319946,15.03329637837291,14.0,13.341664064126334,12.041594578792294,10.63014581273465,9.848857801796104,11.180339887498949,13.601470508735444,12.806248474865697,9.219544457292889,14.866068747318506,11.180339887498949,11.0,13.0,17.0,17.029386365926403,15.524174696260024,16.278820596099706,13.341664064126334,13.038404810405298,13.152946437965904,13.601470508735444,14.866068747318506,16.15549442140351,18.681541692269406,18.38477631085024,17.46424919657298,19.313207915827967,18.788294228055936,19.697715603592208,19.313207915827967,19.697715603592208,18.788294228055936,17.46424919657298,16.1245154965971,1697990070.0332403
10.19803902718557,11.180339887498949,12.529964086141668,13.92838827718412,15.231546211727817,15.652475842498529,17.4928556845359,18.788294228055936,21.02379604162864,20.248456731316587,22.135943621178658,24.351591323771842,23.345235059857504,23.769728648009423,20.024984394500787,21.095023109728984,19.026297590440446,18.027756377319946,19.026297590440446,13.038404810405298,12.0,10.19803902718557,13.038404810405298,11.40175425099138,14.317821063276352,9.848857801796104,8.06225774829855,9.899494936611665,13.038404810405298,14.560219778561038,14.0,15.524174696260024,13.341664064126334,13.92838827718412,14.0356688476182,15.231546211727817,16.1245154965971,9.219544457292887,13.601470508735444,14.866068747318506,17.08800749063506,16.1245154965971,17.88854381999832,15.264337522473749,17.4928556845359,18.027756377319946,18.38477631085024,17.88854381999832,17.88854381999832,17.0,16.55294535724685,14.422205101855958,1697990070.0411394
8.0,8.246211251235321,16.278820596099706,12.649110640673518,16.1245154965971,13.92838827718412,15.264337522473749,19.235384061671343,18.973665961010276,19.6468827043885,20.8806130178211,21.587033144922902,21.213203435596427,21.095023109728984,20.09975124224178,21.023796041628636,18.027756377319946,17.029386365926403,14.142135623730951,11.180339887498949,13.0,13.152946437965904,9.055385138137417,7.0,12.529964086141668,8.54400374531753,11.180339887498949,10.04987562112089,14.317821063276352,11.0,12.649110640673518,14.317821063276352,18.110770276274835,11.704699910719626,13.92838827718412,9.219544457292889,10.19803902718557,13.152946437965904,12.36931687685298,14.560219778561038,13.0,14.560219778561038,14.7648230602334,16.278820596099706,19.6468827043885,17.46424919657298,17.720045146669353,15.524174696260024,18.027756377319946,15.231546211727817,14.560219778561038,13.416407864998739,1697990070.0521953
11.180339887498949,14.7648230602334,18.439088914585774,14.7648230602334,19.697715603592208,20.248456731316587,22.671568097509265,21.931712199461305,23.3238075793812,23.259406699226012,26.0,26.570660511172843,25.298221281347036,22.80350850198276,24.73863375370596,24.331050121192874,19.026297590440446,21.0,15.0,15.297058540778355,15.132745950421555,11.704699910719626,8.602325267042627,6.324555320336759,10.816653826391969,8.54400374531753,11.704699910719626,11.40175425099138,14.0356688476182,14.317821063276352,16.278820596099706,17.26267650163207,18.973665961010276,16.1245154965971,15.132745950421555,13.152946437965904,11.045361017187261,16.1245154965971,16.278820596099706,16.492422502470642,17.46424919657298,18.681541692269406,19.924858845171276,20.6155281280883,20.8806130178211,17.46424919657298,20.8806130178211,21.587033144922902,19.924858845171276,19.924858845171276,19.6468827043885,18.38477631085024,1697990070.0672123
13.341664064126334,16.0312195418814,17.08800749063506,14.142135623730951,14.317821063276352,13.341664064126334,15.811388300841898,20.8806130178211,21.095023109728984,22.090722034374522,23.086792761230395,24.020824298928627,23.0,23.086792761230395,23.021728866442675,22.20360331117452,20.39607805437114,18.681541692269406,15.524174696260024,14.317821063276352,12.165525060596437,11.045361017187261,10.0,9.219544457292889,8.94427190999916,8.602325267042627,9.899494936611665,10.0,11.6619037896906,13.0,13.0,16.15549442140351,14.7648230602334,14.317821063276352,14.422205101855958,12.806248474865697,11.704699910719626,12.165525060596437,13.0,14.0356688476182,15.0,15.132745950421555,16.278820596099706,15.524174696260024,17.46424919657298,17.46424919657298,18.248287590894655,17.11724276862369,17.26267650163207,16.492422502470642,16.1245154965971,14.560219778561038,1697990070.0732107
10.0,10.770329614269007,13.0,14.7648230602334,14.317821063276352,13.92838827718412,15.524174696260024,17.720045146669353,18.788294228055936,20.12461179749811,20.591260281974,22.825424421026653,21.633307652783937,20.518284528683193,24.758836806279895,21.93171219946131,17.69180601295413,18.681541692269406,16.401219466856727,15.620499351813308,12.165525060596437,8.06225774829855,8.602325267042627,8.0,10.770329614269007,8.602325267042627,8.0,10.0,11.6619037896906,15.811388300841898,16.55294535724685,15.620499351813308,14.7648230602334,12.08304597359457,13.892443989449806,8.94427190999916,11.313708498984761,9.899494936611665,12.206555615733702,12.08304597359457,13.601470508735444,14.317821063276352,16.643316977093235,14.317821063276352,15.231546211727817,16.492422502470642,19.313207915827967,16.1245154965971,16.55294535724685,16.1245154965971,15.0,13.416407864998739,1697990070.0841086
13.0,9.0,17.029386365926403,17.204650534085253,12.041594578792296,15.620499351813308,19.79898987322333,20.0,20.615528128088304,20.808652046684813,23.021728866442675,25.059928172283335,23.3238075793812,22.360679774997898,21.02379604162864,23.40939982143925,19.6468827043885,16.278820596099706,15.297058540778355,12.649110640673518,13.341664064126334,8.06225774829855,8.602325267042627,9.433981132056603,12.806248474865697,7.810249675906654,11.704699910719626,13.0,12.165525060596437,12.165525060596437,15.0,17.11724276862369,17.029386365926403,14.0,15.03329637837291,13.0,13.152946437965904,11.704699910719626,15.811388300841898,16.1245154965971,16.401219466856727,15.811388300841896,16.1245154965971,17.4928556845359,18.60107523773827,18.38477631085024,16.643316977093235,19.723082923316017,18.35755975068582,18.027756377319946,17.0,16.401219466856727,1697990070.103882
9.486832980505138,12.806248474865697,8.602325267042627,17.46424919657298,15.231546211727817,13.601470508735444,16.55294535724685,14.7648230602334,18.788294228055936,21.18962010041709,23.40939982143925,22.561028345356952,21.377558326431952,23.345235059857504,19.4164878389476,23.0,15.652475842498529,19.4164878389476,15.132745950421555,13.0,12.36931687685298,10.19803902718557,9.219544457292889,8.94427190999916,8.06225774829855,7.211102550927979,8.246211251235321,10.295630140987,13.152946437965904,12.165525060596437,12.041594578792294,15.0,20.223748416156685,16.1245154965971,14.0356688476182,15.132745950421555,9.0,14.317821063276352,13.601470508735444,17.720045146669353,16.15549442140351,17.08800749063506,18.027756377319946,14.422205101855958,19.4164878389476,18.35755975068582,18.35755975068582,19.697715603592208,17.46424919657298,18.867962264113206,17.08800749063506,15.811388300841896,1697990070.1215994
10.0,9.848857801796104,15.556349186104047,15.297058540778355,13.038404810405298,13.416407864998739,17.204650534085253,16.1245154965971,19.235384061671343,21.540659228538015,23.769728648009426,23.08679276123039,21.587033144922902,22.090722034374522,19.235384061671347,22.090722034374522,19.026297590440446,17.0,15.03329637837291,13.152946437965904,10.0,10.04987562112089,9.219544457292889,9.486832980505138,8.602325267042627,9.219544457292887,9.433981132056603,8.54400374531753,12.529964086141668,12.08304597359457,13.92838827718412,16.278820596099706,16.55294535724685,15.652475842498529,17.08800749063506,13.152946437965904,11.40175425099138,12.041594578792294,13.038404810405298,15.132745950421555,15.03329637837291,15.0,17.029386365926403,16.278820596099706,19.235384061671347,18.248287590894655,19.026297590440446,18.110770276274835,19.026297590440446,17.029386365926403,17.0,15.132745950421555,1697990070.1276019
11.6619037896906,12.041594578792296,14.866068747318504,17.029386365926403,17.69180601295413,16.278820596099706,19.209372712298546,18.60107523773827,20.518284528683193,20.0,25.238858928247925,26.419689627245813,24.16609194718914,23.769728648009426,22.135943621178658,23.769728648009426,19.924858845171276,19.235384061671347,15.297058540778355,14.317821063276352,11.704699910719626,11.180339887498949,10.816653826391969,7.810249675906654,8.485281374238571,9.433981132056603,10.770329614269007,11.180339887498949,12.041594578792294,12.0,14.0356688476182,16.0312195418814,16.492422502470642,15.132745950421555,15.132745950421555,14.0356688476182,12.041594578792294,13.0,12.165525060596437,15.231546211727817,14.317821063276352,16.55294535724685,17.4928556845359,17.204650534085253,17.4928556845359,17.4928556845359,18.788294228055936,17.88854381999832,19.697715603592208,17.88854381999832,16.55294535724685,14.7648230602334,1697990070.1416152
10.770329614269007,11.045361017187261,13.0,15.03329637837291,15.03329637837291,17.0,17.029386365926403,19.0,20.024984394500787,21.095023109728984,23.345235059857504,24.73863375370596,23.08679276123039,23.769728648009426,23.08679276123039,24.698178070456937,19.209372712298546,19.209372712298546,15.524174696260024,13.601470508735444,15.652475842498529,8.602325267042627,12.36931687685298,8.54400374531753,11.40175425099138,9.219544457292889,10.0,10.0,8.602325267042627,13.601470508735444,11.40175425099138,16.55294535724685,15.811388300841896,16.401219466856727,13.601470508735444,10.295630140987,11.40175425099138,13.416407864998739,11.180339887498949,13.341664064126334,16.0312195418814,16.0,18.110770276274835,14.0,18.0,16.0312195418814,20.09975124224178,18.027756377319946,19.0,17.11724276862369,17.029386365926403,14.0356688476182,1697990070.154615
12.806248474865697,7.810249675906654,13.601470508735444,15.620499351813308,16.1245154965971,17.0,19.697715603592208,20.248456731316587,21.095023109728988,20.248456731316587,23.60084744241189,24.207436873820413,23.3452350598575,22.671568097509265,22.80350850198276,22.671568097509265,20.0,18.027756377319946,16.401219466856727,13.601470508735444,12.206555615733702,11.313708498984761,9.899494936611665,9.433981132056603,9.848857801796104,10.19803902718557,10.19803902718557,9.486832980505138,12.08304597359457,12.08304597359457,14.7648230602334,16.15549442140351,16.76305461424021,16.278820596099706,18.38477631085024,13.601470508735444,12.041594578792296,12.806248474865697,14.142135623730951,15.264337522473749,16.0312195418814,17.46424919657298,18.60107523773827,16.643316977093235,17.4928556845359,17.0,17.204650534085253,18.027756377319946,18.60107523773827,16.643316977093235,17.029386365926403,14.7648230602334,1697990070.175616
11.0,11.180339887498949,14.317821063276352,15.132745950421555,15.297058540778355,15.524174696260024,17.720045146669353,19.6468827043885,20.615528128088304,21.377558326431952,23.194827009486403,24.083189157584588,23.0,23.021728866442675,22.090722034374522,21.095023109728984,18.248287590894655,17.11724276862369,14.142135623730951,14.142135623730951,11.0,11.045361017187261,9.055385138137417,9.848857801796104,9.433981132056603,9.219544457292887,10.295630140987,11.6619037896906,11.180339887498949,14.560219778561038,14.560219778561038,15.811388300841898,18.38477631085024,14.317821063276352,14.866068747318506,12.649110640673518,11.045361017187261,13.038404810405298,14.317821063276352,13.341664064126334,17.46424919657298,17.46424919657298,17.46424919657298,18.788294228055936,19.697715603592208,19.4164878389476,15.132745950421555,16.55294535724685,17.08800749063506,16.643316977093235,16.1245154965971,14.7648230602334,1697990070.184617
9.433981132056603,11.180339887498949,14.866068747318504,17.4928556845359,16.401219466856727,16.401219466856727,17.029386365926403,19.849433241279208,22.203603311174515,22.825424421026653,22.360679774997898,25.079872407968903,22.472205054244235,24.73863375370596,22.80350850198276,22.561028345356952,19.235384061671347,17.11724276862369,14.142135623730951,13.152946437965904,11.40175425099138,12.08304597359457,9.899494936611665,9.848857801796104,11.313708498984761,9.899494936611665,11.704699910719626,11.180339887498949,12.36931687685298,14.0,16.278820596099706,16.278820596099706,16.278820596099706,16.1245154965971,16.278820596099706,13.038404810405298,11.0,13.0,14.142135623730951,16.492422502470642,15.524174696260024,17.08800749063506,17.46424919657298,16.1245154965971,19.697715603592208,20.248456731316587,18.027756377319946,18.973665961010276,19.235384061671343,18.38477631085024,17.46424919657298,15.652475842498529,1697990070.2114258
10.04987562112089,11.40175425099138,13.92838827718412,16.492422502470642,15.297058540778355,16.643316977093235,17.88854381999832,19.313207915827967,22.20360331117452,23.194827009486403,24.186773244895647,28.160255680657446,26.1725046566048,24.186773244895647,18.248287590894655,21.377558326431952,22.135943621178658,21.587033144922902,14.142135623730951,17.029386365926403,15.811388300841898,12.08304597359457,8.602325267042627,11.704699910719626,11.313708498984761,9.899494936611665,13.601470508735444,12.727922061357857,11.40175425099138,15.524174696260024,15.0,16.643316977093235,17.4928556845359,14.7648230602334,18.60107523773827,14.317821063276352,13.341664064126334,13.0,16.1245154965971,15.0,17.11724276862369,19.235384061671347,19.026297590440446,16.0312195418814,18.027756377319946,19.026297590440446,18.027756377319946,18.248287590894655,21.095023109728984,18.439088914585778,20.39607805437114,15.0,1697990070.2234256
13.341664064126334,8.485281374238571,12.529964086141668,15.524174696260024,15.524174696260024,13.152946437965904,18.027756377319946,15.811388300841898,19.924858845171276,18.681541692269406,21.377558326431952,23.194827009486403,22.02271554554524,20.024984394500787,17.26267650163207,19.026297590440446,17.46424919657298,17.46424919657298,16.278820596099706,12.041594578792294,11.180339887498949,11.180339887498949,8.06225774829855,7.280109889280519,11.313708498984761,8.602325267042627,11.40175425099138,9.433981132056603,12.08304597359457,12.08304597359457,12.206555615733702,17.88854381999832,15.231546211727817,14.7648230602334,12.727922061357857,9.486832980505138,9.0,13.341664064126334,12.649110640673518,12.041594578792294,17.11724276862369,15.03329637837291,18.027756377319946,16.1245154965971,19.1049731745428,17.0,19.1049731745428,18.027756377319946,17.029386365926403,18.0,15.297058540778355,14.0,1697990070.2414262
10.770329614269007,9.848857801796104,12.529964086141668,16.55294535724685,15.231546211727817,15.264337522473749,17.88854381999832,17.88854381999832,21.18962010041709,19.924858845171276,22.135943621178658,25.317977802344327,22.090722034374522,23.086792761230395,22.02271554554524,21.023796041628636,21.213203435596427,17.029386365926403,15.03329637837291,15.0,14.0,8.54400374531753,9.0,8.246211251235321,6.708203932499369,8.602325267042627,10.63014581273465,12.165525060596437,13.892443989449806,10.04987562112089,13.152946437965904,15.132745950421555,18.027756377319946,16.76305461424021,18.439088914585778,13.0,13.152946437965904,13.152946437965904,14.317821063276352,15.132745950421555,17.11724276862369,17.11724276862369,18.248287590894655,16.278820596099706,18.439088914585778,18.248287590894655,20.223748416156685,18.248287590894655,18.110770276274835,18.439088914585778,16.0312195418814,16.492422502470642,1697990070.2554266
11.180339887498949,12.0,14.142135623730951,17.029386365926403,16.0312195418814,17.11724276862369,18.248287590894655,20.09975124224178,21.023796041628636,21.095023109728984,23.021728866442675,25.01999200639361,25.179356624028344,24.515301344262525,23.769728648009423,21.840329667841555,20.248456731316587,15.811388300841898,16.1245154965971,13.92838827718412,13.0,11.180339887498949,7.0710678118654755,9.055385138137417,10.04987562112089,8.94427190999916,10.0,9.433981132056603,8.602325267042627,14.866068747318504,14.7648230602334,15.556349186104047,17.4928556845359,17.029386365926403,15.556349186104047,13.038404810405298,12.206555615733702,11.704699910719626,12.36931687685298,14.317821063276352,15.811388300841898,16.278820596099706,17.029386365926403,15.03329637837291,18.027756377319946,17.029386365926403,18.248287590894655,17.26267650163207,17.11724276862369,16.0312195418814,15.132745950421555,14.0,1697990070.2664268
9.055385138137417,10.19803902718557,16.76305461424021,14.0,13.038404810405298,15.132745950421555,16.0,19.1049731745428,20.0,21.023796041628636,23.0,26.1725046566048,24.515301344262525,22.561028345356952,23.40939982143925,22.472205054244235,20.12461179749811,17.88854381999832,15.231546211727817,14.317821063276352,12.529964086141668,10.44030650891055,10.0,8.06225774829855,7.0710678118654755,9.0,10.0,7.810249675906654,13.453624047073712,14.866068747318504,15.264337522473749,15.231546211727817,14.866068747318504,15.0,16.278820596099706,13.453624047073712,12.529964086141668,12.206555615733702,12.36931687685298,11.180339887498949,15.811388300841898,20.248456731316587,18.248287590894655,15.132745950421555,19.6468827043885,18.027756377319946,19.4164878389476,17.46424919657298,17.26267650163207,17.029386365926403,16.278820596099706,15.03329637837291,1697990070.272426
11.045361017187261,9.848857801796104,11.045361017187261,16.278820596099706,17.029386365926403,16.1245154965971,20.024984394500787,19.1049731745428,20.39607805437114,20.615528128088304,21.840329667841555,23.769728648009426,22.825424421026653,22.47220505424423,20.808652046684813,21.633307652783937,17.804493814764854,17.804493814764854,14.866068747318504,13.038404810405298,12.529964086141668,11.180339887498949,6.4031242374328485,8.246211251235321,13.0,9.0,9.219544457292889,9.848857801796104,11.6619037896906,13.601470508735444,13.601470508735444,16.1245154965971,17.0,14.317821063276352,17.88854381999832,14.7648230602334,11.40175425099138,12.041594578792296,13.453624047073712,15.0,15.620499351813308,15.811388300841896,17.029386365926403,17.0,18.35755975068582,18.35755975068582,18.60107523773827,18.027756377319946,19.209372712298546,17.204650534085253,16.401219466856727,15.264337522473749,1697990070.2838802
11.704699910719626,11.6619037896906,14.422205101855958,16.1245154965971,16.1245154965971,15.811388300841896,18.867962264113206,19.723082923316017,21.470910553583888,21.470910553583888,24.16609194718914,25.298221281347036,24.515301344262525,23.53720459187964,22.090722034374522,23.345235059857504,21.023796041628636,18.027756377319946,14.0,13.038404810405298,13.601470508735444,13.601470508735444,12.165525060596437,10.295630140987,10.816653826391969,10.63014581273465,12.806248474865697,7.280109889280519,12.08304597359457,15.03329637837291,17.26267650163207,17.720045146669353,17.08800749063506,16.15549442140351,15.811388300841896,12.529964086141668,11.180339887498949,12.041594578792294,13.0,15.297058540778355,16.0312195418814,17.26267650163207,19.4164878389476,14.866068747318506,16.76305461424021,17.11724276862369,19.6468827043885,18.027756377319946,21.213203435596427,18.439088914585778,17.11724276862369,14.560219778561038,1697990070.2948797
8.94427190999916,11.180339887498949,15.132745950421555,17.26267650163207,14.142135623730951,19.1049731745428,16.278820596099706,16.278820596099706,20.39607805437114,20.39607805437114,23.53720459187964,24.698178070456937,22.825424421026653,22.825424421026653,21.95449840010015,20.808652046684813,19.209372712298546,17.204650534085253,12.041594578792296,12.041594578792296,13.038404810405298,14.317821063276352,7.0710678118654755,9.486832980505138,12.529964086141668,10.770329614269007,10.19803902718557,13.416407864998739,11.40175425099138,14.212670403551895,14.422205101855958,16.401219466856727,16.643316977093235,17.029386365926403,16.643316977093235,12.041594578792296,11.180339887498949,13.453624047073712,15.264337522473749,18.35755975068582,15.811388300841896,18.788294228055936,17.46424919657298,17.08800749063506,19.924858845171276,18.867962264113206,20.591260281974,18.867962264113206,22.360679774997898,18.35755975068582,17.11724276862369,15.264337522473749,1697990070.3068855
8.246211251235321,11.6619037896906,15.03329637837291,19.026297590440446,14.560219778561038,13.152946437965904,18.973665961010276,19.1049731745428,19.235384061671347,20.09975124224178,23.021728866442675,25.01999200639361,24.186773244895647,22.360679774997898,20.8806130178211,21.587033144922902,18.027756377319946,16.15549442140351,14.317821063276352,13.341664064126334,12.36931687685298,11.045361017187261,10.19803902718557,10.04987562112089,10.19803902718557,8.94427190999916,7.810249675906654,10.19803902718557,11.40175425099138,14.212670403551895,14.866068747318504,15.811388300841896,17.029386365926403,15.0,14.212670403551895,12.806248474865697,11.6619037896906,12.649110640673518,13.341664064126334,15.03329637837291,16.278820596099706,16.1245154965971,18.110770276274835,16.0312195418814,18.027756377319946,17.0,19.1049731745428,19.235384061671347,19.235384061671347,17.11724276862369,17.46424919657298,16.0312195418814,1697990070.31919
10.63014581273465,8.54400374531753,12.041594578792296,20.808652046684813,17.029386365926403,16.401219466856727,18.788294228055936,19.1049731745428,23.60084744241189,23.021728866442675,24.413111231467404,26.1725046566048,25.455844122715714,25.80697580112788,24.207436873820413,26.627053911388693,21.95449840010015,17.88854381999832,17.4928556845359,15.811388300841898,12.529964086141668,14.866068747318504,9.848857801796104,9.433981132056603,10.19803902718557,8.06225774829855,7.810249675906654,14.0356688476182,13.152946437965904,14.0356688476182,16.492422502470642,18.439088914585778,20.09975124224178,14.0,14.317821063276352,11.045361017187261,14.142135623730951,14.0356688476182,13.341664064126334,15.811388300841896,19.723082923316017,19.209372712298546,19.849433241279208,19.1049731745428,17.029386365926403,17.0,19.4164878389476,20.248456731316587,21.633307652783937,20.0,17.46424919657298,14.866068747318504,1697990070.3281517
9.848857801796104,14.317821063276352,11.0,13.0,18.788294228055936,20.591260281974,13.341664064126334,20.12461179749811,23.60084744241189,18.681541692269406,21.213203435596427,26.305892875931807,24.083189157584588,22.0,20.024984394500787,20.09975124224178,18.110770276274835,16.278820596099706,14.560219778561038,13.038404810405298,12.0,11.0,9.848857801796104,10.04987562112089,10.816653826391969,9.899494936611665,8.94427190999916,13.038404810405298,10.295630140987,13.0,13.416407864998739,15.231546211727817,16.55294535724685,15.811388300841896,15.264337522473749,13.038404810405298,11.704699910719626,11.180339887498949,11.0,16.1245154965971,15.0,14.142135623730951,17.029386365926403,18.110770276274835,17.11724276862369,19.1049731745428,19.1049731745428,18.027756377319946,18.0,16.0,17.029386365926403,15.132745950421555,1697990070.338193
9.219544457292889,9.848857801796104,16.1245154965971,19.697715603592208,15.652475842498529,14.317821063276352,17.4928556845359,19.697715603592208,19.697715603592208,21.18962010041709,22.135943621178658,24.515301344262525,23.194827009486403,22.0,21.0,22.0,18.027756377319946,17.26267650163207,15.297058540778355,13.038404810405298,12.041594578792294,11.045361017187261,10.0,8.246211251235321,9.486832980505138,8.06225774829855,9.219544457292887,8.602325267042627,10.816653826391969,11.180339887498949,13.892443989449806,15.652475842498529,14.317821063276352,14.317821063276352,16.15549442140351,10.770329614269007,9.848857801796104,12.36931687685298,12.165525060596437,13.038404810405298,15.0,15.132745950421555,18.027756377319946,15.132745950421555,17.11724276862369,17.11724276862369,17.029386365926403,17.26267650163207,18.0,17.0,15.0,14.142135623730951,1697990070.3578563
9.219544457292889,9.848857801796104,16.1245154965971,19.697715603592208,15.652475842498529,14.317821063276352,17.4928556845359,19.697715603592208,19.697715603592208,21.18962010041709,22.135943621178658,24.515301344262525,23.194827009486403,22.0,21.0,22.0,18.027756377319946,17.26267650163207,15.297058540778355,13.038404810405298,12.041594578792294,11.045361017187261,12.165525060596437,8.246211251235321,9.486832980505138,8.06225774829855,9.219544457292887,8.602325267042627,10.816653826391969,11.180339887498949,13.892443989449806,15.652475842498529,14.317821063276352,14.317821063276352,16.15549442140351,10.770329614269007,9.848857801796104,12.36931687685298,12.165525060596437,13.038404810405298,15.0,15.132745950421555,18.027756377319946,15.132745950421555,17.11724276862369,17.11724276862369,17.029386365926403,17.26267650163207,18.0,17.0,15.0,14.142135623730951,1697990070.3844612
9.848857801796104,7.0,15.0,18.027756377319946,14.317821063276352,16.15549442140351,19.313207915827967,18.973665961010276,21.213203435596427,19.235384061671347,24.331050121192874,24.083189157584588,24.083189157584588,21.377558326431952,18.110770276274835,21.213203435596427,18.248287590894655,17.720045146669353,14.560219778561038,14.317821063276352,11.045361017187261,10.0,9.848857801796104,9.433981132056603,9.486832980505138,9.848857801796104,11.40175425099138,11.40175425099138,13.601470508735444,14.7648230602334,10.816653826391969,15.231546211727817,14.7648230602334,13.416407864998739,14.560219778561038,13.892443989449806,9.433981132056603,12.36931687685298,10.19803902718557,13.038404810405298,16.1245154965971,17.26267650163207,18.027756377319946,15.132745950421555,16.76305461424021,17.720045146669353,18.110770276274835,20.39607805437114,21.023796041628636,17.029386365926403,13.038404810405298,13.601470508735444,1697990070.4124122
6.0827625302982185,5.8309518948453,10.44030650891055,10.816653826391969,18.027756377319946,17.08800749063506,15.652475842498529,20.0,19.924858845171276,19.723082923316017,22.847319317591726,26.627053911388693,22.203603311174515,21.400934559032695,20.518284528683193,21.213203435596427,17.69180601295413,17.69180601295413,12.649110640673518,13.892443989449806,8.602325267042627,9.219544457292887,7.810249675906654,9.486832980505138,11.40175425099138,9.0,10.44030650891055,9.486832980505138,10.816653826391969,12.041594578792296,12.08304597359457,13.601470508735444,15.264337522473749,13.038404810405298,14.422205101855958,11.313708498984761,9.219544457292887,12.36931687685298,12.806248474865697,13.416407864998739,16.15549442140351,12.649110640673518,15.231546211727817,13.341664064126334,16.492422502470642,16.492422502470642,18.027756377319946,14.317821063276352,14.866068747318506,14.866068747318506,15.231546211727817,11.40175425099138,1697990070.4174147
8.06225774829855,11.704699910719626,10.816653826391969,14.560219778561038,18.681541692269406,12.649110640673518,21.02379604162864,24.515301344262525,22.360679774997898,22.561028345356952,24.515301344262525,26.1725046566048,24.0,25.079872407968907,23.086792761230395,24.083189157584588,20.223748416156685,20.223748416156685,17.26267650163207,15.132745950421555,12.0,12.165525060596437,9.219544457292889,9.848857801796104,10.295630140987,10.63014581273465,12.041594578792296,13.0,13.152946437965904,13.152946437965904,15.297058540778355,16.492422502470642,17.26267650163207,16.278820596099706,16.76305461424021,14.317821063276352,13.038404810405298,12.165525060596437,14.142135623730951,17.08800749063506,17.720045146669353,18.38477631085024,20.6155281280883,18.788294228055936,20.591260281974,20.12461179749811,21.02379604162864,19.697715603592208,21.931712199461305,19.697715603592208,19.697715603592208,17.4928556845359,1697990070.4271429
9.219544457292887,12.206555615733702,12.806248474865697,17.88854381999832,14.866068747318506,15.524174696260024,18.973665961010276,19.313207915827967,20.12461179749811,19.697715603592208,26.92582403567252,24.69817807045694,26.92582403567252,18.439088914585774,26.400757564888174,21.93171219946131,17.69180601295413,17.804493814764854,17.69180601295413,12.806248474865697,14.142135623730951,11.6619037896906,12.529964086141668,13.0,13.341664064126334,10.0,12.36931687685298,9.055385138137417,13.92838827718412,17.46424919657298,13.416407864998739,15.0,17.88854381999832,14.317821063276352,14.866068747318506,12.649110640673518,12.041594578792296,11.313708498984761,13.038404810405298,13.892443989449806,15.620499351813308,16.55294535724685,17.46424919657298,14.866068747318506,15.652475842498529,15.524174696260024,19.723082923316017,15.264337522473749,20.518284528683193,15.297058540778355,19.697715603592208,15.652475842498529,1697990070.436197
16.970562748477143,17.08800749063506,13.038404810405298,16.278820596099706,12.36931687685298,11.40175425099138,20.024984394500787,17.11724276862369,19.1049731745428,20.223748416156685,23.08679276123039,23.40939982143925,24.596747752497688,23.3238075793812,20.0,22.47220505424423,19.209372712298546,16.970562748477143,15.556349186104047,13.453624047073712,12.206555615733702,12.206555615733702,9.433981132056603,9.486832980505138,11.40175425099138,9.219544457292889,9.0,12.36931687685298,10.770329614269007,11.180339887498949,13.341664064126334,15.231546211727817,17.08800749063506,14.560219778561038,14.7648230602334,8.94427190999916,9.433981132056603,10.770329614269007,11.40175425099138,12.041594578792296,15.556349186104047,13.601470508735444,17.69180601295413,14.866068747318504,17.804493814764854,17.69180601295413,16.970562748477143,16.970562748477143,17.804493814764854,17.029386365926403,15.0,14.142135623730951,1697990070.4451675
13.601470508735444,10.19803902718557,12.08304597359457,16.15549442140351,16.15549442140351,17.029386365926403,17.029386365926403,17.11724276862369,19.1049731745428,20.223748416156685,23.08679276123039,23.40939982143925,24.596747752497688,23.3238075793812,25.495097567963924,23.53720459187964,21.213203435596427,19.697715603592208,14.866068747318506,14.317821063276352,13.0,12.36931687685298,11.180339887498949,9.055385138137417,10.19803902718557,11.40175425099138,11.180339887498949,12.206555615733702,13.453624047073712,13.453624047073712,14.212670403551895,16.278820596099706,17.69180601295413,15.620499351813308,15.620499351813308,14.212670403551895,12.727922061357857,12.806248474865697,13.416407864998739,15.231546211727817,16.1245154965971,17.46424919657298,18.38477631085024,17.08800749063506,19.313207915827967,17.720045146669353,18.788294228055936,16.970562748477143,20.12461179749811,18.35755975068582,17.4928556845359,14.317821063276352,1697990070.461914
11.40175425099138,10.19803902718557,17.4928556845359,20.248456731316587,19.235384061671343,19.235384061671343,21.587033144922902,17.88854381999832,21.931712199461305,24.69817807045694,23.853720883753127,28.0178514522438,26.907248094147423,25.455844122715714,24.207436873820413,24.758836806279895,20.615528128088304,19.4164878389476,17.204650534085253,15.0,14.212670403551895,12.727922061357857,9.219544457292887,10.816653826391969,11.180339887498949,10.44030650891055,11.0,12.165525060596437,12.36931687685298,15.264337522473749,14.560219778561038,15.811388300841898,15.524174696260024,16.55294535724685,17.46424919657298,15.811388300841898,12.08304597359457,12.529964086141668,13.453624047073712,14.142135623730951,16.970562748477143,14.866068747318504,18.439088914585774,17.204650534085253,16.401219466856727,16.278820596099706,19.209372712298546,17.69180601295413,19.849433241279208,17.804493814764854,16.970562748477143,15.0,1697990070.4739149
9.486832980505138,10.19803902718557,13.341664064126334,14.866068747318506,13.601470508735444,18.681541692269406,18.973665961010276,17.720045146669353,22.80350850198276,19.235384061671347,23.086792761230395,27.018512172212592,25.079872407968907,24.083189157584588,26.68332812825267,26.019223662515373,17.11724276862369,19.4164878389476,14.7648230602334,14.142135623730951,13.152946437965904,11.180339887498949,12.08304597359457,12.0,13.038404810405298,12.041594578792294,11.40175425099138,8.94427190999916,11.180339887498949,15.264337522473749,12.529964086141668,15.620499351813308,17.88854381999832,15.264337522473749,15.524174696260024,13.601470508735444,13.92838827718412,13.0,12.165525060596437,16.0,14.142135623730951,16.0312195418814,17.0,15.03329637837291,17.11724276862369,16.1245154965971,18.027756377319946,17.0,18.027756377319946,17.0,16.0312195418814,14.0,1697990070.4848022
13.341664064126334,13.341664064126334,19.026297590440446,14.7648230602334,17.46424919657298,17.46424919657298,15.03329637837291,23.021728866442675,23.086792761230395,21.377558326431952,25.96150997149434,25.96150997149434,24.351591323771842,23.259406699226012,23.769728648009426,25.059928172283335,21.470910553583888,19.235384061671343,15.652475842498529,14.142135623730951,11.313708498984761,14.422205101855958,8.246211251235321,11.180339887498949,9.486832980505138,10.44030650891055,10.770329614269007,11.313708498984761,13.453624047073712,13.453624047073712,14.866068747318504,13.92838827718412,15.0,12.041594578792296,17.69180601295413,8.602325267042627,9.848857801796104,13.038404810405298,10.04987562112089,13.038404810405298,13.038404810405298,16.0,16.0312195418814,15.132745950421555,17.11724276862369,16.1245154965971,18.110770276274835,18.0,19.1049731745428,17.11724276862369,17.0,14.0356688476182,1697990070.4928024
16.278820596099706,9.219544457292889,13.416407864998739,16.15549442140351,18.35755975068582,16.643316977093235,20.0,19.235384061671343,22.360679774997898,22.847319317591726,23.08679276123039,25.96150997149434,24.515301344262525,24.331050121192874,22.20360331117452,23.194827009486403,20.024984394500787,19.026297590440446,16.0,15.03329637837291,13.152946437965904,12.36931687685298,10.44030650891055,10.770329614269007,11.180339887498949,10.0,10.63014581273465,11.6619037896906,11.180339887498949,12.649110640673518,13.601470508735444,15.811388300841898,15.811388300841898,15.811388300841898,15.811388300841898,13.92838827718412,12.36931687685298,12.041594578792294,14.0,14.142135623730951,16.1245154965971,16.278820596099706,18.248287590894655,16.492422502470642,17.46424919657298,18.439088914585778,19.235384061671347,19.235384061671347,19.235384061671347,18.248287590894655,17.029386365926403,15.297058540778355,1697990070.5133376
11.704699910719626,14.317821063276352,17.029386365926403,15.03329637837291,17.26267650163207,15.811388300841898,15.811388300841898,18.439088914585778,20.39607805437114,18.439088914585778,24.331050121192874,24.0,26.019223662515373,24.331050121192874,19.1049731745428,25.0,20.024984394500787,18.439088914585778,13.341664064126334,14.142135623730951,12.36931687685298,11.045361017187261,11.180339887498949,11.045361017187261,7.810249675906654,9.899494936611665,9.848857801796104,10.0,9.848857801796104,10.770329614269007,13.601470508735444,14.866068747318506,16.76305461424021,19.235384061671343,16.55294535724685,15.231546211727817,12.36931687685298,12.041594578792294,15.03329637837291,13.038404810405298,18.248287590894655,15.524174696260024,20.024984394500787,20.09975124224178,19.1049731745428,16.492422502470642,19.1049731745428,19.235384061671347,19.235384061671347,19.0,18.027756377319946,15.524174696260024,1697990070.5203407
13.601470508735444,13.0,12.529964086141668,19.723082923316017,15.0,15.264337522473749,15.556349186104047,20.12461179749811,19.235384061671343,22.47220505424423,21.095023109728988,24.698178070456937,23.40939982143925,22.472205054244235,23.08679276123039,24.515301344262525,18.027756377319946,20.09975124224178,17.46424919657298,13.152946437965904,13.601470508735444,9.219544457292889,11.6619037896906,7.0710678118654755,8.54400374531753,12.041594578792296,12.529964086141668,10.0,9.848857801796104,13.038404810405298,12.649110640673518,17.11724276862369,15.132745950421555,13.152946437965904,14.317821063276352,9.219544457292889,12.165525060596437,11.40175425099138,15.231546211727817,13.601470508735444,18.439088914585778,14.317821063276352,16.15549442140351,16.55294535724685,17.08800749063506,18.35755975068582,17.08800749063506,17.26267650163207,17.08800749063506,18.027756377319946,14.560219778561038,15.811388300841898,1697990070.5283396
15.297058540778355,10.04987562112089,12.529964086141668,19.924858845171276,16.76305461424021,18.788294228055936,17.4928556845359,19.723082923316017,23.259406699226012,23.259406699226012,23.706539182259394,24.041630560342615,24.73863375370596,23.345235059857504,22.090722034374522,22.20360331117452,20.0,17.029386365926403,16.1245154965971,14.0356688476182,13.038404810405298,13.152946437965904,11.045361017187261,8.246211251235321,8.94427190999916,10.0,9.899494936611665,9.433981132056603,12.08304597359457,13.0,13.601470508735444,13.601470508735444,15.652475842498529,13.92838827718412,13.92838827718412,13.416407864998739,11.180339887498949,11.045361017187261,10.04987562112089,13.0,15.132745950421555,17.029386365926403,17.26267650163207,16.278820596099706,16.278820596099706,15.811388300841898,17.26267650163207,17.26267650163207,18.110770276274835,16.1245154965971,15.132745950421555,14.317821063276352,1697990070.5453908
8.602325267042627,10.04987562112089,12.529964086141668,19.924858845171276,16.76305461424021,18.788294228055936,17.4928556845359,19.723082923316017,23.259406699226012,23.259406699226012,23.706539182259394,24.041630560342615,24.73863375370596,23.345235059857504,22.090722034374522,22.20360331117452,20.0,17.029386365926403,16.1245154965971,14.0356688476182,13.038404810405298,13.152946437965904,11.045361017187261,8.246211251235321,8.94427190999916,10.0,9.899494936611665,9.433981132056603,12.08304597359457,13.0,13.601470508735444,13.601470508735444,15.652475842498529,13.92838827718412,13.92838827718412,13.416407864998739,11.180339887498949,11.045361017187261,10.04987562112089,13.0,15.132745950421555,17.029386365926403,17.26267650163207,16.278820596099706,16.278820596099706,15.811388300841898,17.26267650163207,17.26267650163207,18.110770276274835,16.1245154965971,15.132745950421555,14.317821063276352,1697990070.5603533
6.708203932499369,16.401219466856727,11.40175425099138,16.55294535724685,18.027756377319946,17.46424919657298,15.297058540778355,18.439088914585778,19.723082923316017,23.259406699226012,21.470910553583888,26.248809496813372,24.041630560342618,25.495097567963924,22.627416997969522,24.758836806279895,18.439088914585774,19.1049731745428,17.204650534085253,13.601470508735444,12.206555615733702,13.038404810405298,10.295630140987,11.6619037896906,9.433981132056603,10.44030650891055,9.219544457292889,9.0,13.341664064126334,13.0,16.76305461424021,13.0,17.46424919657298,14.7648230602334,14.422205101855958,13.892443989449806,11.40175425099138,8.94427190999916,14.7648230602334,11.6619037896906,16.401219466856727,16.55294535724685,16.643316977093235,16.1245154965971,15.231546211727817,18.788294228055936,19.235384061671343,19.4164878389476,20.248456731316587,17.08800749063506,18.35755975068582,13.601470508735444,1697990070.576343
14.422205101855958,8.94427190999916,18.439088914585774,16.278820596099706,19.235384061671343,17.69180601295413,16.970562748477143,18.38477631085024,22.022715545545243,23.853720883753127,24.69817807045694,27.29468812791236,26.92582403567252,26.570660511172843,20.8806130178211,25.96150997149434,22.472205054244235,19.1049731745428,17.46424919657298,14.142135623730951,13.152946437965904,12.08304597359457,10.770329614269007,12.806248474865697,10.0,10.63014581273465,13.453624047073712,10.44030650891055,12.36931687685298,13.0,13.152946437965904,15.03329637837291,17.46424919657298,15.132745950421555,15.132745950421555,11.045361017187261,10.19803902718557,9.486832980505138,14.317821063276352,15.652475842498529,17.0,17.0,20.591260281974,18.60107523773827,20.248456731316587,20.0,20.591260281974,21.095023109728988,20.0,17.46424919657298,18.60107523773827,15.811388300841896,1697990070.5863345
13.341664064126334,9.433981132056603,13.416407864998739,15.0,19.235384061671343,19.723082923316017,17.08800749063506,21.470910553583888,22.022715545545243,20.808652046684813,24.413111231467404,24.413111231467404,24.839484696748443,21.93171219946131,25.495097567963924,20.615528128088304,17.804493814764854,17.804493814764854,17.4928556845359,14.866068747318504,12.041594578792296,9.899494936611665,9.219544457292887,10.295630140987,10.295630140987,9.848857801796104,11.180339887498949,11.180339887498949,10.770329614269007,10.44030650891055,16.278820596099706,17.720045146669353,15.652475842498529,15.811388300841898,14.317821063276352,13.601470508735444,11.40175425099138,12.206555615733702,14.422205101855958,14.866068747318504,15.620499351813308,16.970562748477143,15.620499351813308,17.69180601295413,16.970562748477143,19.1049731745428,18.60107523773827,21.93171219946131,20.518284528683193,17.804493814764854,17.804493814764854,16.401219466856727,1697990070.5973458
13.038404810405298,9.433981132056603,13.0,18.027756377319946,15.03329637837291,16.278820596099706,18.973665961010276,16.1245154965971,20.39607805437114,19.6468827043885,20.09975124224178,26.076809620810597,24.020824298928627,23.021728866442675,22.20360331117452,22.090722034374522,20.223748416156685,18.248287590894655,14.560219778561038,13.038404810405298,9.219544457292889,11.180339887498949,13.038404810405298,10.295630140987,10.19803902718557,9.848857801796104,11.313708498984761,9.899494936611665,13.038404810405298,12.08304597359457,11.6619037896906,14.142135623730951,14.422205101855958,13.0,17.029386365926403,13.601470508735444,10.44030650891055,9.848857801796104,11.40175425099138,15.0,14.0,15.03329637837291,18.110770276274835,16.492422502470642,18.439088914585778,18.248287590894655,18.027756377319946,18.110770276274835,18.248287590894655,17.26267650163207,17.029386365926403,14.317821063276352,1697990070.606346
9.433981132056603,8.06225774829855,13.0,16.278820596099706,16.492422502470642,16.0,17.029386365926403,19.1049731745428,21.095023109728984,21.377558326431952,23.53720459187964,25.0,24.351591323771842,23.40939982143925,21.931712199461305,22.847319317591726,20.12461179749811,19.723082923316017,16.643316977093235,14.7648230602334,12.529964086141668,11.704699910719626,10.44030650891055,10.04987562112089,10.0,9.219544457292889,9.848857801796104,10.816653826391969,11.40175425099138,12.727922061357857,12.806248474865697,14.866068747318504,14.866068747318504,14.866068747318504,14.212670403551895,14.212670403551895,11.40175425099138,10.816653826391969,12.08304597359457,13.601470508735444,14.560219778561038,15.297058540778355,16.278820596099706,15.132745950421555,17.11724276862369,16.278820596099706,17.26267650163207,17.46424919657298,16.278820596099706,15.297058540778355,15.811388300841898,14.317821063276352,1697990070.6148627
8.06225774829855,10.44030650891055,12.36931687685298,13.0,16.1245154965971,14.0356688476182,14.317821063276352,17.11724276862369,22.561028345356952,19.924858845171276,21.840329667841555,23.259406699226012,23.259406699226012,23.3238075793812,20.808652046684813,20.0,19.849433241279208,17.69180601295413,13.453624047073712,13.453624047073712,13.601470508735444,10.63014581273465,9.433981132056603,8.06225774829855,9.219544457292889,9.055385138137417,9.486832980505138,11.045361017187261,10.19803902718557,12.529964086141668,13.92838827718412,14.866068747318506,16.278820596099706,13.152946437965904,14.142135623730951,12.529964086141668,11.40175425099138,13.601470508735444,16.278820596099706,14.212670403551895,15.556349186104047,14.866068747318504,18.38477631085024,16.401219466856727,16.278820596099706,15.556349186104047,18.60107523773827,19.4164878389476,17.804493814764854,16.401219466856727,16.970562748477143,17.804493814764854,1697990070.6268654
9.0,16.76305461424021,12.041594578792294,12.36931687685298,13.0,14.212670403551895,16.55294535724685,20.248456731316587,24.041630560342615,25.079872407968903,23.769728648009426,24.351591323771842,26.1725046566048,24.331050121192874,20.223748416156685,21.023796041628636,17.029386365926403,21.023796041628636,13.601470508735444,10.04987562112089,11.180339887498949,10.816653826391969,11.045361017187261,6.708203932499369,13.416407864998739,6.708203932499369,11.40175425099138,11.313708498984761,13.038404810405298,12.165525060596437,14.866068747318506,16.15549442140351,16.15549442140351,17.0,15.231546211727817,11.40175425099138,13.038404810405298,12.041594578792294,16.278820596099706,16.0312195418814,18.110770276274835,17.46424919657298,16.278820596099706,16.76305461424021,17.720045146669353,18.248287590894655,20.024984394500787,16.278820596099706,19.4164878389476,18.027756377319946,15.297058540778355,15.811388300841898,1697990070.6338625
7.211102550927979,12.165525060596437,15.524174696260024,14.0356688476182,14.7648230602334,12.165525060596437,17.0,17.46424919657298,17.11724276862369,19.1049731745428,21.0,21.095023109728984,20.09975124224178,23.769728648009423,17.720045146669353,19.924858845171276,15.231546211727817,15.0,14.212670403551895,15.231546211727817,8.06225774829855,10.295630140987,10.04987562112089,9.219544457292889,11.40175425099138,10.770329614269007,8.602325267042627,10.770329614269007,10.19803902718557,12.08304597359457,15.264337522473749,16.401219466856727,16.278820596099706,17.0,12.206555615733702,10.19803902718557,13.038404810405298,9.055385138137417,11.40175425099138,13.341664064126334,13.341664064126334,14.317821063276352,15.132745950421555,14.0356688476182,17.720045146669353,15.132745950421555,17.26267650163207,16.278820596099706,16.278820596099706,15.297058540778355,14.866068747318506,13.152946437965904,1697990070.656863
11.313708498984761,11.6619037896906,14.7648230602334,17.4928556845359,16.643316977093235,17.4928556845359,18.788294228055936,21.095023109728988,22.203603311174515,23.021728866442675,24.413111231467404,25.612496949731394,24.758836806279895,24.08318915758459,23.60084744241189,24.207436873820413,21.95449840010015,19.235384061671343,18.35755975068582,14.422205101855958,12.529964086141668,13.038404810405298,10.63014581273465,11.40175425099138,9.433981132056603,10.44030650891055,11.180339887498949,11.0,12.041594578792294,12.041594578792294,13.152946437965904,14.317821063276352,15.132745950421555,14.142135623730951,16.1245154965971,13.341664064126334,11.40175425099138,11.6619037896906,13.453624047073712,14.866068747318504,16.401219466856727,16.401219466856727,17.69180601295413,16.970562748477143,19.79898987322333,19.1049731745428,19.849433241279208,20.0,19.209372712298546,17.69180601295413,17.804493814764854,16.278820596099706,1697990070.6638625
10.816653826391969,8.602325267042627,10.295630140987,11.40175425099138,17.804493814764854,13.601470508735444,17.0,22.022715545545243,21.400934559032695,21.400934559032695,23.60084744241189,26.1725046566048,21.93171219946131,23.430749027719962,25.059928172283335,26.419689627245813,18.788294228055936,19.723082923316017,15.620499351813308,13.416407864998739,13.341664064126334,13.601470508735444,8.602325267042627,9.433981132056603,9.433981132056603,10.44030650891055,11.180339887498949,14.560219778561038,10.04987562112089,10.19803902718557,13.152946437965904,16.0,15.132745950421555,14.142135623730951,16.278820596099706,12.165525060596437,10.0,12.165525060596437,14.317821063276352,13.892443989449806,14.866068747318506,16.1245154965971,17.0,15.264337522473749,17.4928556845359,18.35755975068582,17.88854381999832,19.697715603592208,18.788294228055936,18.35755975068582,17.46424919657298,16.1245154965971,1697990070.6698637
18.027756377319946,8.54400374531753,21.023796041628636,16.1245154965971,15.297058540778355,12.649110640673518,18.788294228055936,22.360679774997898,18.110770276274835,22.090722034374522,23.194827009486403,24.083189157584588,23.021728866442675,23.194827009486403,22.360679774997898,21.377558326431952,20.615528128088304,20.248456731316587,15.524174696260024,13.416407864998739,14.142135623730951,12.165525060596437,9.0,9.486832980505138,12.649110640673518,8.54400374531753,12.529964086141668,10.0,12.041594578792296,12.041594578792296,13.601470508735444,15.0,15.620499351813308,14.866068747318504,15.811388300841896,13.453624047073712,12.041594578792296,12.165525060596437,13.0,13.92838827718412,14.560219778561038,15.524174696260024,19.4164878389476,17.720045146669353,17.46424919657298,19.235384061671347,19.6468827043885,16.55294535724685,17.46424919657298,18.681541692269406,17.720045146669353,15.297058540778355,1697990070.6948643
10.63014581273465,14.7648230602334,21.18962010041709,12.165525060596437,17.46424919657298,20.6155281280883,16.55294535724685,22.360679774997898,22.825424421026653,23.853720883753127,24.207436873820413,28.844410203711917,26.1725046566048,25.80697580112788,22.47220505424423,26.627053911388693,20.591260281974,18.788294228055936,15.652475842498529,15.264337522473749,13.416407864998739,10.0,9.219544457292887,9.219544457292887,11.40175425099138,9.055385138137417,12.529964086141668,14.142135623730951,11.180339887498949,14.317821063276352,15.03329637837291,14.560219778561038,16.492422502470642,14.0356688476182,16.278820596099706,14.142135623730951,13.0,12.529964086141668,15.0,15.264337522473749,17.029386365926403,17.804493814764854,20.0,16.970562748477143,19.79898987322333,18.439088914585774,21.400934559032695,19.209372712298546,20.0,18.60107523773827,18.60107523773827,16.278820596099706,1697990070.70587
9.055385138137417,10.19803902718557,17.08800749063506,15.297058540778355,18.027756377319946,16.278820596099706,18.681541692269406,20.39607805437114,20.09975124224178,22.090722034374522,23.021728866442675,25.179356624028344,25.495097567963924,24.73863375370596,24.041630560342615,25.298221281347036,18.973665961010276,19.697715603592208,17.46424919657298,13.92838827718412,12.649110640673518,9.219544457292889,11.40175425099138,10.0,11.180339887498949,9.486832980505138,8.94427190999916,10.0,10.63014581273465,12.806248474865697,13.601470508735444,15.811388300841896,15.811388300841896,15.0,15.811388300841896,13.601470508735444,13.038404810405298,12.649110640673518,14.560219778561038,12.649110640673518,20.0,17.804493814764854,20.0,16.1245154965971,19.1049731745428,18.027756377319946,20.39607805437114,19.4164878389476,19.1049731745428,20.223748416156685,17.46424919657298,17.029386365926403,1697990070.7143877
10.0,10.816653826391969,13.0,15.652475842498529,15.652475842498529,15.231546211727817,17.46424919657298,18.788294228055936,20.591260281974,20.808652046684813,20.808652046684813,24.08318915758459,22.627416997969522,22.671568097509265,21.400934559032695,22.203603311174515,19.4164878389476,15.811388300841896,15.264337522473749,13.0,12.649110640673518,10.63014581273465,11.40175425099138,9.899494936611665,9.848857801796104,9.219544457292889,11.0,10.44030650891055,13.341664064126334,12.08304597359457,13.601470508735444,14.866068747318506,14.317821063276352,14.866068747318506,15.524174696260024,12.36931687685298,11.6619037896906,12.041594578792296,14.212670403551895,15.620499351813308,15.620499351813308,16.401219466856727,18.439088914585774,17.204650534085253,19.209372712298546,18.027756377319946,19.1049731745428,18.38477631085024,19.1049731745428,17.804493814764854,17.69180601295413,15.0,1697990070.7353933
9.486832980505138,10.0,14.0356688476182,16.0312195418814,15.03329637837291,15.03329637837291,18.027756377319946,18.0,20.024984394500787,21.377558326431952,23.345235059857504,23.40939982143925,20.248456731316587,22.847319317591726,23.853720883753127,22.472205054244235,16.970562748477143,18.867962264113206,17.029386365926403,13.0,8.94427190999916,10.63014581273465,7.0,10.770329614269007,12.041594578792294,9.219544457292889,8.94427190999916,10.770329614269007,12.041594578792296,11.6619037896906,14.422205101855958,13.038404810405298,16.401219466856727,19.209372712298546,14.422205101855958,12.727922061357857,12.806248474865697,12.529964086141668,14.7648230602334,15.811388300841898,16.55294535724685,16.76305461424021,19.313207915827967,16.492422502470642,17.720045146669353,17.46424919657298,19.313207915827967,18.38477631085024,19.313207915827967,18.38477631085024,17.46424919657298,14.560219778561038,1697990070.7473862
8.06225774829855,7.211102550927979,14.422205101855958,19.79898987322333,12.806248474865697,15.811388300841896,14.422205101855958,19.209372712298546,19.79898987322333,18.439088914585774,19.849433241279208,24.69817807045694,20.615528128088304,20.248456731316587,21.400934559032695,20.808652046684813,19.4164878389476,14.7648230602334,13.601470508735444,12.08304597359457,8.94427190999916,10.63014581273465,9.219544457292887,7.211102550927979,10.04987562112089,10.0,7.280109889280519,10.770329614269007,12.041594578792296,13.0,11.704699910719626,13.152946437965904,15.652475842498529,12.529964086141668,15.231546211727817,11.40175425099138,8.602325267042627,12.206555615733702,13.601470508735444,17.69180601295413,13.601470508735444,16.401219466856727,17.029386365926403,16.401219466856727,18.027756377319946,16.1245154965971,16.1245154965971,16.401219466856727,17.69180601295413,15.0,18.439088914585774,16.278820596099706,1697990070.7533839
9.433981132056603,12.649110640673518,12.529964086141668,17.204650534085253,14.212670403551895,15.620499351813308,14.866068747318504,18.439088914585774,20.518284528683193,20.518284528683193,21.93171219946131,25.455844122715714,23.430749027719962,21.633307652783937,25.238858928247925,25.0,19.697715603592208,17.46424919657298,14.422205101855958,14.317821063276352,13.038404810405298,10.816653826391969,7.810249675906654,10.63014581273465,7.211102550927979,13.0,12.041594578792294,10.0,11.045361017187261,12.165525060596437,12.0,15.297058540778355,14.142135623730951,13.341664064126334,16.492422502470642,10.44030650891055,10.770329614269007,15.811388300841896,14.212670403551895,16.278820596099706,16.970562748477143,16.278820596099706,17.69180601295413,16.278820596099706,16.278820596099706,17.69180601295413,17.804493814764854,18.867962264113206,16.643316977093235,15.811388300841896,17.804493814764854,15.556349186104047,1697990070.7603853
10.0,8.54400374531753,13.152946437965904,14.317821063276352,14.317821063276352,13.341664064126334,17.46424919657298,15.811388300841898,19.4164878389476,20.09975124224178,21.023796041628636,23.021728866442675,21.213203435596427,21.377558326431952,19.6468827043885,20.8806130178211,16.76305461424021,15.811388300841898,13.92838827718412,12.649110640673518,10.44030650891055,10.19803902718557,8.06225774829855,8.0,9.219544457292889,8.94427190999916,10.0,10.63014581273465,11.40175425099138,12.206555615733702,13.453624047073712,15.0,15.620499351813308,14.212670403551895,15.0,13.601470508735444,12.529964086141668,12.08304597359457,13.92838827718412,14.560219778561038,16.76305461424021,16.278820596099706,19.6468827043885,16.278820596099706,18.248287590894655,18.110770276274835,19.6468827043885,18.681541692269406,19.924858845171276,17.720045146669353,16.76305461424021,16.278820596099706,1697990070.777385
5.656854249492381,12.206555615733702,11.180339887498949,14.866068747318504,12.727922061357857,16.278820596099706,16.643316977093235,22.671568097509265,20.0,19.79898987322333,22.80350850198276,24.413111231467404,22.135943621178658,22.671568097509265,24.596747752497688,20.8806130178211,16.76305461424021,13.341664064126334,15.524174696260024,11.180339887498949,12.08304597359457,11.180339887498949,8.06225774829855,8.602325267042627,11.180339887498949,12.36931687685298,12.649110640673518,11.045361017187261,12.041594578792294,11.0,13.038404810405298,17.11724276862369,16.1245154965971,14.0356688476182,14.0,12.165525060596437,14.0356688476182,9.848857801796104,13.601470508735444,16.643316977093235,17.88854381999832,17.4928556845359,19.4164878389476,18.60107523773827,18.60107523773827,19.4164878389476,21.633307652783937,19.209372712298546,21.95449840010015,17.029386365926403,18.027756377319946,15.556349186104047,1697990070.7873843
7.280109889280519,18.788294228055936,13.92838827718412,13.0,19.235384061671347,13.892443989449806,17.204650534085253,18.788294228055936,19.6468827043885,19.6468827043885,19.924858845171276,24.041630560342615,24.083189157584588,21.840329667841555,24.186773244895647,23.021728866442675,16.1245154965971,18.38477631085024,15.524174696260024,11.180339887498949,14.317821063276352,10.816653826391969,8.06225774829855,9.486832980505138,10.816653826391969,12.36931687685298,10.63014581273465,7.211102550927979,14.317821063276352,13.038404810405298,14.0356688476182,18.973665961010276,16.55294535724685,15.03329637837291,17.69180601295413,12.206555615733702,12.206555615733702,13.0,13.152946437965904,15.03329637837291,13.038404810405298,17.11724276862369,15.297058540778355,17.11724276862369,17.46424919657298,16.0312195418814,17.46424919657298,17.029386365926403,19.235384061671347,17.11724276862369,18.027756377319946,15.524174696260024,1697990070.800387
12.08304597359457,13.341664064126334,16.0312195418814,14.142135623730951,15.132745950421555,17.0,17.0,18.110770276274835,21.587033144922902,21.540659228538015,24.698178070456937,26.400757564888174,23.259406699226012,22.80350850198276,23.60084744241189,23.60084744241189,16.970562748477143,16.401219466856727,13.453624047073712,14.212670403551895,12.041594578792296,13.892443989449806,12.08304597359457,9.486832980505138,12.0,8.06225774829855,8.54400374531753,12.08304597359457,13.0,12.529964086141668,14.422205101855958,13.892443989449806,17.08800749063506,17.4928556845359,17.0,15.264337522473749,13.038404810405298,12.727922061357857,15.556349186104047,15.0,19.849433241279208,17.11724276862369,21.93171219946131,20.518284528683193,16.643316977093235,20.808652046684813,21.2602916254693,20.615528128088304,19.79898987322333,17.029386365926403,19.79898987322333,15.0,1697990070.811471
8.94427190999916,16.643316977093235,13.601470508735444,17.0,15.652475842498529,15.0,17.204650534085253,18.027756377319946,20.591260281974,21.095023109728988,21.95449840010015,24.596747752497688,23.40939982143925,22.472205054244235,21.587033144922902,21.377558326431952,19.235384061671347,17.11724276862369,16.0312195418814,14.142135623730951,12.165525060596437,11.40175425099138,9.848857801796104,9.433981132056603,9.899494936611665,10.0,10.770329614269007,10.770329614269007,12.36931687685298,12.165525060596437,13.341664064126334,15.297058540778355,16.278820596099706,15.524174696260024,14.317821063276352,11.0,13.0,13.038404810405298,14.317821063276352,15.524174696260024,15.524174696260024,16.76305461424021,18.027756377319946,16.15549442140351,18.38477631085024,18.027756377319946,18.973665961010276,18.681541692269406,18.973665961010276,18.38477631085024,17.08800749063506,15.231546211727817,1697990070.8224714
11.40175425099138,15.811388300841896,13.92838827718412,16.492422502470642,12.08304597359457,14.317821063276352,16.643316977093235,18.027756377319946,21.470910553583888,22.203603311174515,22.203603311174515,26.627053911388693,20.518284528683193,25.0,20.808652046684813,22.022715545545243,18.867962264113206,19.235384061671343,14.422205101855958,13.892443989449806,12.206555615733702,13.453624047073712,10.770329614269007,9.899494936611665,11.313708498984761,11.40175425099138,12.36931687685298,11.180339887498949,12.649110640673518,13.341664064126334,12.08304597359457,16.278820596099706,17.08800749063506,14.560219778561038,16.76305461424021,14.317821063276352,15.524174696260024,10.295630140987,15.264337522473749,15.524174696260024,15.811388300841896,18.38477631085024,19.4164878389476,17.69180601295413,21.2602916254693,19.79898987322333,21.633307652783937,19.4164878389476,19.209372712298546,18.38477631085024,17.08800749063506,18.38477631085024,1697990070.8354697
9.433981132056603,15.524174696260024,18.38477631085024,15.524174696260024,18.027756377319946,14.0,17.46424919657298,18.110770276274835,21.18962010041709,20.6155281280883,22.47220505424423,23.853720883753127,22.022715545545243,22.022715545545243,21.2602916254693,21.93171219946131,17.69180601295413,16.970562748477143,14.212670403551895,12.727922061357857,11.313708498984761,9.433981132056603,10.0,6.324555320336759,8.94427190999916,9.055385138137417,8.246211251235321,11.180339887498949,9.219544457292889,12.529964086141668,12.529964086141668,15.264337522473749,17.46424919657298,14.866068747318506,15.0,15.0,10.816653826391969,10.816653826391969,14.142135623730951,16.970562748477143,17.204650534085253,17.804493814764854,18.439088914585774,17.029386365926403,18.027756377319946,19.4164878389476,19.849433241279208,19.209372712298546,20.518284528683193,18.439088914585774,17.69180601295413,15.620499351813308,1697990070.8424711
8.94427190999916,10.63014581273465,12.041594578792296,14.212670403551895,13.453624047073712,14.142135623730951,16.970562748477143,17.69180601295413,20.0,19.4164878389476,20.248456731316587,22.825424421026653,21.540659228538015,21.540659228538015,20.8806130178211,20.615528128088304,18.248287590894655,16.1245154965971,14.142135623730951,13.152946437965904,11.180339887498949,10.44030650891055,8.54400374531753,8.06225774829855,8.485281374238571,8.06225774829855,8.602325267042627,13.601470508735444,10.04987562112089,9.055385138137417,13.152946437965904,14.0356688476182,15.297058540778355,14.142135623730951,15.132745950421555,13.152946437965904,12.0,13.038404810405298,14.142135623730951,15.524174696260024,15.297058540778355,16.76305461424021,17.720045146669353,17.08800749063506,18.027756377319946,18.027756377319946,19.4164878389476,18.439088914585778,18.681541692269406,17.46424919657298,17.26267650163207,14.560219778561038,1697990070.8524718
6.0827625302982185,5.656854249492381,11.0,12.649110640673518,12.165525060596437,14.142135623730951,17.029386365926403,15.132745950421555,17.88854381999832,19.313207915827967,20.248456731316587,20.591260281974,19.4164878389476,18.867962264113206,17.804493814764854,20.615528128088304,15.620499351813308,19.209372712298546,12.08304597359457,12.206555615733702,10.816653826391969,14.866068747318504,8.94427190999916,9.486832980505138,12.649110640673518,8.0,8.06225774829855,8.602325267042627,10.816653826391969,11.6619037896906,14.212670403551895,12.806248474865697,14.866068747318504,14.212670403551895,13.453624047073712,12.727922061357857,12.206555615733702,10.295630140987,11.40175425099138,16.55294535724685,14.317821063276352,13.0,17.720045146669353,14.560219778561038,16.278820596099706,15.524174696260024,17.08800749063506,16.15549442140351,14.866068747318506,15.652475842498529,14.866068747318506,14.560219778561038,1697990070.8754747
7.280109889280519,8.485281374238571,12.08304597359457,13.416407864998739,14.7648230602334,13.038404810405298,17.029386365926403,18.60107523773827,19.723082923316017,19.6468827043885,22.360679774997898,24.041630560342615,22.561028345356952,21.377558326431952,20.223748416156685,21.213203435596427,17.11724276862369,18.027756377319946,14.0356688476182,13.152946437965904,12.041594578792294,10.44030650891055,9.486832980505138,9.219544457292887,8.602325267042627,11.313708498984761,11.6619037896906,10.770329614269007,11.704699910719626,12.36931687685298,13.341664064126334,16.278820596099706,16.76305461424021,14.317821063276352,16.492422502470642,16.1245154965971,13.152946437965904,13.038404810405298,16.0312195418814,16.278820596099706,16.1245154965971,17.26267650163207,19.6468827043885,18.027756377319946,16.76305461424021,17.08800749063506,19.4164878389476,18.681541692269406,17.46424919657298,19.235384061671347,19.026297590440446,15.811388300841898,1697990070.8854718
10.0,11.313708498984761,13.601470508735444,17.029386365926403,15.620499351813308,17.204650534085253,18.027756377319946,20.0,21.2602916254693,21.213203435596427,23.430749027719962,25.612496949731394,23.853720883753127,23.3238075793812,22.825424421026653,22.825424421026653,20.12461179749811,19.697715603592208,17.08800749063506,15.231546211727817,13.416407864998739,11.6619037896906,8.94427190999916,9.486832980505138,10.0,10.295630140987,11.704699910719626,9.486832980505138,15.03329637837291,10.295630140987,16.1245154965971,16.0312195418814,16.1245154965971,17.08800749063506,15.297058540778355,13.416407864998739,13.152946437965904,13.341664064126334,14.866068747318506,17.0,17.46424919657298,18.35755975068582,19.723082923316017,18.027756377319946,19.4164878389476,18.60107523773827,20.12461179749811,19.235384061671343,19.235384061671343,18.35755975068582,18.38477631085024,16.1245154965971,1697990070.9126074
9.219544457292889,12.36931687685298,13.038404810405298,14.142135623730951,16.1245154965971,16.0,20.0,20.09975124224178,18.110770276274835,20.39607805437114,21.587033144922902,23.08679276123039,22.472205054244235,21.02379604162864,20.591260281974,21.470910553583888,18.027756377319946,18.027756377319946,15.811388300841896,14.422205101855958,12.206555615733702,11.180339887498949,8.94427190999916,9.219544457292889,10.0,9.219544457292889,10.44030650891055,11.180339887498949,12.529964086141668,13.601470508735444,13.038404810405298,15.0,16.1245154965971,15.264337522473749,15.264337522473749,14.422205101855958,13.601470508735444,12.727922061357857,14.866068747318504,16.643316977093235,15.811388300841896,15.264337522473749,17.0,17.46424919657298,16.55294535724685,16.55294535724685,17.204650534085253,16.643316977093235,18.027756377319946,17.4928556845359,17.204650534085253,14.7648230602334,1697990070.932609
10.816653826391969,9.899494936611665,12.041594578792296,14.142135623730951,13.453624047073712,14.866068747318504,15.620499351813308,16.401219466856727,19.1049731745428,19.1049731745428,20.615528128088304,21.95449840010015,19.723082923316017,20.12461179749811,19.697715603592208,18.788294228055936,16.76305461424021,16.278820596099706,16.492422502470642,13.341664064126334,11.40175425099138,9.486832980505138,8.54400374531753,7.211102550927979,8.602325267042627,7.810249675906654,8.94427190999916,12.36931687685298,10.44030650891055,13.152946437965904,13.038404810405298,15.03329637837291,14.0356688476182,13.038404810405298,14.0356688476182,12.165525060596437,12.0,12.165525060596437,12.165525060596437,15.524174696260024,14.866068747318506,14.866068747318506,15.811388300841898,15.297058540778355,15.524174696260024,17.204650534085253,17.46424919657298,16.76305461424021,16.492422502470642,15.524174696260024,15.297058540778355,13.92838827718412,1697990070.9406092
12.0,10.770329614269007,17.46424919657298,18.027756377319946,13.341664064126334,17.029386365926403,17.0,19.235384061671347,20.024984394500787,21.023796041628636,22.02271554554524,25.0,24.186773244895647,22.80350850198276,21.02379604162864,19.924858845171276,19.4164878389476,15.264337522473749,17.0,13.92838827718412,13.0,10.04987562112089,10.19803902718557,9.0,11.704699910719626,10.295630140987,8.94427190999916,15.132745950421555,10.44030650891055,13.152946437965904,11.704699910719626,12.206555615733702,19.849433241279208,14.212670403551895,15.620499351813308,13.892443989449806,13.92838827718412,13.416407864998739,14.866068747318506,16.1245154965971,18.439088914585778,19.1049731745428,19.235384061671347,19.0,19.026297590440446,20.024984394500787,21.213203435596427,19.1049731745428,19.1049731745428,19.0,18.110770276274835,17.0,1697990070.9586072
12.206555615733702,11.40175425099138,15.524174696260024,11.0,16.278820596099706,18.027756377319946,16.278820596099706,18.110770276274835,16.0,18.248287590894655,20.39607805437114,23.345235059857504,22.135943621178658,20.8806130178211,20.248456731316587,20.6155281280883,19.723082923316017,13.892443989449806,15.811388300841896,10.816653826391969,9.433981132056603,12.649110640673518,7.615773105863909,10.19803902718557,11.180339887498949,10.04987562112089,8.246211251235321,7.211102550927979,12.206555615733702,14.212670403551895,11.180339887498949,14.142135623730951,15.0,14.866068747318504,12.08304597359457,10.44030650891055,13.601470508735444,12.727922061357857,12.041594578792296,13.892443989449806,13.892443989449806,15.652475842498529,18.35755975068582,16.55294535724685,17.46424919657298,15.231546211727817,17.0,17.4928556845359,18.35755975068582,16.643316977093235,14.422205101855958,13.892443989449806,1697990070.976607
11.0,5.099019513592785,13.152946437965904,20.0,15.03329637837291,18.027756377319946,18.027756377319946,19.4164878389476,19.0,21.023796041628636,22.02271554554524,23.194827009486403,21.587033144922902,21.840329667841555,21.18962010041709,21.18962010041709,19.313207915827967,16.55294535724685,15.652475842498529,14.317821063276352,11.704699910719626,10.44030650891055,10.04987562112089,10.0,10.04987562112089,9.486832980505138,10.295630140987,10.0,11.313708498984761,11.313708498984761,12.727922061357857,13.453624047073712,14.866068747318504,12.041594578792296,14.866068747318504,14.212670403551895,9.899494936611665,11.6619037896906,13.0,14.866068747318506,15.811388300841898,16.76305461424021,15.297058540778355,16.492422502470642,18.248287590894655,17.46424919657298,17.46424919657298,18.027756377319946,17.46424919657298,15.524174696260024,15.524174696260024,14.317821063276352,1697990070.992611
10.63014581273465,11.40175425099138,13.038404810405298,15.811388300841896,16.1245154965971,16.643316977093235,17.204650534085253,19.209372712298546,20.615528128088304,21.93171219946131,24.041630560342618,24.839484696748443,22.80350850198276,22.203603311174515,23.3238075793812,23.706539182259394,20.12461179749811,17.46424919657298,16.55294535724685,13.92838827718412,13.416407864998739,10.816653826391969,9.433981132056603,7.810249675906654,7.810249675906654,10.295630140987,11.704699910719626,10.19803902718557,14.0,11.313708498984761,16.278820596099706,13.341664064126334,15.132745950421555,16.1245154965971,17.11724276862369,12.36931687685298,12.649110640673518,12.649110640673518,14.317821063276352,14.422205101855958,17.08800749063506,16.1245154965971,18.027756377319946,17.804493814764854,18.027756377319946,17.804493814764854,18.788294228055936,17.029386365926403,17.4928556845359,15.264337522473749,16.55294535724685,14.422205101855958,1697990071.009614
9.219544457292889,9.055385138137417,14.142135623730951,16.0,15.132745950421555,16.278820596099706,16.76305461424021,18.027756377319946,22.02271554554524,21.213203435596427,23.194827009486403,25.179356624028344,23.53720459187964,23.08679276123039,21.18962010041709,22.472205054244235,22.360679774997898,19.235384061671343,16.643316977093235,12.529964086141668,12.08304597359457,9.848857801796104,10.19803902718557,8.94427190999916,11.0,9.848857801796104,11.180339887498949,10.0,11.313708498984761,10.63014581273465,12.041594578792296,17.69180601295413,16.401219466856727,14.866068747318504,16.278820596099706,12.806248474865697,13.038404810405298,14.422205101855958,13.0,15.524174696260024,18.027756377319946,16.492422502470642,18.973665961010276,19.235384061671347,18.439088914585778,18.248287590894655,19.924858845171276,18.681541692269406,19.6468827043885,18.681541692269406,18.027756377319946,16.278820596099706,1697990071.0479856
11.180339887498949,11.704699910719626,15.231546211727817,16.76305461424021,17.08800749063506,16.15549442140351,18.788294228055936,20.6155281280883,22.135943621178658,22.80350850198276,23.53720459187964,25.495097567963924,24.186773244895647,25.079872407968907,23.021728866442675,23.021728866442675,20.024984394500787,20.024984394500787,17.26267650163207,14.0356688476182,13.0,12.041594578792294,11.045361017187261,11.704699910719626,11.40175425099138,10.295630140987,12.806248474865697,13.453624047073712,13.0,15.132745950421555,16.492422502470642,16.76305461424021,21.18962010041709,17.4928556845359,17.88854381999832,16.55294535724685,14.560219778561038,13.152946437965904,16.278820596099706,18.027756377319946,17.11724276862369,19.026297590440446,19.0,18.248287590894655,20.09975124224178,20.024984394500787,21.0,18.681541692269406,19.6468827043885,20.0,19.026297590440446,18.027756377319946,1697990071.0599723
12.0,10.04987562112089,19.4164878389476,16.1245154965971,20.12461179749811,17.4928556845359,15.652475842498529,22.135943621178658,22.472205054244235,23.08679276123039,22.80350850198276,24.186773244895647,24.020824298928627,25.079872407968907,23.021728866442675,25.179356624028344,20.8806130178211,21.213203435596427,16.492422502470642,15.132745950421555,13.152946437965904,14.0,10.19803902718557,8.06225774829855,11.704699910719626,12.806248474865697,12.206555615733702,13.601470508735444,13.0,15.811388300841896,14.142135623730951,17.69180601295413,16.970562748477143,15.556349186104047,16.278820596099706,15.620499351813308,12.806248474865697,13.892443989449806,16.15549442140351,13.892443989449806,15.652475842498529,18.439088914585778,18.027756377319946,16.76305461424021,21.18962010041709,18.38477631085024,19.697715603592208,18.867962264113206,21.95449840010015,20.6155281280883,15.652475842498529,14.317821063276352,1697990071.0679903
10.04987562112089,11.40175425099138,13.038404810405298,15.231546211727817,14.317821063276352,13.92838827718412,16.643316977093235,17.0,19.697715603592208,18.681541692269406,21.587033144922902,23.769728648009423,22.20360331117452,21.095023109728984,22.02271554554524,23.086792761230395,20.024984394500787,17.029386365926403,12.0,12.041594578792294,14.142135623730951,8.602325267042627,10.770329614269007,10.0,9.219544457292887,7.211102550927979,9.486832980505138,9.848857801796104,12.165525060596437,12.529964086141668,13.152946437965904,14.0356688476182,18.439088914585778,15.297058540778355,15.297058540778355,10.44030650891055,8.54400374531753,11.045361017187261,13.601470508735444,13.92838827718412,16.492422502470642,15.652475842498529,17.08800749063506,17.0,18.788294228055936,19.697715603592208,18.973665961010276,16.492422502470642,17.08800749063506,18.027756377319946,16.76305461424021,15.231546211727817,1697990071.0789769
11.180339887498949,11.40175425099138,10.04987562112089,15.03329637837291,14.0,16.0,17.11724276862369,19.0,20.09975124224178,20.615528128088304,22.80350850198276,24.351591323771842,22.847319317591726,21.931712199461305,21.470910553583888,22.360679774997898,18.867962264113206,17.204650534085253,15.0,13.601470508735444,12.206555615733702,10.770329614269007,9.848857801796104,9.486832980505138,10.04987562112089,9.055385138137417,10.44030650891055,11.180339887498949,11.6619037896906,11.40175425099138,12.206555615733702,14.212670403551895,15.0,13.601470508735444,15.0,12.041594578792296,11.313708498984761,12.041594578792296,13.601470508735444,14.317821063276352,14.7648230602334,14.317821063276352,18.38477631085024,16.15549442140351,17.46424919657298,18.027756377319946,16.55294535724685,16.1245154965971,16.15549442140351,15.811388300841898,15.652475842498529,13.92838827718412,1697990071.0989857
11.180339887498949,9.0,14.0356688476182,17.029386365926403,16.0312195418814,16.492422502470642,16.278820596099706,16.492422502470642,20.39607805437114,20.615528128088304,22.80350850198276,23.40939982143925,21.02379604162864,20.6155281280883,21.470910553583888,25.495097567963924,17.204650534085253,17.804493814764854,13.601470508735444,14.212670403551895,12.36931687685298,12.165525060596437,9.848857801796104,10.295630140987,11.045361017187261,6.708203932499369,12.649110640673518,12.529964086141668,9.433981132056603,12.206555615733702,13.601470508735444,12.806248474865697,15.264337522473749,15.620499351813308,17.4928556845359,13.453624047073712,14.142135623730951,12.041594578792296,13.601470508735444,13.416407864998739,15.231546211727817,18.35755975068582,19.235384061671343,16.643316977093235,19.697715603592208,16.55294535724685,19.4164878389476,16.55294535724685,20.248456731316587,18.38477631085024,15.652475842498529,13.892443989449806,1697990071.1059859
8.602325267042627,9.055385138137417,16.278820596099706,15.297058540778355,15.03329637837291,17.11724276862369,18.0,22.20360331117452,19.4164878389476,21.840329667841555,22.561028345356952,23.769728648009423,21.540659228538015,19.924858845171276,19.235384061671343,22.472205054244235,21.95449840010015,15.811388300841896,16.401219466856727,12.206555615733702,12.727922061357857,10.770329614269007,9.219544457292887,9.219544457292889,11.180339887498949,10.04987562112089,11.6619037896906,11.180339887498949,12.206555615733702,11.313708498984761,15.620499351813308,16.278820596099706,15.811388300841896,14.866068747318504,16.278820596099706,12.727922061357857,13.453624047073712,13.892443989449806,13.0,13.92838827718412,17.4928556845359,16.492422502470642,19.6468827043885,18.60107523773827,18.027756377319946,18.973665961010276,18.027756377319946,17.08800749063506,19.924858845171276,17.88854381999832,20.12461179749811,16.76305461424021,1697990071.12953
10.295630140987,10.0,13.453624047073712,14.866068747318504,14.866068747318504,16.401219466856727,16.401219466856727,19.849433241279208,20.0,19.4164878389476,22.47220505424423,23.259406699226012,21.540659228538015,21.931712199461305,20.248456731316587,21.587033144922902,16.15549442140351,17.11724276862369,18.110770276274835,13.152946437965904,11.40175425099138,10.770329614269007,10.816653826391969,8.06225774829855,13.892443989449806,11.180339887498949,7.615773105863909,12.36931687685298,10.19803902718557,11.045361017187261,10.19803902718557,16.278820596099706,14.0356688476182,14.0,15.0,12.0,12.36931687685298,10.04987562112089,12.08304597359457,14.317821063276352,17.720045146669353,16.15549442140351,17.46424919657298,16.1245154965971,18.35755975068582,16.55294535724685,17.46424919657298,16.15549442140351,16.55294535724685,16.55294535724685,16.15549442140351,14.7648230602334,1697990071.148523
10.04987562112089,9.486832980505138,13.601470508735444,15.132745950421555,14.317821063276352,14.560219778561038,19.924858845171276,18.110770276274835,19.1049731745428,20.223748416156685,20.024984394500787,22.090722034374522,21.213203435596427,20.223748416156685,19.4164878389476,20.615528128088304,16.15549442140351,16.278820596099706,14.317821063276352,13.152946437965904,11.40175425099138,11.045361017187261,10.816653826391969,10.19803902718557,11.6619037896906,9.899494936611665,10.816653826391969,9.433981132056603,11.313708498984761,14.212670403551895,11.40175425099138,16.55294535724685,13.416407864998739,15.0,13.416407864998739,13.892443989449806,13.92838827718412,10.04987562112089,13.152946437965904,17.720045146669353,16.492422502470642,18.027756377319946,17.26267650163207,17.029386365926403,17.11724276862369,18.110770276274835,19.4164878389476,18.027756377319946,18.110770276274835,16.0,17.11724276862369,14.0356688476182,1697990071.1645207
9.219544457292887,13.038404810405298,10.770329614269007,17.720045146669353,13.416407864998739,16.55294535724685,19.6468827043885,19.723082923316017,21.840329667841555,20.024984394500787,22.090722034374522,22.20360331117452,23.021728866442675,22.02271554554524,21.377558326431952,22.0,17.46424919657298,16.492422502470642,16.0312195418814,11.180339887498949,16.0,15.132745950421555,10.19803902718557,13.92838827718412,12.165525060596437,10.816653826391969,10.63014581273465,13.601470508735444,11.180339887498949,16.1245154965971,15.0,15.652475842498529,15.652475842498529,14.7648230602334,15.811388300841896,13.892443989449806,12.165525060596437,11.40175425099138,16.1245154965971,18.027756377319946,17.46424919657298,18.0,18.248287590894655,16.1245154965971,17.26267650163207,18.110770276274835,18.027756377319946,19.0,19.1049731745428,19.026297590440446,17.11724276862369,15.0,1697990071.1705208
17.88854381999832,14.317821063276352,13.453624047073712,15.264337522473749,17.4928556845359,19.235384061671343,17.4928556845359,20.0,23.40939982143925,20.248456731316587,23.40939982143925,22.80350850198276,23.769728648009423,23.194827009486403,22.20360331117452,22.0,20.024984394500787,16.0312195418814,14.0,13.038404810405298,12.0,11.045361017187261,10.19803902718557,9.486832980505138,9.433981132056603,10.0,11.40175425099138,10.816653826391969,13.416407864998739,13.0,14.7648230602334,15.231546211727817,17.4928556845359,17.0,16.55294535724685,13.416407864998739,13.601470508735444,14.560219778561038,15.03329637837291,19.0,18.110770276274835,19.026297590440446,22.090722034374522,19.0,19.0,19.0,19.1049731745428,18.110770276274835,19.026297590440446,19.1049731745428,18.248287590894655,17.029386365926403,1697990071.1855202
7.0710678118654755,15.03329637837291,14.142135623730951,17.11724276862369,17.11724276862369,18.027756377319946,20.09975124224178,20.09975124224178,23.0,23.0,24.083189157584588,25.079872407968907,25.179356624028344,24.515301344262525,24.331050121192874,26.248809496813376,20.248456731316587,16.15549442140351,17.08800749063506,14.866068747318506,12.041594578792294,11.045361017187261,8.0,12.0,11.0,11.40175425099138,11.40175425099138,10.816653826391969,14.212670403551895,15.264337522473749,14.866068747318504,17.69180601295413,20.0,17.69180601295413,16.970562748477143,14.866068747318504,13.038404810405298,15.652475842498529,15.652475842498529,17.08800749063506,18.38477631085024,18.027756377319946,19.924858845171276,17.46424919657298,19.6468827043885,17.46424919657298,19.6468827043885,19.313207915827967,19.924858845171276,18.681541692269406,18.027756377319946,16.278820596099706,1697990071.194534
13.0,5.385164807134504,15.231546211727817,15.03329637837291,15.132745950421555,19.4164878389476,17.26267650163207,16.0312195418814,18.248287590894655,20.09975124224178,19.026297590440446,23.086792761230395,22.360679774997898,21.931712199461305,24.331050121192874,26.248809496813376,15.652475842498529,16.15549442140351,17.08800749063506,11.40175425099138,12.165525060596437,12.36931687685298,8.06225774829855,9.0,10.04987562112089,9.848857801796104,11.180339887498949,13.601470508735444,12.041594578792296,15.264337522473749,14.866068747318504,16.278820596099706,14.866068747318504,18.027756377319946,18.027756377319946,13.416407864998739,10.770329614269007,12.529964086141668,15.524174696260024,16.0,17.720045146669353,16.0312195418814,19.026297590440446,18.0,19.026297590440446,18.110770276274835,16.1245154965971,19.1049731745428,18.248287590894655,17.029386365926403,16.1245154965971,14.0356688476182,1697990071.231008
12.165525060596437,12.165525060596437,16.492422502470642,17.08800749063506,15.231546211727817,12.206555615733702,21.377558326431952,24.041630560342615,21.023796041628636,21.0,21.587033144922902,25.0,21.213203435596427,22.090722034374522,26.476404589747453,28.017851452243796,15.652475842498529,17.88854381999832,17.08800749063506,11.40175425099138,16.492422502470642,9.055385138137417,11.180339887498949,12.36931687685298,12.08304597359457,10.295630140987,9.219544457292887,12.806248474865697,12.041594578792296,11.40175425099138,14.866068747318504,16.278820596099706,20.518284528683193,18.027756377319946,17.029386365926403,16.278820596099706,15.264337522473749,13.92838827718412,15.524174696260024,15.132745950421555,17.46424919657298,16.1245154965971,19.235384061671347,20.39607805437114,16.278820596099706,18.439088914585778,21.840329667841555,20.248456731316587,20.615528128088304,18.439088914585778,16.492422502470642,15.03329637837291,1697990071.2470367
12.165525060596437,12.165525060596437,17.0,16.278820596099706,14.866068747318504,18.439088914585774,21.470910553583888,19.4164878389476,21.2602916254693,20.615528128088304,22.203603311174515,24.207436873820413,22.825424421026653,21.095023109728988,23.259406699226012,21.931712199461305,20.12461179749811,18.38477631085024,15.132745950421555,15.231546211727817,12.649110640673518,13.453624047073712,9.219544457292887,7.810249675906654,10.816653826391969,10.295630140987,11.704699910719626,11.704699910719626,12.165525060596437,13.0,13.341664064126334,15.0,15.297058540778355,14.142135623730951,17.029386365926403,12.041594578792294,13.341664064126334,12.165525060596437,13.0,17.46424919657298,16.15549442140351,16.15549442140351,17.0,17.0,18.35755975068582,17.4928556845359,18.788294228055936,17.46424919657298,17.88854381999832,17.0,14.317821063276352,14.422205101855958,1697990071.2560065
10.19803902718557,9.219544457292889,12.649110640673518,18.110770276274835,14.560219778561038,17.0,18.027756377319946,17.0,21.095023109728984,21.023796041628636,23.194827009486403,24.020824298928627,24.331050121192874,22.360679774997898,21.840329667841555,23.769728648009423,19.313207915827967,18.38477631085024,17.08800749063506,15.231546211727817,13.0,11.180339887498949,9.055385138137417,11.045361017187261,10.0,10.19803902718557,11.704699910719626,11.6619037896906,12.041594578792296,12.727922061357857,14.7648230602334,14.212670403551895,17.69180601295413,13.601470508735444,17.204650534085253,14.142135623730951,12.806248474865697,12.529964086141668,13.0,16.15549442140351,16.1245154965971,17.46424919657298,18.38477631085024,16.76305461424021,19.313207915827967,17.08800749063506,21.840329667841555,18.788294228055936,19.235384061671343,17.88854381999832,17.0,14.866068747318506,1697990071.265008
8.246211251235321,15.03329637837291,19.924858845171276,17.0,16.1245154965971,16.0312195418814,15.132745950421555,17.0,21.023796041628636,22.20360331117452,18.439088914585778,26.1725046566048,23.086792761230395,22.360679774997898,20.591260281974,19.6468827043885,18.35755975068582,20.591260281974,17.88854381999832,12.206555615733702,11.704699910719626,12.165525060596437,10.19803902718557,9.055385138137417,11.045361017187261,10.19803902718557,12.08304597359457,12.206555615733702,12.041594578792296,14.212670403551895,16.278820596099706,20.024984394500787,19.235384061671343,13.892443989449806,19.79898987322333,11.313708498984761,15.620499351813308,16.15549442140351,17.88854381999832,15.132745950421555,17.08800749063506,17.46424919657298,18.973665961010276,17.720045146669353,17.88854381999832,19.6468827043885,18.788294228055936,18.439088914585778,18.788294228055936,18.788294228055936,17.08800749063506,17.029386365926403,1697990071.2820158
11.0,12.08304597359457,13.892443989449806,17.4928556845359,16.76305461424021,13.92838827718412,17.720045146669353,14.7648230602334,19.313207915827967,18.027756377319946,20.615528128088304,23.259406699226012,21.540659228538015,24.0,22.472205054244235,19.6468827043885,18.35755975068582,21.377558326431952,17.88854381999832,10.19803902718557,13.038404810405298,13.0,9.486832980505138,8.246211251235321,9.433981132056603,8.485281374238571,9.899494936611665,8.602325267042627,11.180339887498949,9.219544457292889,18.0,19.235384061671347,13.038404810405298,13.892443989449806,18.0,8.94427190999916,11.045361017187261,10.0,15.132745950421555,16.492422502470642,16.1245154965971,17.08800749063506,20.39607805437114,17.88854381999832,19.697715603592208,19.6468827043885,16.76305461424021,16.492422502470642,19.697715603592208,19.697715603592208,16.1245154965971,13.038404810405298,1697990071.3010461
14.317821063276352,12.529964086141668,12.529964086141668,14.560219778561038,14.212670403551895,15.620499351813308,19.4164878389476,14.7648230602334,21.470910553583888,20.6155281280883,22.472205054244235,23.40939982143925,19.924858845171276,24.351591323771842,18.439088914585778,23.08679276123039,20.0,17.029386365926403,16.0,13.038404810405298,14.317821063276352,8.54400374531753,10.816653826391969,6.324555320336759,10.816653826391969,8.485281374238571,11.704699910719626,8.54400374531753,12.0,13.892443989449806,13.0,14.142135623730951,17.46424919657298,12.649110640673518,15.811388300841898,13.601470508735444,13.0,13.038404810405298,12.0,12.041594578792294,20.09975124224178,16.1245154965971,17.720045146669353,20.248456731316587,18.439088914585778,19.026297590440446,16.76305461424021,17.029386365926403,18.681541692269406,21.023796041628636,18.248287590894655,15.524174696260024,1697990071.3205755
8.94427190999916,14.0,15.132745950421555,17.804493814764854,17.08800749063506,17.46424919657298,16.1245154965971,15.620499351813308,18.35755975068582,19.849433241279208,22.022715545545243,22.627416997969522,22.022715545545243,24.08318915758459,18.439088914585778,18.38477631085024,17.88854381999832,18.027756377319946,16.55294535724685,13.038404810405298,13.038404810405298,8.54400374531753,7.280109889280519,11.180339887498949,5.8309518948453,11.40175425099138,8.54400374531753,10.04987562112089,9.486832980505138,14.317821063276352,14.0356688476182,16.0312195418814,14.142135623730951,15.0,13.038404810405298,12.165525060596437,12.041594578792294,13.92838827718412,15.811388300841896,16.492422502470642,20.09975124224178,17.88854381999832,16.401219466856727,16.55294535724685,18.867962264113206,18.867962264113206,18.38477631085024,20.12461179749811,21.540659228538015,16.76305461424021,18.027756377319946,16.401219466856727,1697990071.3315809
6.0,9.219544457292889,10.770329614269007,13.038404810405298,12.36931687685298,13.601470508735444,16.0312195418814,14.0356688476182,18.439088914585778,19.1049731745428,22.022715545545243,19.4164878389476,18.681541692269406,24.08318915758459,17.08800749063506,18.027756377319946,17.88854381999832,15.264337522473749,13.892443989449806,12.206555615733702,9.848857801796104,9.486832980505138,9.219544457292889,7.0710678118654755,7.0710678118654755,8.94427190999916,6.4031242374328485,10.0,9.433981132056603,13.416407864998739,14.866068747318504,13.038404810405298,14.866068747318504,15.620499351813308,13.038404810405298,8.94427190999916,10.816653826391969,12.08304597359457,11.704699910719626,13.601470508735444,12.649110640673518,18.248287590894655,19.6468827043885,16.0,16.0312195418814,19.0,20.223748416156685,17.46424919657298,16.1245154965971,18.110770276274835,15.03329637837291,14.0356688476182,1697990071.344579
12.08304597359457,10.0,14.317821063276352,15.811388300841896,17.204650534085253,12.529964086141668,16.1245154965971,20.248456731316587,20.248456731316587,20.248456731316587,20.248456731316587,22.80350850198276,22.360679774997898,23.345235059857504,19.1049731745428,19.0,18.110770276274835,16.1245154965971,13.892443989449806,11.045361017187261,11.180339887498949,9.219544457292889,9.486832980505138,8.54400374531753,10.63014581273465,10.63014581273465,10.295630140987,13.92838827718412,12.36931687685298,12.165525060596437,15.652475842498529,16.76305461424021,15.652475842498529,15.231546211727817,16.15549442140351,15.524174696260024,13.152946437965904,14.0,16.0,17.029386365926403,18.0,18.0,19.0,18.027756377319946,20.09975124224178,19.026297590440446,20.0,20.024984394500787,19.026297590440446,18.027756377319946,18.110770276274835,16.0312195418814,1697990071.355577
9.433981132056603,12.08304597359457,13.601470508735444,21.400934559032695,18.973665961010276,15.556349186104047,15.0,17.804493814764854,18.60107523773827,20.248456731316587,19.4164878389476,21.095023109728988,18.867962264113206,20.248456731316587,19.235384061671347,19.924858845171276,16.278820596099706,18.439088914585778,13.152946437965904,13.152946437965904,11.180339887498949,9.848857801796104,9.433981132056603,8.06225774829855,8.485281374238571,10.63014581273465,9.848857801796104,9.486832980505138,10.19803902718557,11.045361017187261,13.152946437965904,14.317821063276352,14.560219778561038,14.317821063276352,16.15549442140351,9.219544457292889,11.045361017187261,11.045361017187261,13.152946437965904,14.317821063276352,15.03329637837291,15.811388300841898,16.76305461424021,16.492422502470642,17.720045146669353,16.492422502470642,17.26267650163207,17.11724276862369,17.26267650163207,15.297058540778355,15.132745950421555,13.601470508735444,1697990071.3675754
8.06225774829855,10.816653826391969,17.11724276862369,17.46424919657298,15.652475842498529,13.92838827718412,13.0,17.11724276862369,21.213203435596427,20.09975124224178,20.39607805437114,26.076809620810597,24.020824298928627,22.02271554554524,21.095023109728984,22.090722034374522,19.6468827043885,19.235384061671347,16.278820596099706,14.560219778561038,13.152946437965904,13.038404810405298,11.045361017187261,11.045361017187261,12.36931687685298,11.180339887498949,11.6619037896906,12.727922061357857,14.212670403551895,15.0,14.142135623730951,19.849433241279208,19.79898987322333,17.804493814764854,19.1049731745428,15.0,13.0,13.892443989449806,16.401219466856727,17.46424919657298,17.0,19.697715603592208,20.6155281280883,19.313207915827967,20.6155281280883,20.6155281280883,21.095023109728988,21.095023109728988,21.095023109728988,20.12461179749811,18.867962264113206,15.652475842498529,1697990071.3815854
11.704699910719626,15.811388300841898,16.492422502470642,16.492422502470642,15.811388300841898,16.278820596099706,18.439088914585778,19.6468827043885,23.769728648009426,20.248456731316587,21.470910553583888,25.059928172283335,23.021728866442675,21.213203435596427,24.207436873820413,22.80350850198276,20.615528128088304,16.970562748477143,15.556349186104047,14.142135623730951,12.041594578792296,12.529964086141668,8.602325267042627,12.529964086141668,9.848857801796104,11.045361017187261,12.041594578792294,11.180339887498949,14.212670403551895,14.866068747318506,16.55294535724685,16.492422502470642,17.720045146669353,17.08800749063506,17.720045146669353,15.231546211727817,13.038404810405298,12.041594578792296,16.401219466856727,17.69180601295413,18.867962264113206,19.4164878389476,19.849433241279208,19.1049731745428,20.6155281280883,20.6155281280883,20.518284528683193,19.209372712298546,21.095023109728988,19.723082923316017,18.60107523773827,18.38477631085024,1697990071.3945892
11.40175425099138,11.180339887498949,14.317821063276352,13.892443989449806,16.15549442140351,16.55294535724685,16.15549442140351,17.08800749063506,21.540659228538015,19.4164878389476,20.808652046684813,23.60084744241189,21.93171219946131,21.400934559032695,21.633307652783937,21.633307652783937,19.209372712298546,18.027756377319946,16.401219466856727,17.204650534085253,11.40175425099138,13.453624047073712,8.602325267042627,12.041594578792296,7.615773105863909,10.770329614269007,13.152946437965904,8.54400374531753,12.041594578792294,13.0,18.0,19.0,17.029386365926403,17.029386365926403,15.03329637837291,11.0,12.08304597359457,11.0,14.866068747318506,15.264337522473749,16.15549442140351,14.317821063276352,16.643316977093235,16.1245154965971,19.723082923316017,19.723082923316017,17.88854381999832,16.492422502470642,19.235384061671343,15.297058540778355,19.313207915827967,13.601470508735444,1697990071.4015982
10.63014581273465,11.0,16.55294535724685,14.142135623730951,15.297058540778355,15.0,17.029386365926403,19.697715603592208,18.973665961010276,19.235384061671343,18.681541692269406,21.095023109728988,20.591260281974,18.439088914585774,18.60107523773827,20.0,18.38477631085024,14.866068747318504,12.041594578792296,12.041594578792296,12.041594578792296,8.602325267042627,8.602325267042627,9.486832980505138,8.54400374531753,7.0710678118654755,10.04987562112089,9.219544457292889,11.6619037896906,10.770329614269007,13.0,13.416407864998739,15.811388300841898,12.649110640673518,13.92838827718412,13.0,10.770329614269007,15.620499351813308,14.422205101855958,15.0,18.439088914585774,13.453624047073712,16.970562748477143,15.0,16.970562748477143,15.620499351813308,19.1049731745428,17.69180601295413,16.278820596099706,15.620499351813308,14.866068747318504,13.601470508735444,1697990071.4147694
10.63014581273465,16.1245154965971,17.029386365926403,16.1245154965971,18.681541692269406,20.09975124224178,15.524174696260024,19.026297590440446,20.615528128088304,20.223748416156685,22.360679774997898,25.298221281347036,23.40939982143925,22.472205054244235,21.470910553583888,23.853720883753127,23.021728866442675,18.60107523773827,14.317821063276352,13.416407864998739,12.529964086141668,11.045361017187261,12.649110640673518,9.219544457292889,11.704699910719626,12.649110640673518,9.219544457292889,14.317821063276352,12.08304597359457,12.529964086141668,13.038404810405298,17.0,17.4928556845359,16.643316977093235,18.027756377319946,13.038404810405298,13.453624047073712,12.041594578792296,13.892443989449806,16.1245154965971,18.439088914585774,15.811388300841896,17.204650534085253,17.0,18.027756377319946,17.4928556845359,19.209372712298546,20.808652046684813,16.1245154965971,18.027756377319946,19.1049731745428,16.643316977093235,1697990071.4227643
11.0,12.36931687685298,17.029386365926403,15.0,16.278820596099706,16.1245154965971,19.6468827043885,20.024984394500787,21.023796041628636,22.02271554554524,23.021728866442675,26.076809620810597,22.360679774997898,25.317977802344327,22.80350850198276,22.847319317591726,19.4164878389476,15.652475842498529,15.264337522473749,14.866068747318506,12.041594578792294,13.152946437965904,12.165525060596437,8.06225774829855,11.704699910719626,12.165525060596437,9.219544457292887,11.313708498984761,9.486832980505138,12.041594578792296,12.206555615733702,13.038404810405298,15.264337522473749,15.0,14.7648230602334,14.422205101855958,13.0,10.44030650891055,13.0,13.0,17.029386365926403,16.0,18.027756377319946,16.0312195418814,18.110770276274835,17.029386365926403,16.1245154965971,17.11724276862369,17.46424919657298,17.11724276862369,15.132745950421555,15.132745950421555,1697990071.4337656
10.04987562112089,10.19803902718557,17.26267650163207,18.439088914585778,17.0,18.027756377319946,18.788294228055936,22.0,23.021728866442675,22.090722034374522,22.02271554554524,24.186773244895647,23.53720459187964,24.73863375370596,22.135943621178658,22.80350850198276,18.973665961010276,16.76305461424021,16.15549442140351,13.92838827718412,11.704699910719626,12.041594578792294,10.04987562112089,11.045361017187261,11.180339887498949,8.602325267042627,10.816653826391969,8.94427190999916,11.40175425099138,12.08304597359457,16.401219466856727,13.601470508735444,18.867962264113206,17.029386365926403,14.7648230602334,10.0,12.08304597359457,10.44030650891055,12.649110640673518,16.492422502470642,17.029386365926403,17.26267650163207,19.0,17.46424919657298,19.026297590440446,17.029386365926403,22.135943621178658,16.1245154965971,20.8806130178211,19.026297590440446,18.110770276274835,17.0,1697990071.4457695
9.0,11.180339887498949,13.152946437965904,18.248287590894655,14.560219778561038,17.26267650163207,17.46424919657298,19.4164878389476,21.023796041628636,20.0,21.023796041628636,24.0,21.377558326431952,22.20360331117452,22.135943621178658,21.470910553583888,21.540659228538015,18.027756377319946,17.0,13.0,13.892443989449806,10.295630140987,11.180339887498949,11.045361017187261,6.708203932499369,8.06225774829855,10.19803902718557,9.219544457292887,12.806248474865697,12.08304597359457,11.40175425099138,16.278820596099706,14.142135623730951,11.40175425099138,16.1245154965971,13.892443989449806,13.453624047073712,10.44030650891055,9.899494936611665,16.76305461424021,14.7648230602334,18.35755975068582,19.235384061671343,17.46424919657298,17.46424919657298,18.027756377319946,16.643316977093235,17.204650534085253,20.591260281974,15.264337522473749,15.0,18.439088914585778,1697990071.456766
14.142135623730951,9.899494936611665,21.2602916254693,14.866068747318504,15.264337522473749,15.811388300841896,18.35755975068582,21.213203435596427,17.4928556845359,21.540659228538015,21.95449840010015,23.259406699226012,22.135943621178658,22.360679774997898,22.561028345356952,20.39607805437114,19.026297590440446,16.0312195418814,14.7648230602334,14.142135623730951,11.40175425099138,10.295630140987,10.770329614269007,10.295630140987,10.63014581273465,10.816653826391969,10.63014581273465,15.231546211727817,13.92838827718412,15.811388300841898,12.08304597359457,16.76305461424021,17.08800749063506,11.40175425099138,16.55294535724685,14.317821063276352,15.524174696260024,13.601470508735444,16.0,15.03329637837291,19.0,18.027756377319946,22.0,16.0312195418814,19.026297590440446,18.027756377319946,20.024984394500787,20.223748416156685,19.1049731745428,18.027756377319946,19.1049731745428,15.03329637837291,1697990071.4697652
12.206555615733702,7.280109889280519,16.0312195418814,18.0,14.142135623730951,15.524174696260024,17.46424919657298,18.110770276274835,19.026297590440446,21.0,21.0,23.086792761230395,22.360679774997898,20.223748416156685,20.8806130178211,20.8806130178211,18.973665961010276,17.804493814764854,14.7648230602334,12.08304597359457,14.317821063276352,11.045361017187261,7.0710678118654755,9.055385138137417,10.04987562112089,12.041594578792294,11.40175425099138,14.212670403551895,12.041594578792296,15.811388300841898,14.212670403551895,17.69180601295413,15.620499351813308,16.278820596099706,14.866068747318504,15.0,13.038404810405298,10.63014581273465,14.317821063276352,16.76305461424021,19.697715603592208,18.027756377319946,18.027756377319946,18.973665961010276,19.6468827043885,18.027756377319946,20.12461179749811,21.377558326431952,20.12461179749811,17.08800749063506,17.0,16.76305461424021,1697990071.4937909
14.866068747318506,11.180339887498949,16.0312195418814,13.453624047073712,15.811388300841896,15.264337522473749,17.46424919657298,19.209372712298546,20.615528128088304,21.0,17.804493814764854,19.79898987322333,19.723082923316017,19.723082923316017,17.88854381999832,17.720045146669353,16.278820596099706,14.866068747318506,15.132745950421555,11.704699910719626,13.92838827718412,11.045361017187261,10.770329614269007,10.816653826391969,8.485281374238571,10.0,10.770329614269007,10.44030650891055,11.40175425099138,10.19803902718557,13.92838827718412,15.297058540778355,14.560219778561038,13.0,14.317821063276352,9.848857801796104,13.038404810405298,9.055385138137417,14.142135623730951,15.0,17.029386365926403,16.0312195418814,18.027756377319946,16.0312195418814,17.0,17.029386365926403,17.26267650163207,16.1245154965971,17.029386365926403,14.142135623730951,15.811388300841898,15.0,1697990071.51187
5.656854249492381,13.601470508735444,15.132745950421555,15.524174696260024,15.524174696260024,16.1245154965971,18.027756377319946,17.720045146669353,22.135943621178658,24.596747752497688,24.413111231467404,24.413111231467404,21.470910553583888,20.808652046684813,22.022715545545243,20.0,14.866068747318504,18.60107523773827,17.804493814764854,11.180339887498949,13.92838827718412,13.416407864998739,10.770329614269007,10.816653826391969,9.219544457292889,11.0,10.770329614269007,14.317821063276352,13.601470508735444,16.1245154965971,15.0,16.76305461424021,21.587033144922902,13.0,14.317821063276352,17.46424919657298,12.041594578792296,15.0,10.44030650891055,15.0,17.029386365926403,19.4164878389476,21.2602916254693,17.204650534085253,18.867962264113206,20.615528128088304,17.26267650163207,22.022715545545243,21.93171219946131,19.849433241279208,17.029386365926403,16.643316977093235,1697990071.5288672
17.46424919657298,18.439088914585778,9.433981132056603,17.26267650163207,18.248287590894655,15.524174696260024,14.7648230602334,18.110770276274835,19.235384061671347,19.235384061671347,22.0,25.0,25.079872407968907,21.213203435596427,21.587033144922902,21.840329667841555,20.39607805437114,16.492422502470642,15.297058540778355,13.341664064126334,11.045361017187261,8.0,8.54400374531753,11.40175425099138,10.44030650891055,7.615773105863909,13.453624047073712,12.206555615733702,15.556349186104047,14.422205101855958,13.038404810405298,17.88854381999832,17.804493814764854,16.643316977093235,16.401219466856727,14.317821063276352,14.866068747318506,14.212670403551895,13.341664064126334,17.11724276862369,18.681541692269406,19.4164878389476,21.377558326431952,14.0356688476182,21.095023109728984,18.027756377319946,18.439088914585778,21.023796041628636,21.377558326431952,19.849433241279208,19.235384061671347,16.492422502470642,1697990071.5388575
15.811388300841896,15.811388300841898,17.4928556845359,17.26267650163207,15.231546211727817,16.643316977093235,17.08800749063506,21.540659228538015,20.09975124224178,22.20360331117452,24.186773244895647,24.186773244895647,25.0,22.20360331117452,22.20360331117452,25.317977802344327,20.8806130178211,17.11724276862369,17.46424919657298,15.297058540778355,15.03329637837291,13.152946437965904,13.0,12.649110640673518,13.92838827718412,7.615773105863909,13.453624047073712,12.727922061357857,15.652475842498529,13.601470508735444,17.69180601295413,17.204650534085253,19.209372712298546,16.278820596099706,17.69180601295413,15.231546211727817,9.219544457292887,14.212670403551895,13.341664064126334,15.03329637837291,16.1245154965971,18.248287590894655,21.587033144922902,19.1049731745428,20.09975124224178,20.024984394500787,18.439088914585778,19.235384061671347,20.09975124224178,19.849433241279208,18.110770276274835,19.0,1697990071.5528588
11.40175425099138,10.63014581273465,11.313708498984761,15.811388300841896,15.231546211727817,13.453624047073712,15.811388300841898,17.4928556845359,21.095023109728988,20.518284528683193,19.209372712298546,22.627416997969522,18.439088914585774,20.615528128088304,18.867962264113206,18.60107523773827,18.35755975068582,14.7648230602334,16.1245154965971,12.08304597359457,13.038404810405298,8.602325267042627,10.816653826391969,9.219544457292887,9.219544457292889,10.19803902718557,11.045361017187261,10.0,13.92838827718412,16.1245154965971,13.0,14.0356688476182,16.1245154965971,14.317821063276352,15.297058540778355,13.341664064126334,11.180339887498949,10.0,15.811388300841896,15.556349186104047,17.029386365926403,14.866068747318504,18.867962264113206,16.278820596099706,17.69180601295413,16.970562748477143,19.1049731745428,18.60107523773827,17.029386365926403,17.029386365926403,18.027756377319946,16.970562748477143,1697990071.5688574
6.708203932499369,15.231546211727817,16.0,20.12461179749811,15.264337522473749,19.313207915827967,13.152946437965904,23.769728648009423,20.8806130178211,23.853720883753127,23.706539182259394,25.80697580112788,22.80350850198276,22.022715545545243,23.3452350598575,20.518284528683193,17.69180601295413,16.278820596099706,16.970562748477143,13.416407864998739,12.806248474865697,11.313708498984761,10.0,13.341664064126334,11.704699910719626,11.0,13.038404810405298,14.0356688476182,14.866068747318506,15.231546211727817,16.76305461424021,19.313207915827967,16.492422502470642,18.38477631085024,16.15549442140351,15.811388300841898,14.7648230602334,9.219544457292887,13.601470508735444,16.278820596099706,18.439088914585774,17.69180601295413,20.808652046684813,20.0,19.209372712298546,19.209372712298546,19.849433241279208,20.615528128088304,17.204650534085253,20.0,15.620499351813308,16.970562748477143,1697990071.582858
11.313708498984761,6.0827625302982185,13.453624047073712,19.1049731745428,17.0,15.264337522473749,17.4928556845359,15.524174696260024,19.924858845171276,21.840329667841555,18.681541692269406,20.09975124224178,19.1049731745428,20.615528128088304,19.0,20.518284528683193,16.0312195418814,15.03329637837291,14.142135623730951,11.0,9.0,10.04987562112089,9.219544457292889,7.615773105863909,10.816653826391969,8.94427190999916,9.219544457292887,9.219544457292887,13.892443989449806,11.6619037896906,12.08304597359457,13.892443989449806,13.892443989449806,12.206555615733702,14.7648230602334,13.416407864998739,10.63014581273465,9.219544457292889,12.36931687685298,14.142135623730951,14.317821063276352,15.132745950421555,17.0,16.0312195418814,18.027756377319946,15.132745950421555,19.849433241279208,16.0312195418814,18.439088914585778,18.027756377319946,17.26267650163207,13.341664064126334,1697990071.5988636
10.816653826391969,13.601470508735444,20.223748416156685,16.55294535724685,18.867962264113206,15.811388300841896,16.492422502470642,19.235384061671343,21.95449840010015,22.627416997969522,23.3452350598575,23.3452350598575,24.08318915758459,21.2602916254693,23.021728866442675,20.591260281974,19.4164878389476,15.0,17.88854381999832,10.816653826391969,12.727922061357857,13.453624047073712,11.180339887498949,10.770329614269007,5.8309518948453,11.045361017187261,12.165525060596437,13.341664064126334,15.132745950421555,11.6619037896906,13.601470508735444,19.924858845171276,16.1245154965971,14.560219778561038,16.278820596099706,13.152946437965904,14.422205101855958,15.811388300841898,15.811388300841896,14.142135623730951,18.439088914585774,18.439088914585774,20.518284528683193,19.1049731745428,19.849433241279208,19.79898987322333,21.095023109728988,21.2602916254693,18.439088914585778,19.849433241279208,18.439088914585774,15.556349186104047,1697990071.6154733
10.44030650891055,10.44030650891055,9.055385138137417,16.278820596099706,15.264337522473749,17.46424919657298,15.132745950421555,19.924858845171276,19.1049731745428,18.027756377319946,21.095023109728984,23.0,23.0,19.235384061671347,19.4164878389476,19.4164878389476,15.231546211727817,16.76305461424021,12.649110640673518,11.180339887498949,10.04987562112089,11.40175425099138,12.0,9.219544457292889,10.19803902718557,9.055385138137417,9.848857801796104,13.341664064126334,12.041594578792296,16.278820596099706,13.453624047073712,16.401219466856727,16.1245154965971,13.601470508735444,14.422205101855958,12.041594578792296,11.40175425099138,12.806248474865697,13.892443989449806,13.892443989449806,15.0,15.652475842498529,17.4928556845359,15.264337522473749,17.4928556845359,16.643316977093235,17.029386365926403,19.4164878389476,18.439088914585774,16.643316977093235,15.556349186104047,13.892443989449806,1697990071.630462
12.0,12.36931687685298,14.0356688476182,15.03329637837291,14.142135623730951,15.811388300841898,18.027756377319946,19.026297590440446,20.09975124224178,21.213203435596427,22.090722034374522,22.360679774997898,21.18962010041709,22.825424421026653,19.235384061671343,21.540659228538015,18.60107523773827,17.4928556845359,15.652475842498529,14.317821063276352,9.486832980505138,11.045361017187261,11.180339887498949,12.649110640673518,8.06225774829855,7.615773105863909,9.486832980505138,13.152946437965904,11.40175425099138,13.601470508735444,15.264337522473749,16.1245154965971,17.4928556845359,17.46424919657298,15.652475842498529,14.7648230602334,14.422205101855958,13.601470508735444,14.422205101855958,15.264337522473749,16.278820596099706,13.892443989449806,19.4164878389476,18.60107523773827,17.804493814764854,16.401219466856727,18.439088914585774,18.439088914585774,16.970562748477143,16.401219466856727,17.029386365926403,15.264337522473749,1697990071.6444752
11.40175425099138,13.601470508735444,14.866068747318504,17.204650534085253,15.264337522473749,15.652475842498529,18.788294228055936,18.60107523773827,22.47220505424423,22.022715545545243,23.3452350598575,23.430749027719962,24.186773244895647,21.95449840010015,19.235384061671343,20.0,16.643316977093235,16.1245154965971,15.231546211727817,15.264337522473749,13.038404810405298,12.806248474865697,10.44030650891055,7.810249675906654,8.94427190999916,10.04987562112089,11.0,12.36931687685298,12.165525060596437,12.041594578792294,15.03329637837291,16.1245154965971,18.248287590894655,16.278820596099706,16.278820596099706,13.601470508735444,11.180339887498949,13.453624047073712,14.422205101855958,16.1245154965971,17.4928556845359,13.892443989449806,19.723082923316017,20.808652046684813,19.4164878389476,16.401219466856727,20.808652046684813,21.633307652783937,20.248456731316587,20.0,19.723082923316017,17.804493814764854,1697990071.6564636
9.055385138137417,14.317821063276352,17.26267650163207,17.720045146669353,11.180339887498949,15.524174696260024,21.931712199461305,17.88854381999832,20.615528128088304,19.6468827043885,19.235384061671347,23.086792761230395,23.021728866442675,21.095023109728984,19.026297590440446,22.090722034374522,15.524174696260024,16.0312195418814,16.278820596099706,13.152946437965904,10.04987562112089,10.19803902718557,11.180339887498949,7.0,7.211102550927979,7.0710678118654755,9.219544457292887,8.54400374531753,14.142135623730951,13.416407864998739,12.041594578792296,16.1245154965971,13.892443989449806,13.416407864998739,14.317821063276352,11.6619037896906,12.649110640673518,11.40175425099138,14.0,13.0,16.1245154965971,15.0,16.0312195418814,17.11724276862369,15.132745950421555,16.0312195418814,19.1049731745428,16.492422502470642,17.11724276862369,17.029386365926403,15.03329637837291,16.0,1697990071.6694615
8.94427190999916,13.601470508735444,16.401219466856727,12.806248474865697,15.0,12.806248474865697,15.620499351813308,14.866068747318504,20.0,18.867962264113206,20.248456731316587,20.6155281280883,21.540659228538015,21.095023109728984,17.46424919657298,19.6468827043885,15.524174696260024,13.601470508735444,13.601470508735444,11.045361017187261,10.04987562112089,8.246211251235321,8.54400374531753,10.770329614269007,7.810249675906654,7.0710678118654755,12.36931687685298,11.704699910719626,13.0,13.0,15.03329637837291,15.524174696260024,15.132745950421555,15.524174696260024,17.46424919657298,13.038404810405298,11.045361017187261,13.601470508735444,16.0312195418814,16.0312195418814,17.26267650163207,15.297058540778355,16.1245154965971,18.027756377319946,19.1049731745428,19.026297590440446,16.0,19.0,19.235384061671347,17.029386365926403,19.1049731745428,13.152946437965904,1697990071.6814644
12.529964086141668,13.92838827718412,14.317821063276352,15.811388300841896,16.970562748477143,14.422205101855958,19.4164878389476,18.027756377319946,21.470910553583888,20.12461179749811,21.18962010041709,24.041630560342615,22.360679774997898,23.345235059857504,21.023796041628636,21.095023109728984,16.0312195418814,17.029386365926403,14.142135623730951,13.0,11.40175425099138,9.055385138137417,12.0,8.54400374531753,7.810249675906654,8.602325267042627,10.816653826391969,11.704699910719626,15.231546211727817,14.7648230602334,14.422205101855958,13.892443989449806,14.7648230602334,16.401219466856727,16.1245154965971,14.7648230602334,14.317821063276352,14.7648230602334,14.560219778561038,16.278820596099706,16.492422502470642,19.235384061671347,19.4164878389476,17.11724276862369,18.248287590894655,18.248287590894655,20.615528128088304,19.6468827043885,19.6468827043885,18.439088914585778,17.720045146669353,16.278820596099706,1697990071.694461
10.63014581273465,12.0,15.811388300841898,16.643316977093235,15.524174696260024,19.6468827043885,22.360679774997898,14.317821063276352,20.12461179749811,19.235384061671343,21.470910553583888,24.69817807045694,22.80350850198276,23.430749027719962,21.213203435596427,21.93171219946131,18.439088914585774,16.643316977093235,15.620499351813308,14.142135623730951,10.0,10.816653826391969,10.816653826391969,10.0,9.486832980505138,9.055385138137417,11.0,10.19803902718557,12.649110640673518,13.0,13.92838827718412,15.231546211727817,17.11724276862369,13.601470508735444,18.248287590894655,15.811388300841898,12.649110640673518,13.038404810405298,15.0,16.278820596099706,17.69180601295413,17.69180601295413,19.1049731745428,19.849433241279208,18.439088914585774,17.029386365926403,19.209372712298546,19.209372712298546,19.209372712298546,19.1049731745428,17.204650534085253,15.556349186104047,1697990071.702464
7.0710678118654755,13.453624047073712,14.212670403551895,15.0,12.206555615733702,12.041594578792296,17.69180601295413,18.60107523773827,20.518284528683193,20.615528128088304,21.400934559032695,22.47220505424423,22.360679774997898,22.360679774997898,20.6155281280883,21.18962010041709,18.439088914585778,16.492422502470642,15.297058540778355,14.142135623730951,11.40175425099138,9.848857801796104,8.94427190999916,9.433981132056603,9.899494936611665,8.602325267042627,9.848857801796104,10.770329614269007,11.40175425099138,13.0,13.152946437965904,18.027756377319946,14.317821063276352,14.317821063276352,14.0356688476182,14.560219778561038,11.045361017187261,11.045361017187261,13.038404810405298,16.492422502470642,16.492422502470642,16.76305461424021,18.681541692269406,16.76305461424021,17.720045146669353,17.720045146669353,18.248287590894655,17.46424919657298,19.235384061671347,17.46424919657298,15.132745950421555,14.560219778561038,1697990071.7159913
10.816653826391969,11.180339887498949,13.892443989449806,13.892443989449806,13.416407864998739,13.92838827718412,16.55294535724685,17.0,17.88854381999832,17.46424919657298,19.723082923316017,23.021728866442675,22.022715545545243,21.2602916254693,20.518284528683193,21.2602916254693,17.204650534085253,17.204650534085253,14.422205101855958,10.63014581273465,11.180339887498949,10.63014581273465,8.485281374238571,10.44030650891055,8.94427190999916,8.06225774829855,10.04987562112089,12.0,12.165525060596437,13.152946437965904,13.152946437965904,15.132745950421555,18.973665961010276,13.341664064126334,13.341664064126334,11.704699910719626,10.770329614269007,12.529964086141668,13.601470508735444,14.142135623730951,15.0,15.0,16.278820596099706,14.866068747318504,18.60107523773827,15.0,18.248287590894655,17.46424919657298,19.313207915827967,15.811388300841896,14.422205101855958,14.866068747318504,1697990071.727995
12.041594578792294,12.36931687685298,14.560219778561038,16.492422502470642,15.524174696260024,16.15549442140351,19.313207915827967,19.6468827043885,20.39607805437114,21.377558326431952,23.345235059857504,26.1725046566048,24.083189157584588,24.020824298928627,24.020824298928627,23.345235059857504,20.39607805437114,16.278820596099706,17.08800749063506,14.866068747318506,13.0,12.36931687685298,11.045361017187261,10.770329614269007,12.36931687685298,10.295630140987,10.04987562112089,12.0,15.0,11.6619037896906,12.529964086141668,13.453624047073712,13.453624047073712,14.212670403551895,16.278820596099706,13.416407864998739,14.317821063276352,11.180339887498949,14.866068747318506,13.92838827718412,16.278820596099706,16.278820596099706,17.26267650163207,15.03329637837291,16.76305461424021,18.027756377319946,17.26267650163207,18.027756377319946,18.027756377319946,17.46424919657298,16.492422502470642,15.132745950421555,1697990071.7370067
12.206555615733702,10.63014581273465,12.529964086141668,14.212670403551895,13.038404810405298,11.40175425099138,14.422205101855958,16.643316977093235,19.235384061671343,21.633307652783937,19.4164878389476,22.825424421026653,21.18962010041709,20.248456731316587,20.615528128088304,21.587033144922902,17.11724276862369,17.46424919657298,13.152946437965904,15.03329637837291,11.704699910719626,11.704699910719626,9.486832980505138,10.816653826391969,10.0,10.0,11.180339887498949,12.08304597359457,12.165525060596437,14.560219778561038,13.92838827718412,14.560219778561038,18.027756377319946,15.231546211727817,15.524174696260024,13.601470508735444,13.038404810405298,14.142135623730951,15.03329637837291,16.0312195418814,17.029386365926403,17.029386365926403,20.024984394500787,18.110770276274835,18.110770276274835,17.11724276862369,19.026297590440446,17.029386365926403,20.0,19.026297590440446,17.0,17.11724276862369,1697990071.7539933
8.54400374531753,11.180339887498949,16.492422502470642,14.0356688476182,16.0312195418814,19.1049731745428,18.027756377319946,15.811388300841898,19.4164878389476,18.439088914585778,20.39607805437114,20.8806130178211,21.931712199461305,23.706539182259394,18.38477631085024,21.587033144922902,24.16609194718914,17.46424919657298,13.152946437965904,10.63014581273465,12.041594578792296,10.816653826391969,8.06225774829855,9.433981132056603,6.708203932499369,10.0,10.0,12.165525060596437,13.892443989449806,12.165525060596437,11.180339887498949,15.811388300841898,15.132745950421555,15.524174696260024,15.524174696260024,12.36931687685298,10.44030650891055,11.704699910719626,13.038404810405298,15.811388300841896,15.264337522473749,16.643316977093235,15.811388300841896,17.804493814764854,17.4928556845359,17.0,21.02379604162864,17.029386365926403,17.46424919657298,17.4928556845359,15.231546211727817,15.264337522473749,1697990071.7659914
10.63014581273465,12.08304597359457,14.422205101855958,15.264337522473749,15.264337522473749,14.422205101855958,17.0,18.867962264113206,19.4164878389476,20.0,21.2602916254693,24.758836806279895,24.041630560342618,22.80350850198276,21.95449840010015,19.723082923316017,18.027756377319946,17.88854381999832,16.55294535724685,12.529964086141668,10.0,10.816653826391969,7.0710678118654755,13.601470508735444,13.453624047073712,8.06225774829855,8.246211251235321,8.0,13.152946437965904,14.142135623730951,12.041594578792294,14.0356688476182,16.0312195418814,16.1245154965971,15.03329637837291,14.0356688476182,12.165525060596437,12.08304597359457,12.08304597359457,13.416407864998739,15.231546211727817,16.15549442140351,14.7648230602334,16.1245154965971,17.0,16.1245154965971,17.08800749063506,16.492422502470642,17.720045146669353,17.08800749063506,15.231546211727817,14.422205101855958,1697990071.779992
12.806248474865697,14.422205101855958,18.439088914585774,17.69180601295413,17.029386365926403,19.1049731745428,19.209372712298546,22.47220505424423,18.867962264113206,25.238858928247925,24.596747752497688,25.079872407968903,24.351591323771842,22.472205054244235,22.135943621178658,22.472205054244235,21.587033144922902,18.681541692269406,16.492422502470642,17.08800749063506,14.142135623730951,12.529964086141668,12.08304597359457,10.816653826391969,11.40175425099138,10.0,9.848857801796104,12.649110640673518,13.152946437965904,13.038404810405298,13.341664064126334,18.027756377319946,15.811388300841898,15.524174696260024,15.811388300841898,15.811388300841898,14.0356688476182,15.03329637837291,13.92838827718412,17.26267650163207,19.1049731745428,16.15549442140351,19.4164878389476,19.4164878389476,21.587033144922902,19.6468827043885,21.377558326431952,19.4164878389476,21.377558326431952,19.6468827043885,18.248287590894655,18.973665961010276,1697990071.7929978
14.212670403551895,15.556349186104047,17.804493814764854,20.615528128088304,17.029386365926403,20.0,23.021728866442675,25.0,18.867962264113206,24.041630560342618,26.1725046566048,25.079872407968903,24.351591323771842,22.472205054244235,22.135943621178658,25.553864678361276,23.706539182259394,22.360679774997898,16.492422502470642,17.08800749063506,14.142135623730951,14.7648230602334,12.806248474865697,13.038404810405298,11.40175425099138,13.038404810405298,9.486832980505138,12.649110640673518,14.0356688476182,13.038404810405298,18.110770276274835,20.024984394500787,19.026297590440446,18.110770276274835,19.026297590440446,15.03329637837291,13.601470508735444,15.811388300841898,15.264337522473749,17.26267650163207,17.88854381999832,19.723082923316017,21.400934559032695,19.849433241279208,21.587033144922902,19.6468827043885,21.377558326431952,19.4164878389476,21.377558326431952,20.808652046684813,20.248456731316587,18.973665961010276,1697990071.8050025
12.36931687685298,13.038404810405298,14.0,16.0312195418814,17.0,17.0,20.09975124224178,19.0,21.0,23.345235059857504,23.769728648009423,24.351591323771842,25.079872407968903,22.472205054244235,20.12461179749811,22.847319317591726,20.12461179749811,18.35755975068582,15.652475842498529,16.15549442140351,13.92838827718412,12.649110640673518,11.704699910719626,10.19803902718557,10.04987562112089,13.038404810405298,9.899494936611665,12.36931687685298,12.806248474865697,10.0,13.453624047073712,17.029386365926403,17.204650534085253,15.811388300841896,16.970562748477143,17.029386365926403,12.806248474865697,14.422205101855958,14.317821063276352,15.811388300841898,19.4164878389476,18.027756377319946,20.8806130178211,19.6468827043885,19.6468827043885,19.6468827043885,19.924858845171276,19.924858845171276,21.18962010041709,18.973665961010276,18.38477631085024,16.492422502470642,1697990071.8175476
7.280109889280519,9.055385138137417,14.560219778561038,20.09975124224178,14.560219778561038,16.278820596099706,19.0,20.248456731316587,22.561028345356952,22.135943621178658,21.540659228538015,25.079872407968903,19.723082923316017,24.596747752497688,20.12461179749811,21.95449840010015,20.0,17.0,15.0,14.866068747318504,13.038404810405298,11.6619037896906,10.770329614269007,7.615773105863909,10.04987562112089,9.055385138137417,11.180339887498949,10.295630140987,11.40175425099138,15.652475842498529,12.206555615733702,17.029386365926403,16.1245154965971,13.416407864998739,15.264337522473749,13.892443989449806,12.041594578792296,13.453624047073712,16.278820596099706,12.206555615733702,19.4164878389476,18.35755975068582,18.867962264113206,15.264337522473749,17.204650534085253,16.1245154965971,18.788294228055936,17.029386365926403,17.204650534085253,15.652475842498529,14.866068747318504,14.7648230602334,1697990071.8285472
11.6619037896906,13.453624047073712,15.620499351813308,17.029386365926403,17.4928556845359,20.591260281974,21.470910553583888,24.041630560342618,24.08318915758459,23.430749027719962,23.60084744241189,26.076809620810597,25.059928172283335,24.596747752497688,23.259406699226012,25.63201123595259,20.6155281280883,19.313207915827967,19.924858845171276,14.866068747318506,13.038404810405298,11.6619037896906,11.6619037896906,11.40175425099138,10.04987562112089,12.529964086141668,10.770329614269007,13.341664064126334,14.0356688476182,16.0,16.0312195418814,18.0,19.0,15.0,18.027756377319946,15.0,11.40175425099138,15.524174696260024,16.15549442140351,18.38477631085024,19.4164878389476,19.697715603592208,21.931712199461305,19.235384061671343,20.12461179749811,20.591260281974,21.540659228538015,20.6155281280883,21.02379604162864,19.235384061671343,19.313207915827967,17.4928556845359,1697990071.8375428
9.848857801796104,9.055385138137417,14.0,18.110770276274835,11.180339887498949,17.26267650163207,19.4164878389476,22.090722034374522,20.223748416156685,20.615528128088304,22.561028345356952,22.135943621178658,21.931712199461305,19.697715603592208,18.867962264113206,22.360679774997898,18.60107523773827,17.204650534085253,15.620499351813308,13.601470508735444,11.40175425099138,11.180339887498949,11.704699910719626,9.055385138137417,10.44030650891055,11.40175425099138,9.486832980505138,11.180339887498949,10.63014581273465,12.806248474865697,12.727922061357857,12.727922061357857,15.811388300841896,14.422205101855958,13.892443989449806,10.816653826391969,12.041594578792296,11.6619037896906,11.180339887498949,15.264337522473749,16.643316977093235,17.4928556845359,18.867962264113206,17.46424919657298,16.643316977093235,16.55294535724685,18.867962264113206,15.811388300841896,16.643316977093235,14.422205101855958,14.866068747318504,15.231546211727817,1697990071.8505418
15.524174696260024,15.231546211727817,17.029386365926403,17.26267650163207,14.866068747318506,17.0,16.76305461424021,20.8806130178211,21.18962010041709,22.80350850198276,24.041630560342615,25.709920264364882,24.186773244895647,23.194827009486403,22.02271554554524,23.0,20.024984394500787,18.027756377319946,17.11724276862369,15.132745950421555,13.038404810405298,13.038404810405298,12.041594578792294,11.40175425099138,11.704699910719626,10.295630140987,10.63014581273465,11.40175425099138,12.206555615733702,13.038404810405298,14.422205101855958,15.811388300841896,17.204650534085253,15.811388300841896,15.0,11.40175425099138,13.92838827718412,12.649110640673518,14.317821063276352,16.1245154965971,16.278820596099706,17.26267650163207,19.235384061671347,17.11724276862369,18.248287590894655,18.248287590894655,19.4164878389476,17.720045146669353,18.248287590894655,17.26267650163207,16.278820596099706,15.03329637837291,1697990071.8625438
10.0,8.06225774829855,9.433981132056603,12.165525060596437,10.295630140987,14.0356688476182,17.720045146669353,14.866068747318506,19.235384061671347,22.80350850198276,19.4164878389476,20.615528128088304,20.248456731316587,20.591260281974,22.02271554554524,20.591260281974,20.024984394500787,13.601470508735444,13.892443989449806,15.132745950421555,8.485281374238571,7.810249675906654,9.486832980505138,13.92838827718412,10.04987562112089,10.19803902718557,10.816653826391969,10.0,11.6619037896906,13.038404810405298,12.727922061357857,14.866068747318504,15.264337522473749,14.212670403551895,12.206555615733702,10.0,9.433981132056603,10.295630140987,12.08304597359457,14.866068747318506,14.7648230602334,18.027756377319946,16.55294535724685,16.15549442140351,17.08800749063506,16.76305461424021,17.08800749063506,16.15549442140351,16.1245154965971,17.0,15.231546211727817,13.601470508735444,1697990071.8855479
12.727922061357857,5.656854249492381,13.601470508735444,12.529964086141668,12.529964086141668,14.560219778561038,18.35755975068582,17.4928556845359,20.12461179749811,22.022715545545243,19.849433241279208,21.400934559032695,22.022715545545243,21.2602916254693,20.518284528683193,21.2602916254693,17.204650534085253,15.620499351813308,12.806248474865697,12.806248474865697,9.219544457292887,10.63014581273465,8.485281374238571,9.848857801796104,8.246211251235321,8.0,8.06225774829855,11.40175425099138,10.19803902718557,11.180339887498949,12.08304597359457,14.866068747318506,15.811388300841898,12.08304597359457,17.46424919657298,13.92838827718412,8.602325267042627,11.313708498984761,12.806248474865697,15.0,15.811388300841896,16.1245154965971,17.204650534085253,15.264337522473749,16.643316977093235,15.264337522473749,17.804493814764854,17.029386365926403,17.204650534085253,15.652475842498529,15.620499351813308,12.529964086141668,1697990071.897549
15.811388300841896,12.529964086141668,14.142135623730951,13.152946437965904,16.15549442140351,17.11724276862369,17.029386365926403,18.439088914585778,23.08679276123039,19.235384061671343,20.248456731316587,22.847319317591726,22.825424421026653,21.095023109728988,21.095023109728988,21.633307652783937,18.439088914585774,17.029386365926403,14.866068747318504,14.142135623730951,12.041594578792296,11.6619037896906,9.433981132056603,10.44030650891055,10.19803902718557,11.0,11.180339887498949,11.180339887498949,10.19803902718557,11.40175425099138,13.038404810405298,15.811388300841896,17.204650534085253,13.0,15.652475842498529,14.212670403551895,10.0,8.94427190999916,14.212670403551895,16.401219466856727,16.1245154965971,17.46424919657298,15.652475842498529,18.027756377319946,19.235384061671343,16.1245154965971,20.0,17.029386365926403,20.248456731316587,19.723082923316017,17.804493814764854,12.529964086141668,1697990071.9150774
10.44030650891055,17.0,13.341664064126334,15.297058540778355,15.524174696260024,13.152946437965904,21.377558326431952,18.248287590894655,20.09975124224178,21.023796041628636,22.090722034374522,24.331050121192874,22.561028345356952,22.561028345356952,21.18962010041709,22.135943621178658,18.788294228055936,17.46424919657298,15.264337522473749,14.317821063276352,12.08304597359457,11.704699910719626,10.44030650891055,10.0,11.0,10.44030650891055,10.770329614269007,12.206555615733702,12.806248474865697,14.212670403551895,14.212670403551895,16.401219466856727,16.55294535724685,14.7648230602334,15.652475842498529,16.970562748477143,9.848857801796104,15.620499351813308,14.212670403551895,14.212670403551895,15.0,18.027756377319946,19.723082923316017,17.4928556845359,18.027756377319946,18.867962264113206,19.209372712298546,18.60107523773827,19.209372712298546,18.027756377319946,19.1049731745428,17.204650534085253,1697990071.9270806
10.44030650891055,17.0,14.0356688476182,18.248287590894655,15.524174696260024,13.152946437965904,22.0,18.248287590894655,20.09975124224178,19.6468827043885,19.79898987322333,20.615528128088304,28.178005607210743,22.561028345356952,21.18962010041709,22.135943621178658,18.788294228055936,17.46424919657298,19.235384061671347,14.317821063276352,10.295630140987,11.704699910719626,8.94427190999916,10.0,11.0,9.0,10.770329614269007,12.206555615733702,16.15549442140351,14.212670403551895,14.212670403551895,18.248287590894655,21.02379604162864,14.7648230602334,15.652475842498529,16.970562748477143,13.601470508735444,11.0,16.0312195418814,14.560219778561038,18.439088914585778,16.492422502470642,18.027756377319946,16.1245154965971,18.38477631085024,18.788294228055936,18.788294228055936,18.867962264113206,21.095023109728988,15.0,19.209372712298546,14.142135623730951,1697990071.9500797
10.295630140987,11.704699910719626,15.811388300841898,18.027756377319946,16.76305461424021,18.35755975068582,18.027756377319946,20.591260281974,20.591260281974,21.95449840010015,23.40939982143925,24.041630560342615,24.331050121192874,22.561028345356952,23.345235059857504,24.083189157584588,19.0,17.11724276862369,17.029386365926403,13.038404810405298,13.152946437965904,11.180339887498949,11.704699910719626,11.40175425099138,12.08304597359457,11.6619037896906,10.816653826391969,13.416407864998739,10.295630140987,14.560219778561038,11.40175425099138,14.560219778561038,15.811388300841898,15.811388300841898,15.811388300841898,13.601470508735444,12.165525060596437,12.041594578792294,14.142135623730951,14.142135623730951,16.278820596099706,17.26267650163207,17.26267650163207,15.524174696260024,18.681541692269406,18.973665961010276,19.4164878389476,17.11724276862369,18.248287590894655,17.26267650163207,17.26267650163207,14.560219778561038,1697990071.9780993
7.280109889280519,16.278820596099706,16.1245154965971,19.1049731745428,18.439088914585778,16.278820596099706,14.317821063276352,18.248287590894655,25.0,23.0,22.090722034374522,27.16615541441225,24.515301344262525,25.709920264364882,22.135943621178658,24.351591323771842,21.18962010041709,18.027756377319946,17.0,15.652475842498529,13.92838827718412,13.038404810405298,10.0,11.40175425099138,9.0,10.19803902718557,11.704699910719626,11.180339887498949,10.816653826391969,12.041594578792296,15.811388300841896,16.278820596099706,17.804493814764854,14.212670403551895,16.970562748477143,14.422205101855958,10.63014581273465,12.206555615733702,14.317821063276352,17.08800749063506,16.15549442140351,17.08800749063506,18.38477631085024,16.492422502470642,18.027756377319946,16.492422502470642,19.313207915827967,20.12461179749811,18.027756377319946,18.439088914585778,17.88854381999832,14.560219778561038,1697990071.9931166
13.341664064126334,14.0,17.26267650163207,18.027756377319946,14.0356688476182,17.11724276862369,18.38477631085024,24.351591323771842,21.213203435596427,20.024984394500787,23.0,25.0,24.020824298928627,25.179356624028344,24.73863375370596,22.360679774997898,21.377558326431952,17.46424919657298,17.720045146669353,15.524174696260024,15.811388300841898,13.038404810405298,8.246211251235321,7.0,12.08304597359457,10.19803902718557,11.40175425099138,9.848857801796104,12.806248474865697,14.866068747318504,14.866068747318504,16.278820596099706,16.278820596099706,14.866068747318504,14.866068747318504,12.041594578792296,12.206555615733702,10.63014581273465,14.7648230602334,14.866068747318506,16.76305461424021,16.76305461424021,18.681541692269406,16.76305461424021,17.720045146669353,18.439088914585778,18.973665961010276,18.027756377319946,18.027756377319946,16.76305461424021,17.46424919657298,15.524174696260024,1697990072.004086
10.44030650891055,10.295630140987,14.212670403551895,13.453624047073712,12.206555615733702,19.209372712298546,18.439088914585774,19.849433241279208,17.69180601295413,17.029386365926403,19.79898987322333,21.400934559032695,20.0,20.248456731316587,18.027756377319946,18.439088914585778,17.720045146669353,17.46424919657298,13.0,13.92838827718412,15.811388300841898,9.486832980505138,7.280109889280519,6.708203932499369,6.4031242374328485,7.280109889280519,10.19803902718557,8.0,11.045361017187261,10.19803902718557,14.142135623730951,13.038404810405298,17.0,14.317821063276352,12.041594578792294,12.041594578792296,8.485281374238571,9.219544457292889,11.704699910719626,11.40175425099138,14.317821063276352,16.1245154965971,15.264337522473749,15.811388300841896,16.643316977093235,15.264337522473749,17.88854381999832,16.1245154965971,16.1245154965971,15.264337522473749,15.264337522473749,13.601470508735444,1697990072.0163267
11.180339887498949,12.041594578792294,14.0,16.0312195418814,16.0,16.0312195418814,18.110770276274835,18.027756377319946,20.0,21.023796041628636,24.083189157584588,23.021728866442675,25.96150997149434,25.96150997149434,25.298221281347036,26.570660511172843,18.788294228055936,18.027756377319946,18.35755975068582,13.601470508735444,13.92838827718412,13.0,9.486832980505138,7.280109889280519,12.36931687685298,9.486832980505138,11.180339887498949,11.6619037896906,13.453624047073712,12.041594578792296,14.142135623730951,15.0,17.69180601295413,15.556349186104047,15.556349186104047,12.727922061357857,13.601470508735444,12.529964086141668,12.529964086141668,15.524174696260024,16.76305461424021,16.492422502470642,19.924858845171276,18.439088914585778,18.681541692269406,17.11724276862369,18.973665961010276,18.027756377319946,18.973665961010276,16.492422502470642,17.08800749063506,15.297058540778355,1697990072.0273235
9.486832980505138,11.6619037896906,14.560219778561038,15.264337522473749,15.0,15.0,16.401219466856727,18.60107523773827,21.095023109728988,21.02379604162864,20.12461179749811,25.079872407968903,22.135943621178658,21.840329667841555,22.360679774997898,21.377558326431952,18.110770276274835,17.029386365926403,16.0,15.03329637837291,13.152946437965904,11.40175425099138,11.40175425099138,9.848857801796104,10.0,9.219544457292887,9.219544457292887,10.295630140987,11.704699910719626,16.0312195418814,13.0,14.866068747318506,15.811388300841898,14.317821063276352,16.1245154965971,11.6619037896906,10.44030650891055,11.704699910719626,13.0,16.278820596099706,15.03329637837291,17.46424919657298,18.439088914585778,16.278820596099706,18.248287590894655,18.027756377319946,19.1049731745428,18.110770276274835,18.439088914585778,19.026297590440446,16.0,15.297058540778355,1697990072.036323
8.06225774829855,12.041594578792294,16.1245154965971,14.317821063276352,16.0,11.180339887498949,15.297058540778355,18.110770276274835,18.027756377319946,17.46424919657298,22.561028345356952,23.53720459187964,22.847319317591726,22.847319317591726,18.38477631085024,21.540659228538015,14.422205101855958,17.720045146669353,13.601470508735444,15.0,12.08304597359457,13.152946437965904,11.40175425099138,9.848857801796104,12.041594578792296,8.94427190999916,10.44030650891055,9.433981132056603,16.76305461424021,11.6619037896906,14.212670403551895,17.69180601295413,13.038404810405298,14.212670403551895,16.1245154965971,12.041594578792296,12.08304597359457,16.1245154965971,13.0,13.601470508735444,17.46424919657298,15.297058540778355,17.46424919657298,16.55294535724685,17.0,14.866068747318506,17.204650534085253,17.4928556845359,17.46424919657298,17.08800749063506,17.0,15.231546211727817,1697990072.0523386
13.601470508735444,17.204650534085253,12.727922061357857,17.204650534085253,12.806248474865697,17.204650534085253,17.204650534085253,17.69180601295413,19.79898987322333,22.022715545545243,20.518284528683193,23.60084744241189,23.3238075793812,20.8806130178211,20.8806130178211,23.769728648009426,16.1245154965971,17.46424919657298,15.132745950421555,14.560219778561038,12.36931687685298,14.7648230602334,10.63014581273465,12.165525060596437,10.816653826391969,9.219544457292887,11.6619037896906,12.529964086141668,12.529964086141668,14.317821063276352,14.866068747318506,15.231546211727817,16.15549442140351,17.4928556845359,13.0,12.08304597359457,13.416407864998739,14.317821063276352,12.0,18.0,17.029386365926403,19.4164878389476,20.024984394500787,19.1049731745428,21.023796041628636,19.026297590440446,20.024984394500787,20.0,20.024984394500787,19.026297590440446,17.11724276862369,16.0,1697990072.063321
7.0,7.0710678118654755,9.0,13.0,17.88854381999832,13.152946437965904,17.46424919657298,16.15549442140351,18.027756377319946,20.248456731316587,21.587033144922902,21.540659228538015,20.591260281974,21.95449840010015,20.808652046684813,20.808652046684813,16.401219466856727,15.620499351813308,14.142135623730951,13.601470508735444,11.40175425099138,10.816653826391969,8.602325267042627,9.055385138137417,9.055385138137417,9.055385138137417,10.19803902718557,10.44030650891055,10.770329614269007,11.6619037896906,12.529964086141668,13.892443989449806,14.317821063276352,14.317821063276352,14.317821063276352,14.866068747318506,10.816653826391969,11.6619037896906,14.866068747318504,15.264337522473749,15.264337522473749,15.0,18.60107523773827,15.620499351813308,15.811388300841896,16.643316977093235,17.204650534085253,16.401219466856727,17.804493814764854,15.811388300841896,15.811388300841896,13.892443989449806,1697990072.073329
12.206555615733702,13.0,14.866068747318506,16.15549442140351,17.08800749063506,12.649110640673518,18.027756377319946,19.313207915827967,22.360679774997898,20.591260281974,22.47220505424423,23.021728866442675,25.0,24.08318915758459,22.627416997969522,23.3452350598575,20.615528128088304,18.60107523773827,19.849433241279208,13.892443989449806,12.727922061357857,11.313708498984761,11.40175425099138,10.63014581273465,12.041594578792296,9.055385138137417,10.19803902718557,12.0,11.180339887498949,13.601470508735444,14.142135623730951,15.524174696260024,15.03329637837291,13.341664064126334,18.248287590894655,14.0,13.341664064126334,11.180339887498949,14.7648230602334,19.209372712298546,18.60107523773827,17.029386365926403,19.209372712298546,17.804493814764854,18.60107523773827,17.029386365926403,19.4164878389476,18.60107523773827,19.4164878389476,16.401219466856727,17.204650534085253,15.620499351813308,1697990072.0853224
11.180339887498949,12.0,15.03329637837291,15.0,17.11724276862369,16.0312195418814,17.11724276862369,19.0,20.09975124224178,20.223748416156685,22.090722034374522,24.083189157584588,23.08679276123039,22.561028345356952,20.12461179749811,19.235384061671343,17.4928556845359,13.601470508735444,16.55294535724685,12.206555615733702,11.40175425099138,10.04987562112089,9.848857801796104,8.0,8.246211251235321,12.36931687685298,9.486832980505138,9.848857801796104,10.63014581273465,13.453624047073712,12.041594578792296,14.866068747318504,15.03329637837291,13.453624047073712,15.556349186104047,11.40175425099138,10.63014581273465,11.6619037896906,13.416407864998739,13.341664064126334,16.55294535724685,15.231546211727817,17.08800749063506,16.76305461424021,17.08800749063506,16.76305461424021,17.46424919657298,17.46424919657298,17.08800749063506,16.76305461424021,15.231546211727817,14.560219778561038,1697990072.0973277
12.529964086141668,12.649110640673518,16.15549442140351,17.46424919657298,16.15549442140351,16.15549442140351,16.55294535724685,18.788294228055936,20.12461179749811,22.47220505424423,21.095023109728988,23.60084744241189,23.430749027719962,22.627416997969522,21.93171219946131,22.627416997969522,18.439088914585774,16.643316977093235,15.0,15.620499351813308,12.806248474865697,12.806248474865697,12.806248474865697,9.486832980505138,10.295630140987,9.486832980505138,11.045361017187261,13.0,11.045361017187261,12.165525060596437,15.297058540778355,15.132745950421555,17.0,14.142135623730951,16.492422502470642,13.0,12.649110640673518,14.422205101855958,14.317821063276352,17.204650534085253,18.788294228055936,17.4928556845359,17.4928556845359,19.209372712298546,19.4164878389476,19.723082923316017,17.46424919657298,18.867962264113206,18.027756377319946,17.0,16.1245154965971,16.401219466856727,1697990072.1083498
16.0312195418814,17.26267650163207,16.0,18.0,18.439088914585778,16.15549442140351,23.769728648009423,21.587033144922902,22.02271554554524,23.0,23.0,25.079872407968907,25.317977802344327,23.769728648009423,22.80350850198276,23.40939982143925,20.6155281280883,18.788294228055936,17.0,14.866068747318506,13.92838827718412,11.40175425099138,11.180339887498949,11.045361017187261,11.045361017187261,10.44030650891055,11.180339887498949,11.6619037896906,12.041594578792296,14.212670403551895,14.212670403551895,17.804493814764854,17.204650534085253,15.620499351813308,17.204650534085253,14.212670403551895,12.806248474865697,13.601470508735444,17.204650534085253,16.643316977093235,18.60107523773827,16.401219466856727,21.470910553583888,16.55294535724685,20.12461179749811,19.697715603592208,21.95449840010015,18.60107523773827,19.849433241279208,17.69180601295413,14.212670403551895,17.26267650163207,1697990072.116849
10.19803902718557,10.44030650891055,18.973665961010276,14.866068747318506,18.35755975068582,19.235384061671347,17.029386365926403,20.615528128088304,21.18962010041709,22.360679774997898,24.16609194718914,27.29468812791236,25.238858928247925,24.207436873820413,22.671568097509265,24.758836806279895,20.518284528683193,18.439088914585774,16.401219466856727,14.866068747318504,12.806248474865697,12.806248474865697,8.485281374238571,11.045361017187261,13.892443989449806,9.055385138137417,10.04987562112089,12.165525060596437,13.601470508735444,13.92838827718412,14.866068747318506,16.15549442140351,17.720045146669353,15.811388300841898,15.811388300841898,13.0,13.416407864998739,13.892443989449806,15.0,17.69180601295413,17.804493814764854,18.439088914585774,20.518284528683193,18.38477631085024,19.1049731745428,18.38477631085024,20.615528128088304,20.0,19.849433241279208,18.60107523773827,18.38477631085024,16.401219466856727,1697990072.1258602
9.486832980505138,15.231546211727817,15.264337522473749,14.317821063276352,18.35755975068582,15.524174696260024,19.313207915827967,19.235384061671343,19.924858845171276,18.973665961010276,19.924858845171276,24.515301344262525,20.0,20.024984394500787,17.0,20.0,15.297058540778355,17.26267650163207,16.0,14.0356688476182,11.0,11.40175425099138,10.04987562112089,11.045361017187261,12.165525060596437,8.94427190999916,10.295630140987,9.899494936611665,10.63014581273465,11.6619037896906,12.08304597359457,16.15549442140351,18.35755975068582,13.892443989449806,12.08304597359457,10.0,11.704699910719626,12.649110640673518,13.341664064126334,14.0356688476182,15.811388300841898,16.278820596099706,18.110770276274835,16.0312195418814,17.11724276862369,17.029386365926403,17.11724276862369,17.26267650163207,16.1245154965971,16.492422502470642,15.524174696260024,14.142135623730951,1697990072.1358469
11.313708498984761,12.206555615733702,10.44030650891055,20.248456731316587,17.88854381999832,18.973665961010276,18.35755975068582,20.615528128088304,21.400934559032695,19.849433241279208,21.213203435596427,22.671568097509265,21.93171219946131,21.2602916254693,21.400934559032695,20.615528128088304,19.924858845171276,17.029386365926403,15.231546211727817,10.816653826391969,12.727922061357857,13.601470508735444,7.0710678118654755,7.615773105863909,11.180339887498949,8.246211251235321,10.04987562112089,11.045361017187261,12.165525060596437,11.704699910719626,13.341664064126334,13.152946437965904,16.1245154965971,16.1245154965971,13.0,11.704699910719626,11.704699910719626,11.180339887498949,13.038404810405298,16.401219466856727,14.212670403551895,17.69180601295413,17.804493814764854,16.970562748477143,17.804493814764854,17.029386365926403,17.804493814764854,17.804493814764854,17.029386365926403,16.278820596099706,15.556349186104047,14.866068747318504,1697990072.1438448
11.704699910719626,11.6619037896906,14.7648230602334,15.652475842498529,17.88854381999832,16.1245154965971,21.095023109728988,19.313207915827967,20.12461179749811,20.12461179749811,23.53720459187964,23.53720459187964,23.021728866442675,21.023796041628636,21.023796041628636,25.01999200639361,16.1245154965971,17.26267650163207,17.11724276862369,13.038404810405298,10.0,11.40175425099138,10.44030650891055,8.246211251235321,8.54400374531753,9.219544457292887,11.6619037896906,8.94427190999916,8.54400374531753,12.36931687685298,12.529964086141668,14.317821063276352,17.08800749063506,15.524174696260024,15.652475842498529,13.0,10.44030650891055,14.0356688476182,14.142135623730951,18.0,17.0,19.4164878389476,18.0,16.0312195418814,18.681541692269406,17.029386365926403,20.09975124224178,19.026297590440446,19.4164878389476,18.248287590894655,16.0312195418814,15.524174696260024,1697990072.1548524
11.704699910719626,11.6619037896906,14.7648230602334,15.652475842498529,17.88854381999832,16.1245154965971,21.095023109728988,19.313207915827967,20.12461179749811,20.12461179749811,23.53720459187964,23.53720459187964,23.021728866442675,21.023796041628636,21.023796041628636,25.01999200639361,16.1245154965971,17.26267650163207,17.11724276862369,13.038404810405298,10.0,11.40175425099138,13.341664064126334,8.246211251235321,8.54400374531753,9.219544457292887,11.6619037896906,8.94427190999916,8.54400374531753,12.36931687685298,12.529964086141668,14.317821063276352,17.08800749063506,15.524174696260024,15.652475842498529,13.0,10.44030650891055,14.0356688476182,14.142135623730951,18.0,17.0,19.4164878389476,18.0,16.0312195418814,18.681541692269406,17.029386365926403,20.09975124224178,19.026297590440446,19.4164878389476,18.248287590894655,16.0312195418814,15.524174696260024,1697990072.170849
9.848857801796104,6.324555320336759,19.235384061671343,18.867962264113206,19.849433241279208,15.620499351813308,23.706539182259394,20.808652046684813,18.35755975068582,21.400934559032695,23.60084744241189,25.455844122715714,22.671568097509265,22.80350850198276,19.849433241279208,23.60084744241189,20.591260281974,17.4928556845359,15.811388300841898,15.231546211727817,10.816653826391969,10.63014581273465,7.211102550927979,6.708203932499369,10.770329614269007,8.06225774829855,9.219544457292889,8.94427190999916,10.0,11.6619037896906,13.892443989449806,13.601470508735444,15.264337522473749,14.422205101855958,13.892443989449806,13.038404810405298,11.6619037896906,13.601470508735444,12.08304597359457,15.524174696260024,14.866068747318506,16.492422502470642,18.027756377319946,16.492422502470642,16.76305461424021,16.278820596099706,16.15549442140351,16.76305461424021,17.720045146669353,15.297058540778355,15.524174696260024,14.0,1697990072.179846
9.055385138137417,10.0,13.416407864998739,16.55294535724685,13.892443989449806,18.867962264113206,14.866068747318504,17.88854381999832,20.248456731316587,21.470910553583888,21.470910553583888,24.351591323771842,22.561028345356952,23.53720459187964,21.377558326431952,23.194827009486403,19.1049731745428,19.0,15.03329637837291,13.152946437965904,13.0,12.36931687685298,8.54400374531753,9.848857801796104,7.211102550927979,8.94427190999916,11.180339887498949,11.0,10.0,14.142135623730951,12.649110640673518,14.0356688476182,16.1245154965971,14.0356688476182,13.152946437965904,13.341664064126334,10.04987562112089,11.180339887498949,13.0,16.15549442140351,15.811388300841898,16.15549442140351,18.38477631085024,16.15549442140351,17.88854381999832,17.0,18.38477631085024,17.46424919657298,18.38477631085024,17.08800749063506,16.76305461424021,13.892443989449806,1697990072.1888578
9.486832980505138,9.486832980505138,15.03329637837291,14.866068747318506,17.11724276862369,16.492422502470642,17.08800749063506,16.278820596099706,19.0,19.0,25.01999200639361,25.01999200639361,23.53720459187964,21.18962010041709,20.6155281280883,21.18962010041709,17.0,17.88854381999832,15.620499351813308,12.08304597359457,13.453624047073712,11.180339887498949,7.280109889280519,9.848857801796104,9.219544457292889,9.486832980505138,8.06225774829855,10.816653826391969,11.40175425099138,10.816653826391969,12.806248474865697,15.556349186104047,16.401219466856727,13.892443989449806,19.209372712298546,14.422205101855958,11.313708498984761,9.899494936611665,15.811388300841896,14.7648230602334,16.55294535724685,15.652475842498529,19.697715603592208,19.313207915827967,18.38477631085024,15.811388300841898,16.55294535724685,17.46424919657298,17.88854381999832,15.811388300841898,13.416407864998739,14.317821063276352,1697990072.2068532
11.40175425099138,12.165525060596437,13.92838827718412,15.03329637837291,18.027756377319946,17.029386365926403,13.0,17.11724276862369,18.027756377319946,19.0,19.0,20.223748416156685,21.213203435596427,20.248456731316587,21.18962010041709,22.135943621178658,15.811388300841898,16.1245154965971,17.029386365926403,12.529964086141668,11.6619037896906,9.433981132056603,7.280109889280519,9.848857801796104,7.615773105863909,9.486832980505138,8.06225774829855,8.485281374238571,8.06225774829855,11.40175425099138,10.63014581273465,13.038404810405298,14.866068747318504,14.866068747318504,19.209372712298546,10.816653826391969,11.6619037896906,11.180339887498949,12.041594578792294,12.165525060596437,13.92838827718412,16.1245154965971,16.492422502470642,15.297058540778355,16.492422502470642,15.524174696260024,15.524174696260024,15.524174696260024,15.524174696260024,14.317821063276352,14.317821063276352,13.038404810405298,1697990072.216363
9.486832980505138,11.180339887498949,13.038404810405298,15.03329637837291,14.317821063276352,15.132745950421555,13.152946437965904,19.026297590440446,19.026297590440446,21.587033144922902,24.515301344262525,21.840329667841555,23.259406699226012,21.02379604162864,22.203603311174515,19.723082923316017,21.02379604162864,19.79898987322333,16.970562748477143,12.806248474865697,10.295630140987,10.63014581273465,9.219544457292889,9.219544457292889,7.0710678118654755,9.486832980505138,10.295630140987,10.816653826391969,12.041594578792296,12.041594578792296,13.453624047073712,15.0,17.804493814764854,12.041594578792296,14.142135623730951,13.453624047073712,13.038404810405298,15.620499351813308,13.038404810405298,14.317821063276352,18.38477631085024,17.08800749063506,19.6468827043885,17.46424919657298,18.681541692269406,17.26267650163207,18.027756377319946,17.46424919657298,17.46424919657298,16.278820596099706,16.492422502470642,15.132745950421555,1697990072.2263627
11.6619037896906,10.63014581273465,13.453624047073712,12.806248474865697,15.556349186104047,16.55294535724685,14.212670403551895,16.970562748477143,18.439088914585774,20.0,21.213203435596427,21.93171219946131,23.60084744241189,22.80350850198276,20.248456731316587,21.95449840010015,20.12461179749811,18.38477631085024,15.811388300841898,14.317821063276352,11.704699910719626,10.295630140987,8.06225774829855,9.433981132056603,7.810249675906654,8.94427190999916,9.219544457292889,9.0,10.04987562112089,13.152946437965904,12.165525060596437,13.0,14.142135623730951,15.03329637837291,13.038404810405298,13.92838827718412,12.36931687685298,12.0,10.19803902718557,14.422205101855958,14.317821063276352,15.231546211727817,17.0,17.4928556845359,17.88854381999832,16.1245154965971,17.0,17.0,18.35755975068582,15.264337522473749,14.7648230602334,13.0,1697990072.2353613
11.180339887498949,13.92838827718412,14.7648230602334,12.806248474865697,16.15549442140351,17.46424919657298,17.0,14.7648230602334,19.723082923316017,20.248456731316587,23.021728866442675,22.80350850198276,23.430749027719962,23.430749027719962,22.627416997969522,21.93171219946131,21.400934559032695,16.643316977093235,16.643316977093235,16.1245154965971,10.816653826391969,10.63014581273465,8.485281374238571,8.54400374531753,8.54400374531753,9.055385138137417,10.04987562112089,10.19803902718557,11.40175425099138,13.0,12.08304597359457,13.92838827718412,14.866068747318506,15.231546211727817,15.231546211727817,12.08304597359457,13.038404810405298,11.40175425099138,14.212670403551895,13.453624047073712,14.866068747318504,17.69180601295413,20.615528128088304,16.278820596099706,17.69180601295413,16.401219466856727,17.69180601295413,17.029386365926403,17.804493814764854,16.401219466856727,16.401219466856727,14.7648230602334,1697990072.2503624
15.03329637837291,7.0710678118654755,13.038404810405298,19.235384061671347,16.76305461424021,13.601470508735444,23.08679276123039,21.02379604162864,19.313207915827967,17.029386365926403,25.942243542145697,22.472205054244235,20.248456731316587,21.587033144922902,22.627416997969522,25.059928172283335,21.400934559032695,15.03329637837291,16.643316977093235,14.317821063276352,13.601470508735444,11.045361017187261,8.06225774829855,11.6619037896906,13.92838827718412,9.219544457292887,9.899494936611665,11.180339887498949,12.806248474865697,10.816653826391969,17.46424919657298,13.152946437965904,18.973665961010276,14.866068747318506,18.38477631085024,11.704699910719626,15.0,9.219544457292889,14.0356688476182,14.0,16.55294535724685,14.317821063276352,17.029386365926403,16.0,16.278820596099706,15.132745950421555,18.110770276274835,14.142135623730951,20.0,18.439088914585778,15.132745950421555,15.297058540778355,1697990072.2593646
9.899494936611665,12.206555615733702,13.453624047073712,15.620499351813308,15.0,10.295630140987,14.422205101855958,17.029386365926403,16.278820596099706,17.029386365926403,20.615528128088304,24.758836806279895,24.207436873820413,24.69817807045694,19.235384061671343,20.6155281280883,18.38477631085024,16.15549442140351,12.165525060596437,13.892443989449806,13.0,7.810249675906654,7.0,7.810249675906654,9.899494936611665,10.770329614269007,12.08304597359457,8.54400374531753,11.180339887498949,10.0,13.341664064126334,13.038404810405298,17.0,13.0,16.0312195418814,13.038404810405298,12.165525060596437,12.041594578792294,14.317821063276352,16.55294535724685,15.524174696260024,17.46424919657298,19.924858845171276,18.38477631085024,15.231546211727817,16.1245154965971,16.15549442140351,17.46424919657298,18.027756377319946,16.55294535724685,14.866068747318506,13.892443989449806,1697990072.267361
16.1245154965971,13.601470508735444,16.401219466856727,19.79898987322333,15.0,18.027756377319946,20.518284528683193,21.400934559032695,23.430749027719962,24.041630560342618,26.1725046566048,26.248809496813372,26.92582403567252,25.942243542145697,19.235384061671343,26.832815729997478,22.472205054244235,21.18962010041709,12.165525060596437,17.08800749063506,16.15549442140351,13.892443989449806,10.0,10.295630140987,10.0,12.08304597359457,14.560219778561038,13.92838827718412,13.152946437965904,12.041594578792294,15.811388300841898,16.1245154965971,20.09975124224178,16.0312195418814,17.0,13.038404810405298,12.165525060596437,12.041594578792294,17.11724276862369,16.278820596099706,18.439088914585778,19.6468827043885,21.377558326431952,19.4164878389476,20.39607805437114,18.681541692269406,19.4164878389476,19.4164878389476,20.39607805437114,20.39607805437114,18.248287590894655,17.720045146669353,1697990072.278363
12.649110640673518,8.06225774829855,14.212670403551895,15.264337522473749,19.849433241279208,12.649110640673518,13.453624047073712,19.1049731745428,22.80350850198276,23.706539182259394,23.430749027719962,24.186773244895647,25.0,24.331050121192874,20.8806130178211,23.769728648009423,21.840329667841555,20.223748416156685,13.341664064126334,16.15549442140351,16.15549442140351,15.297058540778355,10.770329614269007,10.816653826391969,11.40175425099138,9.433981132056603,10.816653826391969,13.92838827718412,13.152946437965904,12.041594578792294,11.704699910719626,18.027756377319946,16.278820596099706,19.1049731745428,19.235384061671347,13.038404810405298,13.038404810405298,13.0,14.0356688476182,14.142135623730951,18.681541692269406,18.681541692269406,19.4164878389476,17.720045146669353,18.973665961010276,18.38477631085024,17.720045146669353,19.924858845171276,22.360679774997898,19.924858845171276,16.76305461424021,17.46424919657298,1697990072.2873755
13.0,11.180339887498949,13.038404810405298,18.681541692269406,13.341664064126334,11.6619037896906,16.492422502470642,19.313207915827967,19.6468827043885,20.39607805437114,21.095023109728984,25.079872407968907,24.083189157584588,23.086792761230395,21.213203435596427,21.377558326431952,17.08800749063506,18.439088914585778,14.560219778561038,14.142135623730951,11.40175425099138,16.0312195418814,11.704699910719626,9.0,6.0827625302982185,12.206555615733702,10.295630140987,12.806248474865697,12.041594578792296,12.041594578792296,12.041594578792296,15.811388300841896,14.866068747318504,14.866068747318504,13.453624047073712,12.806248474865697,11.313708498984761,15.231546211727817,13.0,14.560219778561038,15.524174696260024,14.317821063276352,15.811388300841898,15.297058540778355,15.297058540778355,16.278820596099706,16.492422502470642,15.811388300841898,16.76305461424021,15.524174696260024,15.524174696260024,14.142135623730951,1697990072.3158824
13.038404810405298,12.165525060596437,12.041594578792296,13.601470508735444,12.727922061357857,11.6619037896906,15.620499351813308,19.209372712298546,19.1049731745428,20.518284528683193,21.2602916254693,25.612496949731394,20.808652046684813,20.6155281280883,20.12461179749811,17.4928556845359,17.720045146669353,15.524174696260024,14.317821063276352,12.36931687685298,11.180339887498949,16.0312195418814,8.94427190999916,9.219544457292887,8.06225774829855,11.180339887498949,11.045361017187261,10.44030650891055,11.0,11.0,16.0,15.0,14.142135623730951,12.041594578792294,15.297058540778355,15.0,12.165525060596437,11.0,13.152946437965904,12.649110640673518,14.560219778561038,13.92838827718412,18.027756377319946,17.0,16.15549442140351,16.1245154965971,16.15549442140351,16.15549442140351,17.08800749063506,16.15549442140351,14.866068747318506,12.529964086141668,1697990072.3258877
11.6619037896906,13.453624047073712,19.235384061671347,17.88854381999832,16.492422502470642,16.278820596099706,19.026297590440446,23.021728866442675,22.561028345356952,22.561028345356952,25.0,25.298221281347036,24.16609194718914,26.92582403567252,21.633307652783937,24.69817807045694,17.69180601295413,19.1049731745428,18.439088914585774,14.142135623730951,15.556349186104047,11.704699910719626,10.63014581273465,9.486832980505138,8.246211251235321,8.06225774829855,12.0,9.848857801796104,13.152946437965904,13.0,13.92838827718412,13.92838827718412,15.811388300841898,17.0,16.55294535724685,13.0,13.038404810405298,13.601470508735444,13.453624047073712,14.142135623730951,13.92838827718412,19.209372712298546,17.69180601295413,16.278820596099706,18.027756377319946,18.60107523773827,15.0,14.142135623730951,17.0,17.0,15.811388300841896,15.264337522473749,1697990072.3358824
11.40175425099138,10.816653826391969,11.40175425099138,18.38477631085024,12.0,15.811388300841898,16.1245154965971,24.351591323771842,22.80350850198276,22.203603311174515,25.0,29.068883707497267,20.808652046684813,25.0,21.213203435596427,21.633307652783937,19.849433241279208,19.209372712298546,16.278820596099706,17.029386365926403,12.806248474865697,11.40175425099138,10.816653826391969,11.180339887498949,12.08304597359457,13.152946437965904,9.219544457292889,10.44030650891055,9.055385138137417,13.416407864998739,12.806248474865697,13.416407864998739,16.55294535724685,15.264337522473749,15.231546211727817,13.92838827718412,12.806248474865697,13.038404810405298,12.041594578792296,12.727922061357857,17.029386365926403,15.620499351813308,18.867962264113206,16.401219466856727,18.027756377319946,16.278820596099706,18.439088914585774,20.518284528683193,17.69180601295413,17.804493814764854,13.601470508735444,15.0,1697990072.344883
11.045361017187261,8.06225774829855,16.492422502470642,19.4164878389476,14.0356688476182,17.46424919657298,19.1049731745428,17.26267650163207,22.090722034374522,21.0,23.021728866442675,27.0,23.345235059857504,24.515301344262525,23.53720459187964,23.53720459187964,18.027756377319946,18.38477631085024,17.08800749063506,12.206555615733702,11.704699910719626,10.0,11.180339887498949,7.280109889280519,10.19803902718557,7.615773105863909,11.313708498984761,12.206555615733702,12.206555615733702,13.892443989449806,12.529964086141668,16.55294535724685,16.401219466856727,15.811388300841896,16.278820596099706,12.206555615733702,12.165525060596437,10.04987562112089,16.0312195418814,16.1245154965971,16.1245154965971,17.0,20.0,17.029386365926403,18.0,16.1245154965971,18.0,18.0,19.026297590440446,18.110770276274835,17.029386365926403,15.297058540778355,1697990072.3578827
12.529964086141668,12.36931687685298,14.866068747318506,17.46424919657298,15.811388300841898,15.811388300841898,19.924858845171276,20.248456731316587,21.540659228538015,22.360679774997898,24.596747752497688,26.92582403567252,25.612496949731394,26.248809496813372,21.93171219946131,22.671568097509265,19.849433241279208,19.209372712298546,15.620499351813308,13.453624047073712,13.92838827718412,8.485281374238571,10.770329614269007,7.0710678118654755,11.180339887498949,9.219544457292889,13.152946437965904,9.486832980505138,11.40175425099138,13.416407864998739,15.652475842498529,16.15549442140351,17.720045146669353,16.1245154965971,18.027756377319946,15.297058540778355,15.0,14.866068747318504,17.69180601295413,17.69180601295413,18.38477631085024,18.439088914585774,20.518284528683193,19.209372712298546,19.849433241279208,19.209372712298546,20.518284528683193,19.849433241279208,19.4164878389476,17.804493814764854,18.439088914585774,16.643316977093235,1697990072.3678865
6.4031242374328485,13.416407864998739,18.973665961010276,15.524174696260024,13.341664064126334,16.76305461424021,19.235384061671347,20.248456731316587,21.931712199461305,19.697715603592208,26.400757564888174,25.059928172283335,24.413111231467404,25.612496949731394,22.671568097509265,21.93171219946131,18.60107523773827,17.029386365926403,15.620499351813308,14.142135623730951,12.041594578792296,10.816653826391969,9.848857801796104,9.486832980505138,10.19803902718557,10.0,11.045361017187261,11.40175425099138,11.045361017187261,13.416407864998739,14.317821063276352,15.264337522473749,17.46424919657298,16.55294535724685,17.08800749063506,15.652475842498529,15.0,15.0,14.866068747318504,16.278820596099706,17.029386365926403,14.212670403551895,20.0,18.439088914585774,20.615528128088304,18.439088914585774,18.38477631085024,19.209372712298546,18.439088914585774,17.029386365926403,16.278820596099706,15.811388300841896,1697990072.3768845
7.0710678118654755,13.453624047073712,16.401219466856727,13.038404810405298,11.704699910719626,13.92838827718412,16.76305461424021,21.93171219946131,21.93171219946131,22.627416997969522,22.80350850198276,27.78488797889961,24.186773244895647,23.259406699226012,21.931712199461305,22.80350850198276,19.924858845171276,19.235384061671347,16.492422502470642,16.15549442140351,10.44030650891055,9.848857801796104,9.219544457292887,9.219544457292887,10.295630140987,10.44030650891055,10.19803902718557,11.180339887498949,10.04987562112089,12.0,16.1245154965971,17.11724276862369,17.029386365926403,16.1245154965971,18.027756377319946,11.40175425099138,14.317821063276352,15.620499351813308,17.46424919657298,15.264337522473749,18.35755975068582,17.204650534085253,18.867962264113206,19.4164878389476,18.60107523773827,18.439088914585774,19.723082923316017,19.209372712298546,19.1049731745428,19.1049731745428,16.278820596099706,17.69180601295413,1697990072.3888822
8.06225774829855,7.615773105863909,13.892443989449806,12.649110640673518,12.206555615733702,13.038404810405298,14.422205101855958,21.93171219946131,21.93171219946131,18.38477631085024,18.027756377319946,22.472205054244235,19.6468827043885,19.4164878389476,18.027756377319946,18.110770276274835,17.11724276862369,15.03329637837291,12.36931687685298,13.341664064126334,9.219544457292889,10.44030650891055,13.416407864998739,9.219544457292887,10.19803902718557,10.295630140987,11.6619037896906,9.899494936611665,12.529964086141668,9.848857801796104,15.231546211727817,13.601470508735444,14.866068747318506,14.560219778561038,14.560219778561038,10.816653826391969,10.19803902718557,9.055385138137417,15.132745950421555,14.0,15.0,16.0312195418814,18.027756377319946,16.0312195418814,18.027756377319946,17.0,17.11724276862369,16.0312195418814,16.0312195418814,14.0356688476182,15.03329637837291,14.0356688476182,1697990072.404886
11.180339887498949,10.63014581273465,14.7648230602334,14.7648230602334,13.601470508735444,15.264337522473749,18.60107523773827,21.400934559032695,21.095023109728988,21.633307652783937,23.3238075793812,26.832815729997478,25.63201123595259,25.709920264364882,23.53720459187964,25.495097567963924,21.095023109728984,19.026297590440446,18.0,15.0,14.0356688476182,11.045361017187261,10.19803902718557,9.848857801796104,11.40175425099138,10.63014581273465,12.806248474865697,12.206555615733702,12.08304597359457,11.704699910719626,15.524174696260024,17.26267650163207,18.788294228055936,17.46424919657298,18.973665961010276,13.92838827718412,14.317821063276352,15.297058540778355,16.1245154965971,16.0312195418814,18.027756377319946,19.026297590440446,20.09975124224178,19.1049731745428,21.0,18.027756377319946,19.026297590440446,18.0,20.024984394500787,19.1049731745428,18.027756377319946,16.278820596099706,1697990072.426398
9.433981132056603,9.219544457292889,12.165525060596437,12.36931687685298,13.152946437965904,12.165525060596437,14.0356688476182,15.132745950421555,16.278820596099706,17.26267650163207,18.439088914585778,21.840329667841555,20.248456731316587,19.697715603592208,18.867962264113206,20.248456731316587,16.401219466856727,16.401219466856727,14.142135623730951,13.453624047073712,11.313708498984761,10.295630140987,6.324555320336759,7.0710678118654755,7.0,8.246211251235321,8.246211251235321,9.219544457292889,9.848857801796104,10.295630140987,11.180339887498949,13.892443989449806,18.788294228055936,15.652475842498529,13.453624047073712,12.727922061357857,10.63014581273465,12.206555615733702,13.038404810405298,14.212670403551895,14.866068747318504,14.212670403551895,14.422205101855958,15.811388300841896,16.278820596099706,16.401219466856727,14.866068747318504,17.69180601295413,15.0,16.278820596099706,15.620499351813308,13.453624047073712,1697990072.4363964
7.615773105863909,11.045361017187261,12.806248474865697,18.027756377319946,13.152946437965904,17.69180601295413,16.401219466856727,17.88854381999832,17.4928556845359,19.4164878389476,20.0,23.021728866442675,21.931712199461305,20.8806130178211,19.6468827043885,21.18962010041709,18.439088914585778,17.46424919657298,16.278820596099706,13.152946437965904,11.180339887498949,9.219544457292889,8.94427190999916,8.602325267042627,9.899494936611665,10.0,11.704699910719626,11.40175425099138,11.180339887498949,14.0356688476182,14.0356688476182,14.0356688476182,17.11724276862369,16.0,17.26267650163207,11.0,11.045361017187261,9.219544457292889,10.770329614269007,13.341664064126334,16.15549442140351,15.231546211727817,13.892443989449806,19.4164878389476,17.46424919657298,15.811388300841898,16.76305461424021,17.46424919657298,17.0,17.4928556845359,14.7648230602334,13.601470508735444,1697990072.460397
5.385164807134504,11.180339887498949,21.0,11.313708498984761,15.620499351813308,15.231546211727817,19.1049731745428,18.867962264113206,20.6155281280883,21.540659228538015,24.698178070456937,27.0,24.331050121192874,21.213203435596427,19.6468827043885,26.476404589747453,20.024984394500787,16.278820596099706,16.278820596099706,13.152946437965904,13.341664064126334,11.40175425099138,11.40175425099138,10.0,14.142135623730951,9.219544457292889,11.180339887498949,9.219544457292887,13.416407864998739,14.0356688476182,14.0356688476182,14.866068747318506,18.867962264113206,16.0,16.76305461424021,13.0,11.045361017187261,9.219544457292889,14.866068747318504,17.69180601295413,19.1049731745428,16.278820596099706,19.1049731745428,16.970562748477143,18.60107523773827,14.7648230602334,17.029386365926403,18.35755975068582,15.811388300841898,17.4928556845359,14.7648230602334,13.453624047073712,1697990072.4703982
9.219544457292887,8.06225774829855,12.08304597359457,17.029386365926403,13.892443989449806,16.55294535724685,18.38477631085024,15.811388300841898,19.4164878389476,19.1049731745428,21.93171219946131,23.430749027719962,22.671568097509265,22.203603311174515,21.095023109728988,21.95449840010015,19.235384061671343,16.55294535724685,16.15549442140351,14.866068747318506,10.295630140987,10.816653826391969,9.899494936611665,8.485281374238571,10.770329614269007,8.94427190999916,13.0,12.165525060596437,12.165525060596437,12.0,11.0,14.0356688476182,16.0312195418814,13.038404810405298,16.0,12.0,12.165525060596437,11.045361017187261,13.0,15.264337522473749,15.231546211727817,16.643316977093235,17.4928556845359,15.811388300841896,17.4928556845359,15.0,17.4928556845359,17.0,17.0,16.1245154965971,15.652475842498529,13.601470508735444,1697990072.4963975
10.0,9.0,13.038404810405298,12.36931687685298,16.1245154965971,17.029386365926403,18.110770276274835,19.235384061671347,20.615528128088304,20.615528128088304,20.8806130178211,24.698178070456937,23.259406699226012,24.69817807045694,17.0,24.08318915758459,21.93171219946131,20.518284528683193,16.15549442140351,14.866068747318504,12.206555615733702,12.36931687685298,8.485281374238571,11.045361017187261,12.041594578792294,11.0,12.165525060596437,11.40175425099138,13.92838827718412,13.0,14.866068747318506,16.15549442140351,17.08800749063506,15.231546211727817,16.76305461424021,15.652475842498529,12.649110640673518,13.892443989449806,13.601470508735444,16.970562748477143,16.278820596099706,16.970562748477143,18.38477631085024,17.029386365926403,18.38477631085024,17.029386365926403,19.1049731745428,18.38477631085024,18.38477631085024,17.029386365926403,16.970562748477143,15.620499351813308,1697990072.506402
16.1245154965971,10.19803902718557,13.892443989449806,14.422205101855958,13.601470508735444,13.92838827718412,19.313207915827967,21.470910553583888,20.591260281974,20.615528128088304,23.3238075793812,23.3452350598575,21.93171219946131,23.021728866442675,22.203603311174515,22.203603311174515,20.12461179749811,13.601470508735444,19.235384061671343,15.264337522473749,10.63014581273465,12.36931687685298,8.06225774829855,8.06225774829855,13.892443989449806,11.0,13.341664064126334,9.055385138137417,10.04987562112089,13.0,16.278820596099706,15.297058540778355,16.1245154965971,16.278820596099706,16.492422502470642,15.297058540778355,12.0,14.317821063276352,13.601470508735444,16.1245154965971,18.439088914585774,15.620499351813308,17.029386365926403,16.401219466856727,17.69180601295413,18.439088914585774,16.970562748477143,19.1049731745428,19.849433241279208,19.209372712298546,17.69180601295413,14.212670403551895,1697990072.5145915
10.770329614269007,13.038404810405298,14.866068747318504,15.811388300841896,16.401219466856727,16.401219466856727,14.212670403551895,21.93171219946131,24.207436873820413,21.93171219946131,24.839484696748443,27.202941017470888,21.95449840010015,25.553864678361276,23.259406699226012,26.0,19.313207915827967,19.924858845171276,17.720045146669353,15.811388300841898,14.317821063276352,13.0,11.6619037896906,10.63014581273465,11.313708498984761,11.40175425099138,12.529964086141668,11.704699910719626,12.36931687685298,13.152946437965904,14.142135623730951,16.1245154965971,17.11724276862369,15.132745950421555,16.278820596099706,12.649110640673518,13.038404810405298,13.0,15.132745950421555,15.03329637837291,17.204650534085253,20.248456731316587,19.235384061671343,18.38477631085024,19.313207915827967,18.38477631085024,19.313207915827967,18.973665961010276,18.973665961010276,17.08800749063506,16.76305461424021,16.15549442140351,1697990072.5235903
13.0,13.601470508735444,17.4928556845359,13.416407864998739,16.1245154965971,14.212670403551895,19.723082923316017,17.0,19.849433241279208,21.2602916254693,19.1049731745428,22.671568097509265,21.95449840010015,23.3238075793812,23.259406699226012,20.39607805437114,17.88854381999832,18.38477631085024,15.811388300841898,15.811388300841898,12.08304597359457,11.704699910719626,11.180339887498949,10.0,10.63014581273465,10.63014581273465,11.40175425099138,10.44030650891055,11.40175425099138,12.36931687685298,11.704699910719626,14.560219778561038,15.811388300841898,15.811388300841898,16.76305461424021,15.297058540778355,14.0356688476182,13.341664064126334,13.0,13.0,18.248287590894655,15.132745950421555,17.11724276862369,16.1245154965971,18.248287590894655,17.11724276862369,18.0,18.110770276274835,17.0,19.0,16.1245154965971,15.0,1697990072.538592
14.560219778561038,15.811388300841896,12.08304597359457,14.142135623730951,19.1049731745428,19.723082923316017,13.892443989449806,25.0,21.400934559032695,22.80350850198276,22.203603311174515,26.419689627245813,23.706539182259394,24.698178070456937,23.08679276123039,24.351591323771842,20.615528128088304,19.235384061671347,16.76305461424021,15.811388300841898,14.560219778561038,13.0,12.08304597359457,10.816653826391969,13.038404810405298,10.63014581273465,11.6619037896906,12.806248474865697,12.806248474865697,14.560219778561038,14.866068747318506,17.0,15.524174696260024,16.55294535724685,18.867962264113206,15.652475842498529,13.601470508735444,15.0,13.341664064126334,15.03329637837291,15.03329637837291,18.0,19.0,17.029386365926403,20.09975124224178,18.027756377319946,20.0,14.142135623730951,19.0,18.0,16.278820596099706,16.1245154965971,1697990072.5465908
10.63014581273465,15.811388300841896,12.649110640673518,13.601470508735444,12.041594578792296,16.492422502470642,16.278820596099706,17.69180601295413,20.6155281280883,17.88854381999832,23.3238075793812,23.853720883753127,24.207436873820413,20.518284528683193,21.2602916254693,21.93171219946131,19.4164878389476,16.401219466856727,15.811388300841896,15.0,12.806248474865697,11.313708498984761,10.63014581273465,10.816653826391969,11.180339887498949,10.44030650891055,10.04987562112089,10.04987562112089,12.041594578792294,13.152946437965904,13.341664064126334,14.0356688476182,15.03329637837291,16.0312195418814,16.0312195418814,13.152946437965904,11.40175425099138,14.317821063276352,11.180339887498949,16.643316977093235,16.1245154965971,17.204650534085253,17.4928556845359,16.278820596099706,17.204650534085253,17.204650534085253,18.35755975068582,18.867962264113206,17.204650534085253,17.204650534085253,17.804493814764854,16.278820596099706,1697990072.556592
11.045361017187261,13.0,15.297058540778355,18.027756377319946,15.524174696260024,18.439088914585778,15.811388300841898,19.723082923316017,20.8806130178211,17.88854381999832,22.561028345356952,25.01999200639361,26.019223662515373,25.01999200639361,25.179356624028344,22.561028345356952,19.6468827043885,17.11724276862369,17.46424919657298,16.278820596099706,13.341664064126334,13.152946437965904,11.045361017187261,12.0,14.317821063276352,12.08304597359457,12.529964086141668,11.6619037896906,15.0,12.041594578792296,14.212670403551895,15.556349186104047,17.69180601295413,16.278820596099706,17.029386365926403,13.601470508735444,13.453624047073712,12.806248474865697,15.0,15.231546211727817,16.1245154965971,17.720045146669353,18.38477631085024,17.720045146669353,18.973665961010276,16.492422502470642,19.313207915827967,18.788294228055936,17.08800749063506,18.681541692269406,17.08800749063506,15.524174696260024,1697990072.5695918
12.727922061357857,10.816653826391969,8.94427190999916,13.892443989449806,17.46424919657298,14.317821063276352,21.2602916254693,15.556349186104047,23.021728866442675,22.627416997969522,22.203603311174515,24.839484696748443,24.207436873820413,25.238858928247925,22.825424421026653,23.60084744241189,18.027756377319946,19.235384061671343,16.1245154965971,15.231546211727817,14.7648230602334,13.038404810405298,12.206555615733702,11.40175425099138,11.40175425099138,11.6619037896906,13.416407864998739,12.649110640673518,11.180339887498949,13.341664064126334,15.297058540778355,19.235384061671347,18.110770276274835,17.46424919657298,16.15549442140351,14.317821063276352,13.0,15.03329637837291,14.142135623730951,13.601470508735444,17.46424919657298,18.248287590894655,19.313207915827967,18.439088914585778,17.720045146669353,18.439088914585778,18.248287590894655,20.223748416156685,17.26267650163207,16.1245154965971,18.681541692269406,16.15549442140351,1697990072.5785909
13.453624047073712,11.313708498984761,14.142135623730951,17.4928556845359,17.46424919657298,15.524174696260024,14.317821063276352,18.788294228055936,22.472205054244235,21.470910553583888,23.3238075793812,25.238858928247925,25.612496949731394,24.839484696748443,23.3452350598575,24.041630560342618,20.615528128088304,18.60107523773827,17.029386365926403,15.620499351813308,14.142135623730951,12.727922061357857,11.40175425099138,10.816653826391969,12.529964086141668,11.704699910719626,11.180339887498949,14.0356688476182,14.0356688476182,14.0,16.1245154965971,15.03329637837291,16.492422502470642,15.297058540778355,16.1245154965971,16.1245154965971,11.180339887498949,14.560219778561038,15.811388300841898,15.652475842498529,17.4928556845359,16.643316977093235,18.35755975068582,18.027756377319946,18.027756377319946,18.60107523773827,18.35755975068582,19.723082923316017,17.88854381999832,18.867962264113206,17.0,16.1245154965971,1697990072.5875924
15.132745950421555,11.40175425099138,17.11724276862369,15.811388300841898,15.0,21.587033144922902,18.439088914585778,22.360679774997898,22.02271554554524,22.02271554554524,24.020824298928627,22.090722034374522,24.73863375370596,23.769728648009423,22.135943621178658,23.769728648009426,18.788294228055936,18.788294228055936,17.204650534085253,14.317821063276352,14.317821063276352,12.165525060596437,13.341664064126334,11.704699910719626,11.0,11.045361017187261,9.0,12.649110640673518,14.560219778561038,11.313708498984761,17.204650534085253,13.0,16.1245154965971,14.212670403551895,15.0,13.0,10.816653826391969,12.041594578792296,14.422205101855958,14.212670403551895,15.811388300841896,15.264337522473749,17.0,16.401219466856727,18.867962264113206,16.643316977093235,18.60107523773827,17.804493814764854,17.204650534085253,16.1245154965971,15.0,14.7648230602334,1697990072.610595
12.041594578792296,12.08304597359457,14.317821063276352,15.811388300841896,13.601470508735444,16.55294535724685,18.027756377319946,19.4164878389476,16.278820596099706,24.758836806279895,24.020824298928627,24.041630560342618,24.08318915758459,21.400934559032695,21.95449840010015,20.0,19.697715603592208,16.55294535724685,15.811388300841898,17.69180601295413,13.601470508735444,15.231546211727817,13.341664064126334,11.704699910719626,12.529964086141668,10.0,12.649110640673518,9.055385138137417,12.36931687685298,11.180339887498949,13.0,15.132745950421555,19.0,17.11724276862369,20.024984394500787,11.704699910719626,10.0,12.041594578792296,15.811388300841898,13.601470508735444,17.46424919657298,17.08800749063506,18.38477631085024,17.88854381999832,17.88854381999832,17.88854381999832,17.46424919657298,17.08800749063506,17.46424919657298,16.55294535724685,15.652475842498529,14.422205101855958,1697990072.620113
10.44030650891055,12.08304597359457,14.317821063276352,16.76305461424021,15.811388300841898,15.811388300841898,18.027756377319946,18.973665961010276,19.924858845171276,18.681541692269406,22.20360331117452,23.194827009486403,23.086792761230395,23.086792761230395,23.021728866442675,21.095023109728984,19.4164878389476,17.26267650163207,17.720045146669353,14.142135623730951,12.165525060596437,12.0,10.04987562112089,10.19803902718557,11.180339887498949,10.0,12.041594578792296,9.899494936611665,14.212670403551895,14.212670403551895,15.620499351813308,17.029386365926403,17.029386365926403,17.204650534085253,16.970562748477143,13.601470508735444,13.601470508735444,15.652475842498529,13.92838827718412,16.492422502470642,16.15549442140351,17.46424919657298,17.720045146669353,17.26267650163207,18.027756377319946,18.110770276274835,19.4164878389476,18.439088914585778,18.681541692269406,17.26267650163207,16.492422502470642,16.278820596099706,1697990072.661113
13.038404810405298,13.453624047073712,16.278820596099706,18.60107523773827,20.0,19.1049731745428,20.0,22.022715545545243,22.47220505424423,24.413111231467404,26.92582403567252,27.78488797889961,25.942243542145697,26.92582403567252,25.96150997149434,24.73863375370596,23.345235059857504,21.587033144922902,18.110770276274835,17.46424919657298,16.1245154965971,14.560219778561038,12.08304597359457,12.529964086141668,11.40175425099138,12.041594578792296,12.041594578792296,13.892443989449806,14.7648230602334,14.560219778561038,16.15549442140351,17.720045146669353,20.12461179749811,19.697715603592208,19.723082923316017,17.720045146669353,13.601470508735444,16.492422502470642,17.11724276862369,18.248287590894655,19.026297590440446,20.0,20.0,18.027756377319946,20.0,18.110770276274835,20.024984394500787,20.024984394500787,20.0,18.110770276274835,19.026297590440446,17.11724276862369,1697990072.6701124
13.0,11.704699910719626,14.142135623730951,16.492422502470642,16.1245154965971,20.8806130178211,21.0,18.439088914585778,21.840329667841555,22.360679774997898,23.706539182259394,27.51363298439521,25.942243542145697,22.203603311174515,25.96150997149434,24.186773244895647,14.866068747318504,21.587033144922902,16.970562748477143,16.401219466856727,15.0,10.295630140987,12.206555615733702,8.602325267042627,12.529964086141668,12.041594578792296,10.44030650891055,12.165525060596437,12.165525060596437,9.055385138137417,11.180339887498949,16.1245154965971,20.12461179749811,17.720045146669353,17.11724276862369,12.041594578792294,13.0,12.36931687685298,12.529964086141668,11.6619037896906,17.0,16.1245154965971,15.652475842498529,15.0,17.4928556845359,20.808652046684813,18.027756377319946,17.08800749063506,16.15549442140351,18.867962264113206,14.866068747318506,15.231546211727817,1697990072.6781118
12.041594578792296,9.055385138137417,13.416407864998739,18.439088914585774,16.970562748477143,19.1049731745428,18.60107523773827,15.620499351813308,20.518284528683193,22.360679774997898,25.612496949731394,27.018512172212596,23.706539182259394,23.259406699226012,23.769728648009426,25.079872407968903,20.6155281280883,18.027756377319946,18.027756377319946,14.866068747318506,13.892443989449806,13.038404810405298,10.816653826391969,12.041594578792296,11.40175425099138,10.295630140987,11.704699910719626,12.36931687685298,13.341664064126334,14.0,14.0356688476182,17.0,18.0,17.0,18.027756377319946,17.11724276862369,13.0,13.152946437965904,14.317821063276352,15.231546211727817,17.0,15.652475842498529,17.0,16.401219466856727,17.4928556845359,17.204650534085253,18.35755975068582,18.35755975068582,17.4928556845359,17.204650534085253,14.422205101855958,16.643316977093235,1697990072.6871116
13.038404810405298,14.7648230602334,15.132745950421555,17.08800749063506,16.278820596099706,16.278820596099706,18.248287590894655,20.024984394500787,21.377558326431952,21.18962010041709,22.135943621178658,25.63201123595259,23.706539182259394,22.47220505424423,23.021728866442675,23.430749027719962,20.615528128088304,17.029386365926403,16.278820596099706,15.0,12.041594578792296,12.529964086141668,13.038404810405298,9.486832980505138,12.649110640673518,11.40175425099138,14.0356688476182,12.165525060596437,12.08304597359457,13.601470508735444,14.317821063276352,14.866068747318506,17.720045146669353,15.524174696260024,17.46424919657298,12.36931687685298,13.038404810405298,13.0,13.453624047073712,15.556349186104047,16.401219466856727,18.38477631085024,17.69180601295413,18.38477631085024,17.69180601295413,18.439088914585774,18.38477631085024,19.1049731745428,17.804493814764854,17.029386365926403,17.029386365926403,15.556349186104047,1697990072.6971166
12.041594578792296,12.206555615733702,15.264337522473749,15.811388300841896,15.811388300841896,17.88854381999832,18.35755975068582,20.0,19.849433241279208,21.400934559032695,21.2602916254693,23.430749027719962,24.207436873820413,23.021728866442675,22.47220505424423,21.95449840010015,18.788294228055936,17.88854381999832,16.55294535724685,14.7648230602334,13.892443989449806,11.40175425099138,11.313708498984761,10.63014581273465,9.433981132056603,11.180339887498949,14.422205101855958,14.317821063276352,10.44030650891055,15.132745950421555,15.132745950421555,15.297058540778355,17.46424919657298,16.492422502470642,16.492422502470642,14.317821063276352,15.297058540778355,14.0,14.0,17.720045146669353,15.524174696260024,16.76305461424021,18.973665961010276,17.08800749063506,20.248456731316587,18.973665961010276,19.6468827043885,20.223748416156685,20.39607805437114,18.439088914585778,18.439088914585778,16.492422502470642,1697990072.7156305
8.94427190999916,10.19803902718557,9.055385138137417,16.1245154965971,16.0,18.681541692269406,20.223748416156685,19.1049731745428,21.0,19.026297590440446,22.090722034374522,24.083189157584588,22.561028345356952,22.80350850198276,21.18962010041709,21.02379604162864,19.697715603592208,17.4928556845359,15.652475842498529,13.92838827718412,11.704699910719626,11.180339887498949,9.055385138137417,12.041594578792294,10.04987562112089,9.486832980505138,10.44030650891055,15.0,13.601470508735444,11.40175425099138,12.806248474865697,16.401219466856727,19.1049731745428,17.204650534085253,16.401219466856727,16.401219466856727,13.453624047073712,13.453624047073712,12.806248474865697,15.652475842498529,14.422205101855958,17.4928556845359,17.88854381999832,19.235384061671343,19.235384061671343,17.88854381999832,20.591260281974,19.723082923316017,18.35755975068582,17.88854381999832,17.4928556845359,16.55294535724685,1697990072.7266307
13.601470508735444,6.324555320336759,15.231546211727817,19.924858845171276,15.231546211727817,16.0312195418814,14.560219778561038,19.924858845171276,22.360679774997898,20.12461179749811,20.591260281974,26.832815729997478,24.413111231467404,23.430749027719962,22.203603311174515,24.758836806279895,17.029386365926403,18.439088914585774,15.620499351813308,14.866068747318504,14.212670403551895,12.041594578792296,10.295630140987,9.848857801796104,11.40175425099138,11.045361017187261,12.041594578792294,12.649110640673518,13.92838827718412,15.811388300841898,15.524174696260024,16.55294535724685,19.6468827043885,17.720045146669353,18.027756377319946,14.422205101855958,12.529964086141668,13.601470508735444,14.212670403551895,16.401219466856727,18.60107523773827,19.1049731745428,21.213203435596427,19.4164878389476,20.518284528683193,18.60107523773827,21.93171219946131,20.518284528683193,19.1049731745428,19.849433241279208,16.401219466856727,17.029386365926403,1697990072.7406378
12.08304597359457,13.601470508735444,16.76305461424021,18.681541692269406,18.439088914585778,17.46424919657298,21.587033144922902,21.840329667841555,23.40939982143925,23.769728648009426,25.942243542145697,28.178005607210743,27.459060435491963,26.248809496813372,23.3452350598575,27.018512172212596,20.518284528683193,19.849433241279208,16.970562748477143,14.212670403551895,15.620499351813308,12.727922061357857,10.44030650891055,12.529964086141668,12.36931687685298,12.041594578792294,13.341664064126334,14.560219778561038,16.15549442140351,16.55294535724685,18.027756377319946,16.55294535724685,21.18962010041709,19.313207915827967,18.027756377319946,15.652475842498529,16.1245154965971,15.264337522473749,16.278820596099706,16.401219466856727,20.0,17.4928556845359,21.213203435596427,20.808652046684813,20.808652046684813,20.591260281974,22.022715545545243,21.400934559032695,19.1049731745428,20.615528128088304,19.79898987322333,17.204650534085253,1697990072.7716305
11.045361017187261,11.40175425099138,12.649110640673518,12.36931687685298,15.652475842498529,14.317821063276352,17.46424919657298,18.027756377319946,19.4164878389476,19.4164878389476,21.095023109728984,22.360679774997898,23.0,20.09975124224178,19.026297590440446,20.0,19.1049731745428,16.1245154965971,14.142135623730951,13.0,14.317821063276352,8.94427190999916,10.44030650891055,13.92838827718412,7.280109889280519,8.06225774829855,10.63014581273465,10.0,12.529964086141668,12.36931687685298,15.0,20.0,17.0,16.1245154965971,18.38477631085024,13.416407864998739,11.40175425099138,10.19803902718557,12.165525060596437,15.03329637837291,14.317821063276352,16.0,17.0,18.027756377319946,18.0,19.1049731745428,19.0,18.110770276274835,18.0,18.027756377319946,17.029386365926403,15.03329637837291,1697990072.7836332
12.529964086141668,13.341664064126334,15.132745950421555,15.524174696260024,16.492422502470642,17.720045146669353,18.681541692269406,20.6155281280883,22.847319317591726,21.02379604162864,23.259406699226012,25.238858928247925,24.207436873820413,21.93171219946131,24.839484696748443,26.248809496813372,21.2602916254693,19.849433241279208,19.697715603592208,15.620499351813308,16.401219466856727,10.63014581273465,12.206555615733702,13.92838827718412,7.280109889280519,10.04987562112089,10.63014581273465,15.0,12.165525060596437,16.492422502470642,13.038404810405298,19.1049731745428,17.11724276862369,16.1245154965971,17.029386365926403,17.0,13.0,12.529964086141668,13.416407864998739,13.038404810405298,16.401219466856727,18.35755975068582,20.248456731316587,18.867962264113206,18.867962264113206,18.60107523773827,19.235384061671343,19.723082923316017,19.235384061671343,18.867962264113206,19.235384061671343,16.643316977093235,1697990072.7926323
15.03329637837291,10.770329614269007,11.40175425099138,11.045361017187261,12.529964086141668,17.11724276862369,17.11724276862369,20.615528128088304,22.20360331117452,24.083189157584588,25.079872407968907,25.317977802344327,21.840329667841555,22.80350850198276,20.8806130178211,21.840329667841555,17.46424919657298,16.55294535724685,14.317821063276352,13.92838827718412,11.704699910719626,11.045361017187261,9.055385138137417,9.055385138137417,10.44030650891055,9.486832980505138,11.40175425099138,12.206555615733702,13.601470508735444,14.317821063276352,15.0,17.804493814764854,16.278820596099706,14.866068747318504,18.867962264113206,17.804493814764854,13.038404810405298,14.317821063276352,14.560219778561038,15.03329637837291,17.26267650163207,18.027756377319946,18.248287590894655,19.026297590440446,19.026297590440446,19.0,20.09975124224178,18.027756377319946,19.026297590440446,18.027756377319946,18.027756377319946,16.0,1697990072.8006337
8.06225774829855,12.36931687685298,12.649110640673518,18.110770276274835,16.278820596099706,17.204650534085253,22.472205054244235,21.840329667841555,20.39607805437114,19.4164878389476,22.090722034374522,23.0,22.02271554554524,22.090722034374522,21.095023109728984,21.095023109728984,17.26267650163207,17.11724276862369,14.317821063276352,14.0356688476182,12.041594578792294,12.041594578792294,11.045361017187261,10.770329614269007,11.180339887498949,9.433981132056603,10.63014581273465,11.6619037896906,13.038404810405298,14.422205101855958,13.601470508735444,17.4928556845359,16.401219466856727,16.643316977093235,15.811388300841896,12.08304597359457,14.317821063276352,12.649110640673518,13.152946437965904,14.0356688476182,14.317821063276352,16.0312195418814,17.029386365926403,16.0,18.0,17.029386365926403,18.0,18.027756377319946,18.0,17.029386365926403,17.11724276862369,15.03329637837291,1697990072.8116362
6.708203932499369,15.620499351813308,16.643316977093235,18.35755975068582,17.029386365926403,18.867962264113206,22.80350850198276,23.60084744241189,24.186773244895647,21.02379604162864,22.847319317591726,23.40939982143925,25.0,23.769728648009423,23.53720459187964,22.561028345356952,21.213203435596427,18.027756377319946,16.0,14.142135623730951,13.152946437965904,12.649110640673518,10.44030650891055,10.770329614269007,10.0,10.63014581273465,12.08304597359457,12.08304597359457,15.132745950421555,14.142135623730951,15.297058540778355,16.278820596099706,19.4164878389476,17.46424919657298,15.524174696260024,13.341664064126334,12.041594578792294,13.0,14.142135623730951,15.811388300841898,15.524174696260024,17.08800749063506,19.313207915827967,17.0,18.788294228055936,17.88854381999832,18.788294228055936,18.788294228055936,18.788294228055936,17.0,16.55294535724685,16.643316977093235,1697990072.822959
9.055385138137417,17.46424919657298,15.03329637837291,12.649110640673518,17.0,19.6468827043885,17.46424919657298,19.924858845171276,21.931712199461305,24.16609194718914,26.419689627245813,24.596747752497688,25.80697580112788,23.3452350598575,21.93171219946131,23.60084744241189,21.2602916254693,17.69180601295413,17.69180601295413,12.041594578792296,10.0,8.06225774829855,13.416407864998739,14.0356688476182,9.0,13.152946437965904,12.36931687685298,10.04987562112089,12.529964086141668,13.601470508735444,15.231546211727817,19.4164878389476,19.313207915827967,18.973665961010276,17.46424919657298,14.866068747318506,10.295630140987,15.264337522473749,15.264337522473749,14.866068747318504,16.970562748477143,16.401219466856727,17.804493814764854,17.204650534085253,18.60107523773827,20.0,19.1049731745428,19.209372712298546,19.1049731745428,17.804493814764854,18.439088914585774,16.643316977093235,1697990072.8319588
11.40175425099138,11.180339887498949,15.264337522473749,17.0,16.643316977093235,17.804493814764854,19.235384061671343,20.6155281280883,22.360679774997898,21.540659228538015,23.769728648009423,27.202941017470888,25.495097567963924,24.186773244895647,24.186773244895647,23.086792761230395,20.024984394500787,17.0,18.0,14.0356688476182,12.165525060596437,10.19803902718557,9.219544457292889,9.848857801796104,9.433981132056603,10.63014581273465,12.206555615733702,10.04987562112089,13.0,16.0,14.560219778561038,16.55294535724685,19.235384061671343,16.1245154965971,16.15549442140351,13.892443989449806,11.704699910719626,12.041594578792294,14.0356688476182,14.142135623730951,16.0312195418814,16.278820596099706,18.110770276274835,17.26267650163207,19.235384061671347,18.248287590894655,20.024984394500787,19.1049731745428,18.027756377319946,17.11724276862369,18.027756377319946,16.278820596099706,1697990072.8409603
8.246211251235321,11.045361017187261,12.806248474865697,14.866068747318504,12.08304597359457,20.024984394500787,14.560219778561038,17.720045146669353,19.6468827043885,20.09975124224178,25.01999200639361,22.090722034374522,23.021728866442675,21.377558326431952,20.223748416156685,21.377558326431952,16.278820596099706,18.439088914585778,14.142135623730951,15.524174696260024,11.045361017187261,11.180339887498949,7.0710678118654755,10.44030650891055,8.94427190999916,9.848857801796104,9.433981132056603,12.165525060596437,10.63014581273465,12.529964086141668,14.560219778561038,16.55294535724685,15.811388300841896,15.620499351813308,15.556349186104047,12.727922061357857,10.63014581273465,10.0,12.08304597359457,14.317821063276352,15.524174696260024,15.132745950421555,17.720045146669353,16.278820596099706,18.439088914585778,18.248287590894655,18.027756377319946,18.027756377319946,17.720045146669353,16.76305461424021,16.76305461424021,15.132745950421555,1697990072.8529596
11.6619037896906,11.045361017187261,18.0,18.681541692269406,18.110770276274835,18.439088914585778,21.0,17.720045146669353,21.587033144922902,23.08679276123039,22.472205054244235,27.51363298439521,25.942243542145697,23.3238075793812,22.47220505424423,24.186773244895647,19.4164878389476,18.60107523773827,15.556349186104047,13.892443989449806,12.529964086141668,12.08304597359457,9.486832980505138,12.0,13.038404810405298,10.19803902718557,13.416407864998739,15.0,13.601470508735444,15.0,17.204650534085253,19.849433241279208,20.808652046684813,18.35755975068582,17.69180601295413,15.556349186104047,14.866068747318504,14.866068747318504,15.0,17.4928556845359,17.88854381999832,18.027756377319946,21.931712199461305,18.027756377319946,20.6155281280883,20.248456731316587,21.02379604162864,20.6155281280883,21.02379604162864,19.697715603592208,19.235384061671343,17.08800749063506,1697990072.8659604
11.6619037896906,12.041594578792294,13.341664064126334,14.317821063276352,13.416407864998739,12.649110640673518,21.540659228538015,17.720045146669353,22.561028345356952,19.6468827043885,23.769728648009423,23.345235059857504,23.0,23.021728866442675,23.086792761230395,21.095023109728984,19.235384061671347,19.1049731745428,16.278820596099706,14.317821063276352,12.041594578792294,12.041594578792294,10.0,10.770329614269007,9.433981132056603,9.899494936611665,10.63014581273465,13.416407864998739,14.7648230602334,12.649110640673518,13.92838827718412,17.08800749063506,16.55294535724685,16.1245154965971,18.35755975068582,14.7648230602334,12.649110640673518,13.152946437965904,15.132745950421555,16.0312195418814,16.0312195418814,18.027756377319946,18.110770276274835,17.46424919657298,19.4164878389476,18.248287590894655,19.1049731745428,18.110770276274835,18.248287590894655,17.26267650163207,16.1245154965971,15.524174696260024,1697990072.8749678
10.44030650891055,13.152946437965904,13.0,11.045361017187261,13.341664064126334,15.03329637837291,18.110770276274835,14.0,20.615528128088304,17.46424919657298,21.587033144922902,22.80350850198276,23.259406699226012,21.470910553583888,21.095023109728988,20.0,17.804493814764854,15.0,17.0,11.40175425099138,13.601470508735444,11.704699910719626,10.44030650891055,9.219544457292889,9.219544457292889,11.045361017187261,10.770329614269007,9.486832980505138,13.038404810405298,13.601470508735444,16.1245154965971,17.0,19.235384061671343,16.1245154965971,16.15549442140351,13.416407864998739,13.601470508735444,12.806248474865697,12.041594578792296,16.401219466856727,17.029386365926403,15.811388300841896,18.60107523773827,17.0,18.027756377319946,18.027756377319946,19.209372712298546,17.204650534085253,17.804493814764854,17.804493814764854,17.804493814764854,15.264337522473749,1697990072.888958
11.0,10.19803902718557,12.36931687685298,14.317821063276352,14.560219778561038,15.231546211727817,16.76305461424021,20.223748416156685,19.4164878389476,20.223748416156685,18.439088914585778,24.020824298928627,22.02271554554524,22.0,21.377558326431952,21.213203435596427,17.46424919657298,15.524174696260024,16.278820596099706,13.601470508735444,11.045361017187261,11.045361017187261,9.0,10.19803902718557,8.54400374531753,8.06225774829855,9.899494936611665,10.0,9.219544457292887,11.180339887498949,12.529964086141668,15.652475842498529,15.264337522473749,15.264337522473749,15.264337522473749,12.206555615733702,10.770329614269007,11.704699910719626,14.0356688476182,15.0,15.03329637837291,15.811388300841896,18.60107523773827,15.132745950421555,17.029386365926403,17.11724276862369,17.0,17.029386365926403,17.0,16.0312195418814,16.0312195418814,14.142135623730951,1697990072.8999686
6.324555320336759,10.04987562112089,13.892443989449806,20.808652046684813,16.278820596099706,17.029386365926403,19.849433241279208,20.591260281974,20.12461179749811,19.235384061671343,21.540659228538015,24.16609194718914,24.351591323771842,22.561028345356952,20.39607805437114,22.090722034374522,17.029386365926403,16.0312195418814,14.0,13.038404810405298,11.180339887498949,9.219544457292889,9.848857801796104,7.810249675906654,7.810249675906654,8.06225774829855,10.295630140987,12.041594578792294,13.601470508735444,15.0,11.0,13.0,16.55294535724685,16.492422502470642,17.720045146669353,11.0,12.0,10.19803902718557,11.40175425099138,13.601470508735444,15.231546211727817,15.231546211727817,16.15549442140351,15.264337522473749,17.46424919657298,18.38477631085024,17.46424919657298,18.027756377319946,20.248456731316587,16.55294535724685,16.55294535724685,14.212670403551895,1697990072.9174747
7.280109889280519,8.246211251235321,15.03329637837291,16.55294535724685,11.704699910719626,17.720045146669353,21.377558326431952,17.720045146669353,19.924858845171276,20.6155281280883,21.931712199461305,22.847319317591726,25.059928172283335,23.021728866442675,22.203603311174515,21.400934559032695,19.79898987322333,18.439088914585774,16.278820596099706,13.453624047073712,12.041594578792296,9.433981132056603,8.54400374531753,9.055385138137417,8.06225774829855,9.055385138137417,8.06225774829855,13.341664064126334,11.6619037896906,12.041594578792296,10.19803902718557,14.142135623730951,16.55294535724685,13.92838827718412,14.212670403551895,13.892443989449806,12.206555615733702,9.899494936611665,12.806248474865697,13.416407864998739,15.264337522473749,15.231546211727817,18.38477631085024,16.55294535724685,16.55294535724685,17.46424919657298,18.35755975068582,18.35755975068582,18.38477631085024,18.973665961010276,15.652475842498529,14.317821063276352,1697990072.9284718
13.0,18.027756377319946,15.03329637837291,19.209372712298546,11.313708498984761,10.63014581273465,13.038404810405298,14.212670403551895,18.60107523773827,20.248456731316587,19.723082923316017,22.472205054244235,20.6155281280883,21.587033144922902,20.223748416156685,23.194827009486403,19.4164878389476,17.11724276862369,15.132745950421555,12.165525060596437,8.06225774829855,10.04987562112089,8.54400374531753,11.6619037896906,8.54400374531753,8.602325267042627,10.63014581273465,12.08304597359457,11.6619037896906,14.317821063276352,11.6619037896906,12.649110640673518,15.652475842498529,16.1245154965971,13.416407864998739,13.892443989449806,12.649110640673518,9.055385138137417,13.038404810405298,12.041594578792294,14.0356688476182,14.0356688476182,17.029386365926403,15.0,15.0,21.023796041628636,16.1245154965971,18.35755975068582,19.235384061671347,14.0356688476182,15.297058540778355,13.0,1697990072.937473
8.485281374238571,9.433981132056603,12.08304597359457,13.892443989449806,12.529964086141668,13.416407864998739,15.231546211727817,16.55294535724685,18.60107523773827,18.027756377319946,20.248456731316587,21.95449840010015,20.808652046684813,19.849433241279208,18.38477631085024,21.213203435596427,16.401219466856727,14.7648230602334,14.422205101855958,12.206555615733702,10.63014581273465,9.899494936611665,8.485281374238571,10.770329614269007,9.219544457292889,8.0,9.219544457292889,8.94427190999916,12.529964086141668,10.816653826391969,12.206555615733702,15.652475842498529,15.231546211727817,14.7648230602334,16.15549442140351,8.94427190999916,9.433981132056603,10.63014581273465,9.433981132056603,14.422205101855958,14.0356688476182,18.439088914585778,17.029386365926403,16.492422502470642,15.0,21.023796041628636,16.15549442140351,15.231546211727817,14.866068747318506,14.560219778561038,13.92838827718412,12.36931687685298,1697990072.9534738
10.19803902718557,10.0,10.770329614269007,13.92838827718412,14.142135623730951,15.0,17.26267650163207,15.811388300841898,18.681541692269406,19.924858845171276,21.840329667841555,22.472205054244235,22.360679774997898,21.95449840010015,21.633307652783937,21.633307652783937,18.439088914585774,17.029386365926403,14.866068747318504,12.041594578792296,10.63014581273465,10.816653826391969,8.94427190999916,8.54400374531753,8.06225774829855,8.0,9.486832980505138,8.94427190999916,10.0,11.40175425099138,13.601470508735444,14.212670403551895,15.264337522473749,13.892443989449806,13.892443989449806,11.6619037896906,10.63014581273465,10.63014581273465,11.6619037896906,13.416407864998739,14.7648230602334,18.027756377319946,18.027756377319946,15.811388300841898,17.08800749063506,17.08800749063506,17.46424919657298,17.46424919657298,16.55294535724685,15.811388300841898,15.231546211727817,13.601470508735444,1697990072.963472
9.486832980505138,10.816653826391969,13.453624047073712,15.620499351813308,17.029386365926403,16.970562748477143,18.439088914585774,18.60107523773827,21.400934559032695,23.706539182259394,24.186773244895647,23.769728648009426,23.40939982143925,25.298221281347036,23.53720459187964,20.615528128088304,20.09975124224178,18.248287590894655,16.1245154965971,14.317821063276352,11.40175425099138,12.08304597359457,9.219544457292889,8.602325267042627,9.219544457292887,10.0,10.770329614269007,11.40175425099138,12.649110640673518,14.142135623730951,15.132745950421555,17.26267650163207,18.439088914585778,16.278820596099706,16.492422502470642,14.317821063276352,12.041594578792294,12.041594578792294,13.341664064126334,16.0312195418814,16.278820596099706,16.492422502470642,18.973665961010276,18.027756377319946,18.973665961010276,19.313207915827967,19.6468827043885,20.39607805437114,19.6468827043885,17.720045146669353,17.46424919657298,17.08800749063506,1697990072.9734752
10.19803902718557,10.04987562112089,11.40175425099138,20.024984394500787,17.029386365926403,17.029386365926403,16.0312195418814,19.0,20.024984394500787,21.023796041628636,21.213203435596427,25.179356624028344,23.53720459187964,23.40939982143925,20.248456731316587,22.847319317591726,18.35755975068582,18.35755975068582,15.264337522473749,14.317821063276352,13.0,12.36931687685298,8.54400374531753,11.045361017187261,10.04987562112089,8.06225774829855,12.649110640673518,11.313708498984761,13.038404810405298,12.206555615733702,13.453624047073712,16.278820596099706,16.970562748477143,17.204650534085253,16.643316977093235,15.556349186104047,10.63014581273465,14.142135623730951,14.422205101855958,16.76305461424021,14.7648230602334,17.46424919657298,19.313207915827967,16.76305461424021,18.027756377319946,15.811388300841898,19.313207915827967,22.20360331117452,18.027756377319946,16.76305461424021,17.08800749063506,15.524174696260024,1697990072.9834738
10.04987562112089,8.54400374531753,12.206555615733702,13.892443989449806,14.422205101855958,14.7648230602334,19.209372712298546,16.15549442140351,21.633307652783937,22.47220505424423,22.360679774997898,25.495097567963924,22.80350850198276,23.769728648009423,23.194827009486403,22.20360331117452,21.023796041628636,16.1245154965971,15.0,13.0,13.038404810405298,10.04987562112089,10.44030650891055,8.602325267042627,9.219544457292887,8.485281374238571,11.40175425099138,10.19803902718557,11.704699910719626,12.165525060596437,13.601470508735444,16.76305461424021,17.46424919657298,14.560219778561038,14.7648230602334,14.7648230602334,11.045361017187261,11.0,12.041594578792294,16.1245154965971,14.317821063276352,20.09975124224178,16.76305461424021,18.38477631085024,18.027756377319946,17.46424919657298,18.439088914585778,18.681541692269406,18.681541692269406,18.027756377319946,15.524174696260024,14.560219778561038,1697990072.995474
3.6055512754639896,16.278820596099706,17.08800749063506,12.08304597359457,13.92838827718412,16.1245154965971,14.7648230602334,17.46424919657298,22.135943621178658,20.39607805437114,22.561028345356952,26.476404589747453,26.1725046566048,25.079872407968907,24.0,23.086792761230395,19.026297590440446,17.11724276862369,18.027756377319946,16.1245154965971,13.0,12.041594578792294,10.0,10.19803902718557,9.486832980505138,10.0,11.313708498984761,11.40175425099138,10.295630140987,12.08304597359457,14.7648230602334,14.560219778561038,16.55294535724685,14.7648230602334,12.529964086141668,12.649110640673518,12.649110640673518,11.40175425099138,11.180339887498949,13.0,15.03329637837291,15.03329637837291,16.0312195418814,17.26267650163207,18.110770276274835,17.26267650163207,19.0,16.55294535724685,18.027756377319946,14.0356688476182,17.029386365926403,13.038404810405298,1697990073.0054817
8.54400374531753,5.8309518948453,8.602325267042627,12.806248474865697,14.212670403551895,14.142135623730951,12.806248474865697,17.204650534085253,21.2602916254693,22.203603311174515,22.203603311174515,21.95449840010015,22.360679774997898,21.18962010041709,19.6468827043885,19.4164878389476,18.248287590894655,14.317821063276352,15.297058540778355,10.770329614269007,11.180339887498949,8.06225774829855,10.770329614269007,8.06225774829855,9.433981132056603,11.6619037896906,8.246211251235321,10.04987562112089,11.180339887498949,9.0,14.0,15.03329637837291,16.0312195418814,16.1245154965971,12.165525060596437,10.04987562112089,10.44030650891055,10.04987562112089,10.44030650891055,13.601470508735444,15.231546211727817,14.422205101855958,15.264337522473749,14.422205101855958,15.811388300841896,17.029386365926403,17.204650534085253,17.204650534085253,16.643316977093235,16.643316977093235,17.4928556845359,15.620499351813308,1697990073.0179915
7.211102550927979,15.03329637837291,15.03329637837291,13.038404810405298,17.46424919657298,20.024984394500787,12.806248474865697,20.8806130178211,19.924858845171276,22.203603311174515,19.697715603592208,24.186773244895647,23.3238075793812,22.825424421026653,23.021728866442675,22.47220505424423,19.209372712298546,19.209372712298546,14.866068747318504,13.038404810405298,11.313708498984761,10.770329614269007,13.152946437965904,11.180339887498949,9.055385138137417,11.6619037896906,11.6619037896906,13.601470508735444,13.601470508735444,12.206555615733702,14.866068747318504,16.278820596099706,14.212670403551895,17.08800749063506,11.40175425099138,12.529964086141668,10.44030650891055,13.0,12.529964086141668,19.0,14.560219778561038,16.55294535724685,14.317821063276352,17.11724276862369,18.439088914585778,17.720045146669353,18.681541692269406,16.76305461424021,18.439088914585778,17.720045146669353,17.26267650163207,14.0356688476182,1697990073.02699
9.0,8.246211251235321,13.601470508735444,13.92838827718412,13.152946437965904,13.0,18.027756377319946,19.924858845171276,18.439088914585778,19.4164878389476,21.023796041628636,23.086792761230395,22.02271554554524,22.360679774997898,20.09975124224178,21.213203435596427,16.15549442140351,15.297058540778355,12.649110640673518,13.341664064126334,12.165525060596437,11.180339887498949,9.055385138137417,7.0710678118654755,9.486832980505138,8.602325267042627,9.219544457292887,10.816653826391969,9.486832980505138,11.180339887498949,10.63014581273465,15.811388300841898,16.643316977093235,15.652475842498529,14.422205101855958,10.770329614269007,10.770329614269007,10.19803902718557,12.165525060596437,14.0356688476182,14.0356688476182,15.0,16.1245154965971,14.317821063276352,17.26267650163207,15.524174696260024,16.1245154965971,17.26267650163207,17.029386365926403,16.1245154965971,16.0312195418814,13.341664064126334,1697990073.0379922
12.041594578792296,12.206555615733702,15.652475842498529,16.643316977093235,17.4928556845359,16.643316977093235,19.4164878389476,20.248456731316587,22.203603311174515,21.93171219946131,24.758836806279895,26.1725046566048,25.0,23.60084744241189,23.853720883753127,23.853720883753127,21.470910553583888,18.788294228055936,17.88854381999832,16.1245154965971,12.529964086141668,13.038404810405298,9.219544457292887,10.0,10.295630140987,9.848857801796104,11.180339887498949,12.041594578792294,12.0,14.142135623730951,15.03329637837291,17.11724276862369,18.110770276274835,18.027756377319946,14.0356688476182,11.045361017187261,13.152946437965904,14.0,14.866068747318506,15.264337522473749,17.0,15.811388300841896,18.867962264113206,16.401219466856727,18.35755975068582,17.4928556845359,19.723082923316017,18.867962264113206,18.867962264113206,18.35755975068582,17.0,16.401219466856727,1697990073.0469902
4.47213595499958,5.0,11.704699910719626,12.041594578792294,13.152946437965904,16.1245154965971,15.03329637837291,20.09975124224178,19.235384061671347,17.46424919657298,20.615528128088304,21.587033144922902,21.540659228538015,21.540659228538015,20.12461179749811,20.591260281974,18.027756377319946,16.401219466856727,11.6619037896906,11.6619037896906,9.433981132056603,8.94427190999916,11.0,10.19803902718557,8.06225774829855,9.219544457292889,10.0,11.6619037896906,11.313708498984761,12.806248474865697,10.816653826391969,15.811388300841896,15.264337522473749,15.0,14.866068747318504,10.816653826391969,11.6619037896906,12.529964086141668,13.0,14.560219778561038,14.866068747318506,16.278820596099706,17.26267650163207,17.029386365926403,18.110770276274835,17.11724276862369,18.248287590894655,18.248287590894655,16.1245154965971,16.0,17.11724276862369,15.0,1697990073.0569894
7.280109889280519,8.246211251235321,13.892443989449806,15.231546211727817,17.0,14.560219778561038,20.8806130178211,22.825424421026653,21.02379604162864,21.633307652783937,21.633307652783937,24.413111231467404,25.455844122715714,24.758836806279895,22.627416997969522,22.022715545545243,18.60107523773827,17.804493814764854,15.0,14.422205101855958,11.313708498984761,12.041594578792296,7.280109889280519,12.08304597359457,10.295630140987,11.180339887498949,14.0356688476182,12.041594578792294,15.297058540778355,13.892443989449806,16.492422502470642,19.723082923316017,18.973665961010276,18.248287590894655,16.492422502470642,13.152946437965904,12.649110640673518,13.038404810405298,15.811388300841896,17.029386365926403,17.029386365926403,16.278820596099706,19.1049731745428,18.439088914585774,19.1049731745428,17.804493814764854,19.1049731745428,19.849433241279208,19.1049731745428,18.439088914585774,17.69180601295413,16.401219466856727,1697990073.065991
8.54400374531753,13.892443989449806,10.0,17.720045146669353,15.652475842498529,13.601470508735444,17.4928556845359,15.811388300841896,21.02379604162864,21.18962010041709,21.840329667841555,23.53720459187964,24.331050121192874,22.090722034374522,22.0,24.020824298928627,20.09975124224178,18.248287590894655,14.0356688476182,13.038404810405298,13.0,12.041594578792294,11.0,9.219544457292889,11.180339887498949,8.602325267042627,10.0,11.40175425099138,13.038404810405298,13.416407864998739,12.08304597359457,15.231546211727817,16.643316977093235,15.264337522473749,16.643316977093235,12.529964086141668,10.770329614269007,13.341664064126334,13.152946437965904,13.0,13.341664064126334,15.03329637837291,17.029386365926403,16.278820596099706,18.110770276274835,16.0312195418814,18.0,17.0,18.0,15.03329637837291,15.0,14.142135623730951,1697990073.0749948
15.652475842498529,15.811388300841896,9.899494936611665,19.235384061671343,15.264337522473749,16.401219466856727,21.02379604162864,19.723082923316017,21.95449840010015,22.360679774997898,23.769728648009426,26.570660511172843,25.0,25.96150997149434,24.515301344262525,24.331050121192874,22.02271554554524,18.0,17.11724276862369,13.0,13.152946437965904,12.36931687685298,10.770329614269007,9.486832980505138,10.0,10.63014581273465,11.180339887498949,10.44030650891055,12.649110640673518,12.165525060596437,14.142135623730951,16.492422502470642,15.297058540778355,15.297058540778355,15.524174696260024,13.341664064126334,11.0,11.0,11.0,15.524174696260024,15.811388300841898,15.811388300841898,18.788294228055936,15.264337522473749,17.0,16.55294535724685,18.38477631085024,18.788294228055936,17.88854381999832,17.08800749063506,15.264337522473749,13.416407864998739,1697990073.0859897
16.55294535724685,7.0710678118654755,13.92838827718412,19.235384061671343,15.0,17.11724276862369,13.038404810405298,19.723082923316017,21.095023109728984,22.20360331117452,24.186773244895647,20.39607805437114,22.472205054244235,22.472205054244235,23.259406699226012,20.6155281280883,18.38477631085024,17.46424919657298,16.643316977093235,14.142135623730951,14.422205101855958,12.36931687685298,10.770329614269007,7.810249675906654,8.246211251235321,9.848857801796104,7.810249675906654,11.6619037896906,11.313708498984761,14.422205101855958,13.601470508735444,17.204650534085253,16.970562748477143,14.212670403551895,15.556349186104047,11.40175425099138,12.529964086141668,11.6619037896906,13.601470508735444,13.892443989449806,14.317821063276352,16.1245154965971,19.4164878389476,19.1049731745428,18.439088914585778,17.029386365926403,20.09975124224178,18.248287590894655,18.110770276274835,18.027756377319946,16.0312195418814,15.0,1697990073.0949924
11.6619037896906,8.0,15.132745950421555,17.720045146669353,15.03329637837291,17.11724276862369,20.39607805437114,19.924858845171276,21.840329667841555,24.041630560342615,25.63201123595259,27.313000567495326,25.059928172283335,22.825424421026653,23.3238075793812,24.69817807045694,20.0,19.79898987322333,18.439088914585774,14.866068747318504,13.453624047073712,12.529964086141668,13.038404810405298,12.08304597359457,11.180339887498949,10.0,10.19803902718557,12.08304597359457,13.416407864998739,13.601470508735444,13.416407864998739,19.4164878389476,17.4928556845359,17.0,17.88854381999832,15.652475842498529,13.601470508735444,13.453624047073712,14.866068747318504,14.422205101855958,15.811388300841896,15.652475842498529,18.35755975068582,17.88854381999832,17.88854381999832,18.35755975068582,19.235384061671343,18.867962264113206,20.12461179749811,17.88854381999832,18.35755975068582,16.15549442140351,1697990073.1039991
8.54400374531753,4.123105625617661,11.40175425099138,16.15549442140351,16.278820596099706,13.892443989449806,19.235384061671343,19.313207915827967,18.027756377319946,22.20360331117452,19.697715603592208,22.847319317591726,21.095023109728988,20.808652046684813,20.0,21.93171219946131,17.029386365926403,16.278820596099706,13.601470508735444,12.041594578792296,10.63014581273465,10.63014581273465,10.0,10.770329614269007,10.0,9.055385138137417,11.180339887498949,11.704699910719626,15.297058540778355,10.44030650891055,12.08304597359457,13.0,15.811388300841898,13.92838827718412,12.08304597359457,12.08304597359457,11.313708498984761,11.313708498984761,14.866068747318504,11.40175425099138,13.453624047073712,13.601470508735444,15.0,17.88854381999832,15.811388300841896,15.264337522473749,15.264337522473749,14.212670403551895,17.204650534085253,15.0,12.806248474865697,13.601470508735444,1697990073.1235151
8.0,11.0,8.602325267042627,15.264337522473749,19.313207915827967,16.15549442140351,18.35755975068582,18.38477631085024,20.6155281280883,20.6155281280883,22.561028345356952,25.63201123595259,21.587033144922902,22.090722034374522,21.095023109728984,22.0,20.0,16.0,20.223748416156685,12.165525060596437,9.055385138137417,10.63014581273465,10.19803902718557,9.219544457292889,10.63014581273465,7.211102550927979,10.295630140987,15.231546211727817,11.704699910719626,12.165525060596437,13.0,16.492422502470642,20.248456731316587,15.811388300841898,13.601470508735444,11.704699910719626,11.313708498984761,10.04987562112089,15.03329637837291,13.92838827718412,14.317821063276352,14.560219778561038,16.76305461424021,14.866068747318506,15.811388300841898,15.811388300841898,17.720045146669353,15.811388300841898,17.08800749063506,16.55294535724685,15.811388300841898,14.317821063276352,1697990073.1335151
8.06225774829855,7.211102550927979,14.7648230602334,17.69180601295413,14.212670403551895,18.38477631085024,16.643316977093235,21.93171219946131,19.209372712298546,20.591260281974,25.0,24.69817807045694,23.706539182259394,21.02379604162864,22.135943621178658,24.041630560342615,20.615528128088304,19.6468827043885,16.0312195418814,13.152946437965904,10.770329614269007,10.19803902718557,9.486832980505138,8.94427190999916,10.63014581273465,10.0,10.44030650891055,12.36931687685298,14.0356688476182,11.045361017187261,13.601470508735444,17.11724276862369,14.142135623730951,15.03329637837291,14.317821063276352,12.649110640673518,13.038404810405298,12.041594578792294,15.297058540778355,15.297058540778355,13.601470508735444,16.76305461424021,15.811388300841898,15.652475842498529,17.46424919657298,15.652475842498529,20.248456731316587,16.401219466856727,20.0,15.0,16.55294535724685,16.1245154965971,1697990073.154516
9.848857801796104,10.19803902718557,14.0,14.142135623730951,16.278820596099706,15.03329637837291,18.110770276274835,19.4164878389476,19.209372712298546,20.591260281974,17.46424919657298,19.313207915827967,24.596747752497688,22.47220505424423,22.203603311174515,24.413111231467404,18.439088914585774,17.69180601295413,13.453624047073712,13.453624047073712,11.313708498984761,10.816653826391969,10.0,8.54400374531753,9.0,8.06225774829855,8.246211251235321,10.770329614269007,11.704699910719626,12.08304597359457,12.529964086141668,14.866068747318506,16.15549442140351,16.15549442140351,14.560219778561038,12.649110640673518,10.295630140987,12.206555615733702,12.206555615733702,12.806248474865697,14.866068747318504,14.866068747318504,17.69180601295413,16.401219466856727,17.029386365926403,17.029386365926403,17.69180601295413,16.970562748477143,18.38477631085024,16.970562748477143,16.278820596099706,14.212670403551895,1697990073.1635149
12.165525060596437,11.40175425099138,12.041594578792296,15.264337522473749,14.422205101855958,13.416407864998739,18.788294228055936,22.825424421026653,20.12461179749811,20.6155281280883,20.248456731316587,21.840329667841555,23.769728648009423,22.360679774997898,21.213203435596427,21.095023109728984,19.026297590440446,17.0,15.132745950421555,14.142135623730951,12.0,10.19803902718557,10.19803902718557,8.06225774829855,6.4031242374328485,8.485281374238571,9.433981132056603,11.6619037896906,10.770329614269007,10.44030650891055,13.0,15.524174696260024,15.231546211727817,14.866068747318506,13.92838827718412,12.08304597359457,11.180339887498949,13.038404810405298,13.038404810405298,15.0,14.0,14.317821063276352,16.278820596099706,15.297058540778355,16.492422502470642,16.492422502470642,16.278820596099706,17.26267650163207,17.26267650163207,16.492422502470642,15.297058540778355,14.560219778561038,1697990073.1725342
12.041594578792294,15.652475842498529,16.1245154965971,16.1245154965971,17.88854381999832,17.0,19.313207915827967,21.95449840010015,23.40939982143925,23.08679276123039,25.96150997149434,26.92582403567252,25.179356624028344,27.16615541441225,25.01999200639361,28.160255680657446,24.083189157584588,21.587033144922902,15.524174696260024,16.492422502470642,14.142135623730951,14.0,11.045361017187261,10.19803902718557,12.649110640673518,10.816653826391969,10.63014581273465,12.727922061357857,15.0,15.811388300841896,14.422205101855958,17.4928556845359,17.204650534085253,19.723082923316017,18.35755975068582,12.529964086141668,10.44030650891055,13.341664064126334,15.524174696260024,13.0,15.03329637837291,16.0312195418814,18.0,16.0312195418814,18.027756377319946,17.0,18.027756377319946,19.1049731745428,20.024984394500787,17.11724276862369,18.027756377319946,17.029386365926403,1697990073.1865137
14.142135623730951,12.806248474865697,13.453624047073712,17.204650534085253,14.142135623730951,14.866068747318504,20.518284528683193,18.439088914585774,21.213203435596427,21.400934559032695,22.203603311174515,26.400757564888174,23.706539182259394,23.259406699226012,21.931712199461305,23.769728648009426,20.248456731316587,18.439088914585778,17.26267650163207,14.317821063276352,12.08304597359457,11.180339887498949,9.848857801796104,8.602325267042627,11.313708498984761,8.94427190999916,10.44030650891055,11.180339887498949,13.0,15.03329637837291,13.601470508735444,16.1245154965971,18.027756377319946,17.11724276862369,18.027756377319946,14.142135623730951,13.038404810405298,13.038404810405298,14.560219778561038,15.811388300841898,15.811388300841898,16.55294535724685,19.697715603592208,17.4928556845359,17.4928556845359,17.4928556845359,18.788294228055936,18.35755975068582,18.788294228055936,19.235384061671343,17.46424919657298,16.1245154965971,1697990073.2015245
8.602325267042627,14.866068747318506,13.453624047073712,16.76305461424021,18.38477631085024,15.652475842498529,19.4164878389476,21.02379604162864,21.470910553583888,23.259406699226012,17.4928556845359,27.29468812791236,25.96150997149434,25.709920264364882,25.317977802344327,25.317977802344327,22.090722034374522,20.0,19.0,16.0,14.142135623730951,13.152946437965904,11.180339887498949,9.848857801796104,10.816653826391969,11.313708498984761,12.206555615733702,12.08304597359457,13.0,13.601470508735444,14.560219778561038,16.492422502470642,17.08800749063506,15.811388300841898,15.811388300841898,13.92838827718412,12.165525060596437,13.038404810405298,14.0356688476182,15.297058540778355,15.132745950421555,16.492422502470642,17.720045146669353,17.08800749063506,18.027756377319946,18.027756377319946,18.973665961010276,18.973665961010276,18.973665961010276,18.38477631085024,18.027756377319946,15.652475842498529,1697990073.2105217
11.180339887498949,12.041594578792294,14.0356688476182,15.297058540778355,20.09975124224178,16.1245154965971,22.561028345356952,18.110770276274835,22.02271554554524,23.021728866442675,24.083189157584588,26.1725046566048,25.709920264364882,23.769728648009423,23.40939982143925,23.769728648009426,21.02379604162864,18.788294228055936,17.88854381999832,14.7648230602334,13.0,13.341664064126334,10.44030650891055,10.0,10.04987562112089,11.704699910719626,11.704699910719626,12.529964086141668,10.63014581273465,12.806248474865697,17.69180601295413,19.209372712298546,19.209372712298546,17.69180601295413,16.1245154965971,16.643316977093235,12.206555615733702,15.811388300841896,13.038404810405298,13.416407864998739,16.1245154965971,16.55294535724685,18.38477631085024,18.973665961010276,19.313207915827967,17.720045146669353,18.788294228055936,19.1049731745428,18.973665961010276,18.35755975068582,20.6155281280883,15.811388300841898,1697990073.227698
7.0710678118654755,4.123105625617661,10.19803902718557,16.1245154965971,14.866068747318506,14.317821063276352,13.92838827718412,17.46424919657298,19.6468827043885,20.615528128088304,21.587033144922902,23.194827009486403,22.02271554554524,22.02271554554524,21.023796041628636,21.095023109728984,18.248287590894655,18.439088914585778,15.297058540778355,13.341664064126334,10.04987562112089,11.045361017187261,10.04987562112089,9.219544457292889,8.94427190999916,8.602325267042627,10.63014581273465,9.848857801796104,12.206555615733702,14.422205101855958,13.892443989449806,13.416407864998739,13.416407864998739,15.811388300841896,13.92838827718412,16.492422502470642,12.08304597359457,11.180339887498949,13.152946437965904,14.0356688476182,16.0,14.0,18.0,17.46424919657298,18.027756377319946,18.439088914585778,19.026297590440446,17.0,16.0312195418814,16.0312195418814,17.029386365926403,17.0,1697990073.2376842
9.0,8.54400374531753,14.212670403551895,16.401219466856727,16.278820596099706,15.811388300841896,16.643316977093235,17.0,21.400934559032695,17.69180601295413,23.60084744241189,25.495097567963924,24.08318915758459,25.0,22.47220505424423,25.059928172283335,20.12461179749811,18.38477631085024,16.55294535724685,14.317821063276352,13.416407864998739,11.180339887498949,9.219544457292887,10.63014581273465,12.041594578792296,10.770329614269007,12.165525060596437,12.165525060596437,13.038404810405298,14.0356688476182,16.0,16.0,17.11724276862369,15.0,16.1245154965971,14.0,12.0,13.341664064126334,13.92838827718412,16.55294535724685,16.15549442140351,15.231546211727817,17.4928556845359,17.0,18.027756377319946,16.643316977093235,17.88854381999832,17.0,17.4928556845359,18.027756377319946,18.35755975068582,13.453624047073712,1697990073.2466762
9.055385138137417,13.0,17.0,17.720045146669353,15.524174696260024,17.08800749063506,16.15549442140351,21.213203435596427,21.213203435596427,22.0,24.186773244895647,25.179356624028344,25.079872407968907,23.194827009486403,22.360679774997898,24.331050121192874,20.615528128088304,20.248456731316587,15.811388300841898,13.92838827718412,13.601470508735444,11.180339887498949,11.180339887498949,11.0,10.19803902718557,10.770329614269007,10.816653826391969,11.40175425099138,12.727922061357857,14.212670403551895,14.142135623730951,16.278820596099706,17.69180601295413,16.278820596099706,15.556349186104047,12.727922061357857,12.206555615733702,12.206555615733702,12.08304597359457,13.341664064126334,13.92838827718412,15.297058540778355,16.278820596099706,16.0312195418814,17.26267650163207,16.1245154965971,18.681541692269406,17.720045146669353,18.439088914585778,17.11724276862369,16.76305461424021,15.132745950421555,1697990073.2595556
9.219544457292889,9.055385138137417,13.152946437965904,15.03329637837291,14.0,15.132745950421555,18.0,19.1049731745428,20.0,20.024984394500787,21.023796041628636,23.345235059857504,24.186773244895647,25.0,19.924858845171276,22.472205054244235,20.591260281974,16.55294535724685,15.264337522473749,13.601470508735444,13.416407864998739,13.152946437965904,10.770329614269007,9.848857801796104,11.045361017187261,11.704699910719626,11.6619037896906,10.770329614269007,11.313708498984761,11.313708498984761,12.206555615733702,17.804493814764854,17.804493814764854,14.142135623730951,17.4928556845359,12.806248474865697,11.40175425099138,11.40175425099138,10.0,13.92838827718412,13.416407864998739,14.7648230602334,17.08800749063506,16.492422502470642,15.811388300841898,16.76305461424021,16.55294535724685,15.297058540778355,18.439088914585778,15.811388300841898,16.1245154965971,15.132745950421555,1697990073.2780592
10.0,14.422205101855958,11.180339887498949,17.204650534085253,16.401219466856727,16.401219466856727,15.556349186104047,17.204650534085253,21.095023109728988,21.633307652783937,25.553864678361276,24.69817807045694,23.769728648009426,24.16609194718914,23.769728648009426,23.769728648009423,22.135943621178658,19.0,17.26267650163207,14.0,11.0,13.152946437965904,10.295630140987,11.180339887498949,10.63014581273465,10.0,9.486832980505138,10.770329614269007,14.317821063276352,15.524174696260024,18.110770276274835,14.317821063276352,19.6468827043885,16.492422502470642,14.560219778561038,12.165525060596437,15.297058540778355,12.0,13.038404810405298,14.0,16.0,16.76305461424021,17.26267650163207,16.76305461424021,15.297058540778355,16.278820596099706,18.248287590894655,15.03329637837291,15.03329637837291,18.110770276274835,16.278820596099706,14.866068747318506,1697990073.2880483
12.529964086141668,12.36931687685298,13.152946437965904,15.811388300841898,17.720045146669353,13.152946437965904,19.0,18.439088914585778,20.39607805437114,24.73863375370596,23.08679276123039,25.0,22.825424421026653,20.808652046684813,22.022715545545243,21.633307652783937,21.400934559032695,18.439088914585774,15.620499351813308,16.278820596099706,12.806248474865697,14.422205101855958,13.416407864998739,7.0710678118654755,13.341664064126334,10.04987562112089,12.041594578792294,12.165525060596437,10.19803902718557,11.40175425099138,13.416407864998739,17.0,15.811388300841898,15.231546211727817,15.652475842498529,16.1245154965971,13.892443989449806,11.6619037896906,13.453624047073712,13.453624047073712,16.278820596099706,13.038404810405298,14.866068747318504,15.620499351813308,17.204650534085253,15.652475842498529,21.213203435596427,14.142135623730951,18.439088914585774,17.69180601295413,18.867962264113206,15.264337522473749,1697990073.2960448
10.19803902718557,13.038404810405298,16.492422502470642,10.04987562112089,18.681541692269406,14.560219778561038,21.840329667841555,19.924858845171276,21.213203435596427,21.023796041628636,22.090722034374522,24.0,22.090722034374522,24.515301344262525,24.331050121192874,22.80350850198276,19.924858845171276,19.313207915827967,16.15549442140351,14.560219778561038,12.649110640673518,12.165525060596437,9.0,10.04987562112089,8.246211251235321,10.44030650891055,9.848857801796104,12.529964086141668,12.806248474865697,14.422205101855958,13.038404810405298,16.643316977093235,15.556349186104047,15.620499351813308,14.866068747318504,12.206555615733702,11.6619037896906,12.36931687685298,13.92838827718412,13.601470508735444,15.03329637837291,14.142135623730951,17.029386365926403,16.0,16.0312195418814,16.1245154965971,18.0,17.0,19.026297590440446,17.0,18.0,14.0,1697990073.307051
12.041594578792296,10.770329614269007,15.811388300841898,17.46424919657298,18.38477631085024,15.811388300841898,19.313207915827967,20.248456731316587,21.95449840010015,24.186773244895647,25.80697580112788,27.80287754891569,25.455844122715714,24.041630560342618,24.08318915758459,24.839484696748443,21.633307652783937,20.248456731316587,17.4928556845359,14.422205101855958,13.601470508735444,14.142135623730951,11.313708498984761,11.6619037896906,11.180339887498949,11.40175425099138,13.038404810405298,12.0,15.132745950421555,15.297058540778355,15.132745950421555,18.248287590894655,19.235384061671347,17.11724276862369,18.248287590894655,15.132745950421555,13.601470508735444,13.416407864998739,13.892443989449806,16.643316977093235,18.027756377319946,18.027756377319946,18.439088914585774,18.439088914585774,19.849433241279208,19.1049731745428,20.0,20.0,19.026297590440446,18.38477631085024,18.027756377319946,17.69180601295413,1697990073.3198917
10.0,12.041594578792294,14.142135623730951,14.0,19.235384061671347,14.0356688476182,15.811388300841898,16.0312195418814,18.110770276274835,21.095023109728984,23.086792761230395,24.186773244895647,26.476404589747453,25.495097567963924,20.39607805437114,20.248456731316587,16.55294535724685,16.15549442140351,14.866068747318504,12.08304597359457,13.0,12.36931687685298,11.180339887498949,10.44030650891055,11.704699910719626,8.06225774829855,13.038404810405298,14.317821063276352,12.649110640673518,13.453624047073712,13.92838827718412,12.806248474865697,17.0,15.652475842498529,17.0,13.038404810405298,9.219544457292887,11.40175425099138,14.212670403551895,15.811388300841898,14.7648230602334,13.038404810405298,18.867962264113206,16.1245154965971,16.643316977093235,15.652475842498529,16.643316977093235,18.027756377319946,18.027756377319946,15.811388300841896,17.804493814764854,14.422205101855958,1697990073.3341064
15.811388300841896,10.816653826391969,14.142135623730951,17.46424919657298,14.7648230602334,18.681541692269406,13.892443989449806,19.697715603592208,20.248456731316587,21.470910553583888,22.47220505424423,25.553864678361276,26.1725046566048,25.80697580112788,19.1049731745428,23.430749027719962,22.203603311174515,22.022715545545243,19.209372712298546,16.643316977093235,15.811388300841896,14.212670403551895,12.727922061357857,10.0,11.704699910719626,11.704699910719626,11.0,13.038404810405298,15.132745950421555,13.0,14.142135623730951,16.76305461424021,15.03329637837291,15.03329637837291,15.0,12.0,13.152946437965904,12.36931687685298,13.038404810405298,15.0,14.7648230602334,15.264337522473749,17.4928556845359,16.401219466856727,17.204650534085253,17.204650534085253,18.027756377319946,19.235384061671343,19.723082923316017,17.204650534085253,16.1245154965971,14.422205101855958,1697990073.3441155
11.180339887498949,8.54400374531753,14.142135623730951,16.1245154965971,15.231546211727817,13.0,15.0,16.643316977093235,18.681541692269406,20.6155281280883,24.351591323771842,26.248809496813376,24.73863375370596,23.53720459187964,22.360679774997898,21.095023109728984,19.0,17.0,18.110770276274835,15.132745950421555,14.0356688476182,13.038404810405298,11.045361017187261,9.486832980505138,10.816653826391969,9.219544457292887,12.041594578792296,11.313708498984761,11.40175425099138,13.601470508735444,12.08304597359457,16.1245154965971,16.643316977093235,15.03329637837291,15.264337522473749,14.212670403551895,9.486832980505138,11.180339887498949,12.165525060596437,14.142135623730951,16.0312195418814,17.029386365926403,16.1245154965971,15.297058540778355,17.11724276862369,17.029386365926403,18.027756377319946,19.026297590440446,18.027756377319946,17.26267650163207,15.132745950421555,13.341664064126334,1697990073.352114
8.94427190999916,11.313708498984761,13.453624047073712,14.866068747318504,14.142135623730951,15.620499351813308,17.69180601295413,17.029386365926403,19.849433241279208,22.203603311174515,21.2602916254693,24.186773244895647,23.259406699226012,22.847319317591726,22.472205054244235,22.135943621178658,18.973665961010276,18.973665961010276,16.76305461424021,13.92838827718412,15.811388300841898,12.529964086141668,9.219544457292887,7.810249675906654,10.63014581273465,10.0,11.704699910719626,11.40175425099138,12.165525060596437,13.038404810405298,13.152946437965904,15.132745950421555,15.03329637837291,14.560219778561038,18.681541692269406,14.7648230602334,11.40175425099138,10.04987562112089,14.560219778561038,14.560219778561038,14.560219778561038,15.811388300841898,17.08800749063506,16.15549442140351,17.46424919657298,17.46424919657298,18.027756377319946,18.38477631085024,19.313207915827967,17.46424919657298,16.76305461424021,15.652475842498529,1697990073.3611164
11.40175425099138,9.219544457292887,16.15549442140351,17.0,15.231546211727817,18.35755975068582,19.924858845171276,18.788294228055936,22.847319317591726,22.360679774997898,24.186773244895647,26.627053911388693,26.400757564888174,24.839484696748443,24.08318915758459,24.758836806279895,22.671568097509265,19.1049731745428,17.804493814764854,15.620499351813308,14.866068747318504,13.601470508735444,12.806248474865697,12.206555615733702,11.40175425099138,10.44030650891055,11.0,12.165525060596437,13.601470508735444,13.92838827718412,14.317821063276352,15.652475842498529,18.439088914585778,14.866068747318506,18.248287590894655,12.649110640673518,12.08304597359457,11.180339887498949,12.806248474865697,15.620499351813308,15.556349186104047,17.029386365926403,18.60107523773827,17.204650534085253,18.60107523773827,18.027756377319946,19.4164878389476,18.60107523773827,19.4164878389476,18.60107523773827,17.804493814764854,16.643316977093235,1697990073.3691142
10.816653826391969,15.0,9.219544457292887,16.15549442140351,13.601470508735444,14.422205101855958,15.264337522473749,19.4164878389476,19.235384061671343,20.12461179749811,21.02379604162864,23.769728648009426,23.08679276123039,22.80350850198276,21.377558326431952,21.213203435596427,20.09975124224178,17.029386365926403,15.03329637837291,14.0356688476182,12.041594578792294,10.19803902718557,10.44030650891055,9.433981132056603,9.899494936611665,9.219544457292887,10.295630140987,11.180339887498949,11.704699910719626,12.36931687685298,14.0356688476182,16.492422502470642,15.297058540778355,14.0356688476182,17.46424919657298,12.08304597359457,12.08304597359457,11.045361017187261,11.045361017187261,15.620499351813308,14.0356688476182,16.492422502470642,16.55294535724685,17.08800749063506,17.46424919657298,18.027756377319946,19.313207915827967,18.027756377319946,17.08800749063506,20.615528128088304,17.08800749063506,15.652475842498529,1697990073.381776
10.63014581273465,10.295630140987,14.142135623730951,16.643316977093235,17.204650534085253,16.401219466856727,14.866068747318504,18.027756377319946,21.095023109728988,21.2602916254693,23.3452350598575,24.758836806279895,23.430749027719962,22.80350850198276,21.633307652783937,23.021728866442675,19.235384061671343,17.88854381999832,16.55294535724685,14.7648230602334,13.038404810405298,12.206555615733702,11.40175425099138,10.63014581273465,10.816653826391969,10.295630140987,12.36931687685298,12.165525060596437,13.038404810405298,13.0,15.0,17.0,18.110770276274835,16.1245154965971,16.1245154965971,14.142135623730951,13.0,13.038404810405298,13.341664064126334,14.866068747318506,15.811388300841898,16.55294535724685,17.46424919657298,16.55294535724685,17.88854381999832,17.88854381999832,18.38477631085024,18.38477631085024,18.027756377319946,17.46424919657298,17.08800749063506,15.264337522473749,1697990073.3907769
13.0,11.40175425099138,14.560219778561038,14.317821063276352,16.492422502470642,16.492422502470642,17.11724276862369,19.1049731745428,18.681541692269406,22.80350850198276,20.8806130178211,24.698178070456937,24.596747752497688,21.400934559032695,20.248456731316587,23.853720883753127,19.1049731745428,19.209372712298546,15.620499351813308,15.620499351813308,13.038404810405298,13.892443989449806,11.180339887498949,10.44030650891055,11.180339887498949,11.045361017187261,10.44030650891055,13.92838827718412,9.055385138137417,14.7648230602334,15.231546211727817,17.88854381999832,19.697715603592208,17.08800749063506,14.7648230602334,15.652475842498529,13.601470508735444,12.806248474865697,11.40175425099138,15.0,14.142135623730951,16.401219466856727,18.867962264113206,17.0,20.248456731316587,18.35755975068582,19.4164878389476,18.867962264113206,20.615528128088304,18.35755975068582,19.209372712298546,18.027756377319946,1697990073.402125
11.40175425099138,10.63014581273465,14.212670403551895,13.453624047073712,14.317821063276352,17.4928556845359,16.15549442140351,16.15549442140351,18.867962264113206,20.591260281974,23.021728866442675,24.839484696748443,22.80350850198276,22.671568097509265,23.3452350598575,23.60084744241189,20.808652046684813,18.027756377319946,16.643316977093235,14.7648230602334,13.416407864998739,11.40175425099138,9.433981132056603,9.433981132056603,9.433981132056603,8.06225774829855,14.0356688476182,11.704699910719626,13.152946437965904,12.0,15.132745950421555,14.317821063276352,16.1245154965971,14.142135623730951,14.0,14.0356688476182,12.36931687685298,14.560219778561038,11.704699910719626,13.601470508735444,14.212670403551895,15.811388300841896,16.401219466856727,16.970562748477143,17.804493814764854,17.029386365926403,17.204650534085253,17.804493814764854,17.69180601295413,17.029386365926403,17.204650534085253,15.620499351813308,1697990073.4116917
14.866068747318506,13.892443989449806,21.2602916254693,17.804493814764854,14.866068747318504,19.209372712298546,18.027756377319946,21.2602916254693,21.213203435596427,24.08318915758459,25.0,26.076809620810597,25.059928172283335,23.259406699226012,22.360679774997898,25.495097567963924,20.615528128088304,20.39607805437114,18.248287590894655,16.492422502470642,10.04987562112089,14.317821063276352,10.04987562112089,10.295630140987,9.433981132056603,8.485281374238571,12.727922061357857,11.6619037896906,15.811388300841898,14.142135623730951,14.317821063276352,15.524174696260024,18.38477631085024,17.46424919657298,18.973665961010276,15.264337522473749,13.038404810405298,15.524174696260024,17.0,15.03329637837291,17.0,17.11724276862369,20.223748416156685,18.439088914585778,19.4164878389476,18.110770276274835,20.09975124224178,19.026297590440446,20.09975124224178,19.1049731745428,19.0,16.1245154965971,1697990073.4270837
11.313708498984761,11.40175425099138,13.601470508735444,16.401219466856727,15.0,16.1245154965971,17.4928556845359,19.723082923316017,19.4164878389476,21.633307652783937,25.455844122715714,24.758836806279895,21.93171219946131,22.80350850198276,21.400934559032695,22.47220505424423,19.235384061671343,17.0,16.1245154965971,13.92838827718412,12.529964086141668,10.63014581273465,12.727922061357857,9.219544457292887,11.180339887498949,10.19803902718557,10.19803902718557,12.0,10.04987562112089,14.0356688476182,15.03329637837291,16.1245154965971,17.11724276862369,17.029386365926403,15.132745950421555,15.132745950421555,14.560219778561038,10.295630140987,15.264337522473749,13.892443989449806,16.643316977093235,17.46424919657298,17.204650534085253,18.027756377319946,19.4164878389476,18.867962264113206,18.867962264113206,18.35755975068582,18.867962264113206,18.027756377319946,17.4928556845359,16.643316977093235,1697990073.4350843
13.453624047073712,10.816653826391969,17.08800749063506,14.422205101855958,13.601470508735444,13.892443989449806,18.027756377319946,18.867962264113206,20.0,20.808652046684813,24.839484696748443,21.2602916254693,24.758836806279895,22.80350850198276,18.867962264113206,20.591260281974,19.697715603592208,17.46424919657298,17.08800749063506,14.317821063276352,12.529964086141668,11.6619037896906,11.40175425099138,9.899494936611665,10.295630140987,10.816653826391969,10.19803902718557,12.0,15.03329637837291,12.649110640673518,13.0,17.029386365926403,18.027756377319946,17.0,16.0312195418814,14.0,13.038404810405298,13.0,13.601470508735444,17.46424919657298,16.0312195418814,17.46424919657298,21.470910553583888,17.08800749063506,19.723082923316017,18.38477631085024,19.697715603592208,18.788294228055936,19.235384061671343,19.723082923316017,18.38477631085024,17.0,1697990073.44516
9.055385138137417,14.0,12.165525060596437,16.278820596099706,15.297058540778355,13.892443989449806,21.377558326431952,23.194827009486403,18.110770276274835,20.223748416156685,23.769728648009423,26.92582403567252,25.298221281347036,26.0,23.706539182259394,24.186773244895647,20.248456731316587,18.60107523773827,16.401219466856727,15.0,13.038404810405298,11.6619037896906,12.08304597359457,10.44030650891055,11.045361017187261,10.0,11.180339887498949,11.704699910719626,13.0,14.7648230602334,14.7648230602334,17.46424919657298,17.46424919657298,17.08800749063506,17.46424919657298,14.866068747318506,13.416407864998739,15.0,13.601470508735444,16.970562748477143,17.029386365926403,17.029386365926403,20.0,18.439088914585774,18.60107523773827,19.209372712298546,20.518284528683193,19.4164878389476,19.1049731745428,18.35755975068582,20.615528128088304,18.60107523773827,1697990073.453169
11.0,12.165525060596437,16.1245154965971,15.652475842498529,16.15549442140351,17.08800749063506,20.6155281280883,15.264337522473749,19.924858845171276,22.135943621178658,22.135943621178658,21.377558326431952,25.079872407968907,23.021728866442675,26.076809620810597,23.086792761230395,19.235384061671347,20.39607805437114,16.1245154965971,15.811388300841898,16.1245154965971,11.6619037896906,12.041594578792294,10.04987562112089,10.44030650891055,8.54400374531753,6.4031242374328485,10.0,12.529964086141668,15.652475842498529,12.727922061357857,16.643316977093235,17.204650534085253,15.556349186104047,16.278820596099706,17.804493814764854,9.848857801796104,11.40175425099138,13.416407864998739,17.08800749063506,15.524174696260024,16.278820596099706,17.46424919657298,16.492422502470642,18.110770276274835,18.681541692269406,17.08800749063506,15.524174696260024,18.027756377319946,15.811388300841898,17.720045146669353,17.11724276862369,1697990073.4621673
16.76305461424021,11.180339887498949,14.0356688476182,13.038404810405298,14.0356688476182,16.278820596099706,13.038404810405298,19.4164878389476,19.026297590440446,23.345235059857504,21.587033144922902,24.041630560342615,21.540659228538015,21.931712199461305,21.470910553583888,22.825424421026653,20.248456731316587,17.804493814764854,15.0,13.038404810405298,13.0,11.180339887498949,9.848857801796104,8.246211251235321,10.04987562112089,9.055385138137417,10.44030650891055,11.6619037896906,12.529964086141668,12.041594578792296,13.892443989449806,13.601470508735444,15.811388300841896,15.264337522473749,15.264337522473749,13.892443989449806,12.041594578792296,12.806248474865697,12.806248474865697,13.892443989449806,17.0,14.317821063276352,16.55294535724685,16.492422502470642,17.46424919657298,17.08800749063506,18.38477631085024,17.08800749063506,20.248456731316587,18.38477631085024,18.788294228055936,15.811388300841898,1697990073.4701674
9.848857801796104,10.19803902718557,13.152946437965904,13.341664064126334,14.317821063276352,14.0356688476182,16.0312195418814,18.110770276274835,19.235384061671347,20.615528128088304,20.8806130178211,23.769728648009423,19.313207915827967,23.706539182259394,20.248456731316587,21.400934559032695,19.209372712298546,16.643316977093235,14.866068747318504,12.806248474865697,10.295630140987,10.0,10.816653826391969,9.219544457292889,9.219544457292889,11.0,11.704699910719626,11.6619037896906,13.0,15.556349186104047,13.038404810405298,17.4928556845359,16.15549442140351,15.231546211727817,16.15549442140351,13.038404810405298,13.601470508735444,14.422205101855958,12.806248474865697,14.142135623730951,17.029386365926403,15.620499351813308,17.204650534085253,17.4928556845359,18.027756377319946,18.35755975068582,18.60107523773827,18.60107523773827,19.4164878389476,18.60107523773827,17.029386365926403,16.643316977093235,1697990073.485681
8.485281374238571,10.295630140987,15.264337522473749,15.811388300841896,15.0,15.620499351813308,18.60107523773827,20.0,20.808652046684813,22.022715545545243,21.93171219946131,24.207436873820413,23.430749027719962,22.47220505424423,21.470910553583888,24.186773244895647,18.788294228055936,19.313207915827967,16.55294535724685,13.92838827718412,13.0,13.416407864998739,12.206555615733702,9.219544457292889,9.219544457292889,10.816653826391969,12.649110640673518,12.165525060596437,12.0,15.0,15.132745950421555,17.11724276862369,18.248287590894655,16.278820596099706,17.11724276862369,15.03329637837291,14.0356688476182,12.0,14.317821063276352,14.560219778561038,15.297058540778355,17.46424919657298,19.313207915827967,18.788294228055936,19.697715603592208,17.46424919657298,18.681541692269406,19.313207915827967,19.6468827043885,18.38477631085024,18.973665961010276,16.76305461424021,1697990073.4936805
5.0,5.8309518948453,19.235384061671343,13.92838827718412,15.0,14.866068747318506,15.524174696260024,15.811388300841896,23.021728866442675,18.681541692269406,22.671568097509265,24.207436873820413,26.419689627245813,27.018512172212596,25.80697580112788,25.079872407968903,23.60084744241189,22.135943621178658,13.038404810405298,16.55294535724685,14.317821063276352,13.453624047073712,8.602325267042627,8.602325267042627,12.08304597359457,10.816653826391969,8.06225774829855,12.165525060596437,14.7648230602334,15.0,12.529964086141668,17.11724276862369,18.248287590894655,16.278820596099706,12.206555615733702,16.55294535724685,10.770329614269007,16.15549442140351,15.297058540778355,14.0356688476182,15.524174696260024,17.720045146669353,16.278820596099706,19.4164878389476,17.26267650163207,17.720045146669353,18.681541692269406,19.313207915827967,19.6468827043885,20.09975124224178,17.46424919657298,15.811388300841898,1697990073.503687
11.313708498984761,13.0,16.15549442140351,17.88854381999832,16.76305461424021,16.15549442140351,17.029386365926403,14.7648230602334,18.35755975068582,18.681541692269406,22.360679774997898,24.413111231467404,24.839484696748443,23.3452350598575,21.93171219946131,24.041630560342618,20.615528128088304,20.808652046684813,17.204650534085253,14.866068747318504,12.806248474865697,13.453624047073712,11.313708498984761,10.816653826391969,10.816653826391969,10.44030650891055,12.041594578792294,12.165525060596437,11.045361017187261,14.317821063276352,13.038404810405298,16.1245154965971,18.027756377319946,17.0,17.029386365926403,14.0,13.038404810405298,13.341664064126334,13.92838827718412,14.317821063276352,16.55294535724685,16.1245154965971,17.88854381999832,15.264337522473749,17.204650534085253,17.0,17.4928556845359,17.88854381999832,20.12461179749811,18.788294228055936,17.08800749063506,14.422205101855958,1697990073.5141988
10.0,10.63014581273465,17.69180601295413,15.620499351813308,13.453624047073712,14.866068747318504,16.278820596099706,18.60107523773827,21.213203435596427,20.518284528683193,22.022715545545243,24.413111231467404,23.706539182259394,23.259406699226012,23.769728648009426,19.697715603592208,21.470910553583888,15.524174696260024,16.492422502470642,14.317821063276352,13.601470508735444,13.0,11.704699910719626,11.6619037896906,10.816653826391969,10.63014581273465,11.6619037896906,9.848857801796104,10.770329614269007,13.416407864998739,12.08304597359457,14.866068747318506,14.866068747318506,13.601470508735444,15.231546211727817,13.92838827718412,12.36931687685298,12.165525060596437,14.0,15.0,16.0,15.132745950421555,16.0,16.492422502470642,18.110770276274835,18.0,19.1049731745428,18.0,17.11724276862369,19.235384061671347,19.026297590440446,16.278820596099706,1697990073.5307138
9.433981132056603,11.313708498984761,13.0,15.264337522473749,15.264337522473749,14.7648230602334,15.231546211727817,17.88854381999832,20.248456731316587,21.400934559032695,23.021728866442675,24.839484696748443,24.758836806279895,25.495097567963924,22.80350850198276,23.60084744241189,19.235384061671343,16.1245154965971,14.7648230602334,14.7648230602334,14.7648230602334,12.806248474865697,8.94427190999916,12.041594578792296,11.40175425099138,9.848857801796104,11.180339887498949,10.19803902718557,11.0,11.180339887498949,12.041594578792294,15.03329637837291,16.0,17.0,18.027756377319946,13.152946437965904,10.04987562112089,14.7648230602334,14.0,18.35755975068582,11.704699910719626,16.1245154965971,16.401219466856727,15.556349186104047,18.35755975068582,15.811388300841896,19.4164878389476,17.0,19.723082923316017,18.60107523773827,14.7648230602334,16.401219466856727,1697990073.5407226
8.602325267042627,15.620499351813308,18.027756377319946,17.720045146669353,17.0,14.142135623730951,17.88854381999832,17.0,22.472205054244235,23.259406699226012,24.596747752497688,25.238858928247925,26.400757564888174,24.08318915758459,24.08318915758459,24.08318915758459,21.633307652783937,19.209372712298546,18.027756377319946,17.029386365926403,14.422205101855958,14.866068747318504,8.94427190999916,11.40175425099138,12.206555615733702,11.704699910719626,10.19803902718557,11.704699910719626,11.045361017187261,15.0,15.03329637837291,16.0,18.027756377319946,15.297058540778355,18.027756377319946,16.0312195418814,13.601470508735444,14.866068747318506,12.36931687685298,16.55294535724685,16.55294535724685,14.7648230602334,19.235384061671343,20.808652046684813,18.027756377319946,18.867962264113206,18.38477631085024,20.248456731316587,19.235384061671343,14.212670403551895,20.12461179749811,17.46424919657298,1697990073.5497227
11.6619037896906,15.231546211727817,12.649110640673518,13.453624047073712,16.55294535724685,13.416407864998739,20.12461179749811,18.38477631085024,19.723082923316017,20.248456731316587,21.400934559032695,23.3452350598575,23.3452350598575,22.022715545545243,22.80350850198276,21.633307652783937,19.235384061671343,17.0,15.231546211727817,13.416407864998739,12.206555615733702,12.206555615733702,11.40175425099138,11.313708498984761,10.63014581273465,9.848857801796104,10.770329614269007,11.180339887498949,13.601470508735444,15.03329637837291,12.165525060596437,17.029386365926403,16.492422502470642,16.278820596099706,16.278820596099706,13.341664064126334,13.152946437965904,13.038404810405298,14.0356688476182,15.132745950421555,16.1245154965971,16.278820596099706,17.46424919657298,17.46424919657298,18.439088914585778,18.439088914585778,19.235384061671347,18.110770276274835,18.110770276274835,18.110770276274835,18.027756377319946,16.278820596099706,1697990073.565754
12.041594578792296,8.602325267042627,20.591260281974,16.643316977093235,15.264337522473749,13.892443989449806,21.02379604162864,19.697715603592208,19.209372712298546,22.203603311174515,19.209372712298546,22.671568097509265,21.93171219946131,23.60084744241189,21.095023109728988,22.825424421026653,18.38477631085024,18.788294228055936,17.08800749063506,13.601470508735444,12.08304597359457,13.892443989449806,11.6619037896906,10.63014581273465,10.63014581273465,10.63014581273465,10.770329614269007,11.180339887498949,14.317821063276352,15.132745950421555,14.142135623730951,15.297058540778355,16.492422502470642,15.811388300841898,15.811388300841898,13.601470508735444,13.341664064126334,12.041594578792294,12.0,14.142135623730951,16.0312195418814,16.1245154965971,17.11724276862369,17.11724276862369,17.26267650163207,18.110770276274835,17.029386365926403,21.0,19.1049731745428,18.027756377319946,17.26267650163207,14.317821063276352,1697990073.5822413
12.806248474865697,10.0,17.029386365926403,15.297058540778355,16.15549442140351,16.278820596099706,13.92838827718412,18.110770276274835,19.697715603592208,20.591260281974,21.95449840010015,21.95449840010015,22.022715545545243,22.671568097509265,22.671568097509265,24.08318915758459,19.849433241279208,17.029386365926403,14.142135623730951,14.212670403551895,12.727922061357857,12.041594578792296,10.0,10.816653826391969,10.770329614269007,10.19803902718557,10.04987562112089,11.045361017187261,12.165525060596437,12.36931687685298,13.92838827718412,16.15549442140351,15.811388300841898,13.038404810405298,15.297058540778355,13.341664064126334,12.08304597359457,12.041594578792294,12.206555615733702,15.620499351813308,15.620499351813308,14.866068747318504,17.69180601295413,16.278820596099706,17.69180601295413,16.970562748477143,16.970562748477143,16.970562748477143,19.1049731745428,13.453624047073712,16.401219466856727,15.620499351813308,1697990073.5952485
11.704699910719626,8.0,20.024984394500787,15.297058540778355,15.524174696260024,12.0,17.11724276862369,21.213203435596427,21.377558326431952,21.377558326431952,21.587033144922902,22.80350850198276,24.16609194718914,24.16609194718914,25.059928172283335,25.059928172283335,21.095023109728988,17.204650534085253,16.643316977093235,13.892443989449806,13.892443989449806,13.0,11.704699910719626,12.36931687685298,11.180339887498949,10.0,12.36931687685298,9.219544457292889,14.317821063276352,16.278820596099706,15.0,17.029386365926403,17.029386365926403,16.643316977093235,16.1245154965971,10.295630140987,12.806248474865697,13.453624047073712,14.212670403551895,15.811388300841896,17.204650534085253,15.652475842498529,17.88854381999832,16.15549442140351,18.38477631085024,18.38477631085024,18.788294228055936,18.788294228055936,20.6155281280883,18.38477631085024,17.88854381999832,16.15549442140351,1697990073.6042466
9.433981132056603,7.280109889280519,11.40175425099138,14.866068747318506,12.649110640673518,12.649110640673518,14.7648230602334,15.297058540778355,19.235384061671347,18.973665961010276,22.80350850198276,23.769728648009423,22.360679774997898,22.20360331117452,20.024984394500787,24.0,20.024984394500787,17.26267650163207,15.297058540778355,13.152946437965904,13.038404810405298,11.045361017187261,10.04987562112089,9.486832980505138,11.704699910719626,10.0,11.313708498984761,8.485281374238571,12.08304597359457,12.36931687685298,13.0,15.652475842498529,17.0,15.811388300841896,16.643316977093235,14.317821063276352,11.704699910719626,12.165525060596437,12.165525060596437,14.0356688476182,18.027756377319946,19.235384061671347,18.027756377319946,20.09975124224178,18.110770276274835,18.027756377319946,19.026297590440446,19.026297590440446,20.0,18.027756377319946,19.1049731745428,15.03329637837291,1697990073.6183348
9.219544457292889,11.40175425099138,11.0,13.038404810405298,16.0312195418814,18.0,19.4164878389476,18.110770276274835,21.377558326431952,20.615528128088304,23.08679276123039,27.51363298439521,23.259406699226012,21.470910553583888,21.470910553583888,25.553864678361276,22.47220505424423,17.204650534085253,17.029386365926403,13.601470508735444,10.0,12.529964086141668,7.280109889280519,9.219544457292889,12.041594578792294,13.0,10.04987562112089,8.485281374238571,9.486832980505138,12.206555615733702,14.142135623730951,17.804493814764854,17.204650534085253,17.029386365926403,17.804493814764854,17.804493814764854,13.453624047073712,13.0,12.806248474865697,17.0,15.231546211727817,17.08800749063506,18.38477631085024,19.313207915827967,18.973665961010276,17.720045146669353,20.6155281280883,19.313207915827967,20.6155281280883,19.313207915827967,18.38477631085024,17.46424919657298,1697990073.6263351
10.44030650891055,10.44030650891055,12.649110640673518,17.08800749063506,14.317821063276352,16.1245154965971,16.55294535724685,17.46424919657298,22.825424421026653,23.259406699226012,24.698178070456937,24.041630560342615,26.476404589747453,24.186773244895647,23.0,23.0,22.090722034374522,18.439088914585778,17.26267650163207,15.132745950421555,15.0,12.0,11.180339887498949,10.44030650891055,10.770329614269007,10.0,10.63014581273465,11.40175425099138,13.038404810405298,12.08304597359457,15.652475842498529,17.0,15.811388300841896,15.264337522473749,17.0,15.264337522473749,12.649110640673518,14.317821063276352,17.11724276862369,17.0,16.0312195418814,19.0,19.026297590440446,19.026297590440446,19.026297590440446,17.029386365926403,20.0,20.024984394500787,18.0,19.1049731745428,16.0312195418814,15.03329637837291,1697990073.6399012
14.317821063276352,10.770329614269007,14.866068747318504,14.317821063276352,17.88854381999832,17.88854381999832,19.697715603592208,21.540659228538015,20.6155281280883,23.40939982143925,25.298221281347036,26.476404589747453,26.1725046566048,26.1725046566048,25.179356624028344,25.079872407968907,20.09975124224178,20.024984394500787,15.132745950421555,15.0,15.0,12.36931687685298,10.04987562112089,11.704699910719626,13.0,11.6619037896906,10.63014581273465,12.727922061357857,12.08304597359457,13.601470508735444,13.892443989449806,17.4928556845359,18.35755975068582,17.204650534085253,18.35755975068582,14.317821063276352,11.704699910719626,14.560219778561038,14.0,18.0,15.132745950421555,17.029386365926403,19.026297590440446,17.029386365926403,19.026297590440446,19.1049731745428,19.026297590440446,19.235384061671347,21.023796041628636,20.09975124224178,19.235384061671347,16.1245154965971,1697990073.650911
7.810249675906654,12.806248474865697,12.529964086141668,12.727922061357857,14.866068747318504,14.142135623730951,19.849433241279208,18.60107523773827,19.849433241279208,20.0,20.808652046684813,23.3238075793812,23.259406699226012,22.360679774997898,18.788294228055936,22.135943621178658,18.439088914585778,16.492422502470642,14.560219778561038,12.649110640673518,11.704699910719626,12.08304597359457,10.295630140987,10.0,10.63014581273465,10.0,11.180339887498949,12.08304597359457,14.0,11.0,13.152946437965904,16.278820596099706,16.492422502470642,15.297058540778355,15.297058540778355,13.152946437965904,12.041594578792294,13.038404810405298,14.142135623730951,14.317821063276352,15.524174696260024,16.76305461424021,18.027756377319946,16.76305461424021,19.1049731745428,17.08800749063506,18.973665961010276,18.027756377319946,18.681541692269406,17.08800749063506,17.720045146669353,15.231546211727817,1697990073.6621034
7.0,8.06225774829855,12.165525060596437,10.04987562112089,16.0312195418814,16.1245154965971,18.027756377319946,17.11724276862369,19.6468827043885,20.0,22.561028345356952,21.540659228538015,21.931712199461305,22.472205054244235,20.248456731316587,21.633307652783937,18.027756377319946,16.643316977093235,14.142135623730951,13.601470508735444,11.6619037896906,12.08304597359457,9.848857801796104,10.19803902718557,11.180339887498949,9.055385138137417,10.19803902718557,9.486832980505138,11.180339887498949,12.206555615733702,13.416407864998739,15.264337522473749,14.866068747318506,14.7648230602334,16.1245154965971,14.7648230602334,11.6619037896906,12.806248474865697,12.041594578792296,14.142135623730951,14.142135623730951,15.811388300841896,17.204650534085253,15.0,17.4928556845359,18.027756377319946,17.204650534085253,17.804493814764854,16.401219466856727,17.029386365926403,17.029386365926403,15.264337522473749,1697990073.6701126
9.219544457292889,5.0,12.165525060596437,18.248287590894655,18.027756377319946,15.524174696260024,19.4164878389476,23.769728648009423,23.086792761230395,23.021728866442675,23.021728866442675,27.0,25.079872407968907,24.515301344262525,21.377558326431952,24.331050121192874,19.313207915827967,18.973665961010276,15.524174696260024,15.811388300841898,13.341664064126334,13.341664064126334,9.848857801796104,11.180339887498949,11.40175425099138,9.848857801796104,11.180339887498949,13.892443989449806,12.806248474865697,14.866068747318504,14.212670403551895,17.804493814764854,17.804493814764854,16.278820596099706,17.69180601295413,15.556349186104047,12.206555615733702,12.041594578792296,16.15549442140351,15.297058540778355,17.720045146669353,17.720045146669353,18.681541692269406,17.720045146669353,17.46424919657298,19.924858845171276,19.924858845171276,20.6155281280883,16.401219466856727,18.681541692269406,17.720045146669353,15.297058540778355,1697990073.6878834
10.816653826391969,12.041594578792296,14.866068747318504,15.556349186104047,15.620499351813308,16.278820596099706,19.1049731745428,19.849433241279208,20.615528128088304,22.47220505424423,24.186773244895647,24.186773244895647,21.931712199461305,22.135943621178658,22.135943621178658,21.18962010041709,18.973665961010276,17.029386365926403,15.132745950421555,17.26267650163207,15.132745950421555,14.7648230602334,10.0,12.727922061357857,9.433981132056603,9.219544457292887,8.94427190999916,13.892443989449806,10.19803902718557,11.180339887498949,14.317821063276352,15.524174696260024,16.76305461424021,15.811388300841898,16.15549442140351,14.317821063276352,13.038404810405298,13.341664064126334,13.152946437965904,13.601470508735444,13.341664064126334,13.416407864998739,18.027756377319946,18.027756377319946,18.027756377319946,16.15549442140351,16.76305461424021,20.248456731316587,18.027756377319946,16.492422502470642,15.811388300841898,16.1245154965971,1697990073.695885
12.0,11.704699910719626,13.92838827718412,16.15549442140351,14.0356688476182,14.560219778561038,19.4164878389476,16.492422502470642,18.973665961010276,19.924858845171276,21.540659228538015,23.259406699226012,21.470910553583888,21.633307652783937,20.248456731316587,22.022715545545243,17.69180601295413,17.029386365926403,14.866068747318504,12.806248474865697,11.40175425099138,10.816653826391969,9.433981132056603,8.246211251235321,10.19803902718557,9.0,10.04987562112089,10.44030650891055,10.295630140987,12.08304597359457,12.529964086141668,15.231546211727817,15.652475842498529,13.92838827718412,14.317821063276352,12.529964086141668,10.816653826391969,10.816653826391969,12.206555615733702,15.811388300841896,16.401219466856727,15.0,16.643316977093235,16.1245154965971,16.643316977093235,16.1245154965971,17.204650534085253,17.204650534085253,16.643316977093235,15.264337522473749,15.811388300841896,14.7648230602334,1697990073.7048886
13.601470508735444,15.0,18.681541692269406,14.560219778561038,15.811388300841898,13.341664064126334,17.11724276862369,16.1245154965971,21.18962010041709,19.313207915827967,21.540659228538015,22.847319317591726,23.60084744241189,23.430749027719962,19.849433241279208,24.041630560342618,17.804493814764854,18.38477631085024,15.0,13.453624047073712,14.212670403551895,12.08304597359457,8.602325267042627,9.433981132056603,11.180339887498949,8.06225774829855,13.038404810405298,12.36931687685298,13.416407864998739,13.416407864998739,15.297058540778355,15.652475842498529,17.46424919657298,15.231546211727817,15.524174696260024,12.649110640673518,11.6619037896906,9.848857801796104,14.317821063276352,13.601470508735444,15.620499351813308,14.212670403551895,19.1049731745428,16.278820596099706,17.204650534085253,17.204650534085253,18.38477631085024,18.38477631085024,16.970562748477143,17.69180601295413,15.620499351813308,14.866068747318504,1697990073.7279706
10.0,11.40175425099138,12.165525060596437,20.248456731316587,15.231546211727817,16.55294535724685,16.55294535724685,18.35755975068582,21.633307652783937,21.400934559032695,21.633307652783937,23.430749027719962,24.041630560342618,24.758836806279895,22.80350850198276,23.60084744241189,19.235384061671343,16.55294535724685,13.892443989449806,14.317821063276352,14.212670403551895,12.529964086141668,9.219544457292887,12.08304597359457,11.045361017187261,10.770329614269007,12.649110640673518,12.041594578792294,15.0,16.1245154965971,13.038404810405298,20.024984394500787,19.0,15.0,17.0,14.0356688476182,12.165525060596437,14.317821063276352,14.560219778561038,16.643316977093235,16.1245154965971,18.867962264113206,19.723082923316017,19.4164878389476,20.248456731316587,19.4164878389476,21.02379604162864,18.788294228055936,19.235384061671343,18.027756377319946,18.35755975068582,16.401219466856727,1697990073.7436702
5.656854249492381,15.524174696260024,12.165525060596437,14.142135623730951,15.297058540778355,18.110770276274835,18.0,21.840329667841555,19.0,20.09975124224178,23.194827009486403,22.360679774997898,23.769728648009423,22.847319317591726,22.135943621178658,22.472205054244235,16.55294535724685,17.88854381999832,14.7648230602334,13.92838827718412,11.704699910719626,10.44030650891055,9.219544457292889,9.0,8.06225774829855,9.848857801796104,8.94427190999916,10.63014581273465,12.727922061357857,14.142135623730951,15.0,15.620499351813308,16.278820596099706,15.556349186104047,14.866068747318504,15.0,12.041594578792296,13.416407864998739,14.866068747318506,13.341664064126334,15.297058540778355,16.1245154965971,16.1245154965971,16.0,17.11724276862369,18.027756377319946,19.1049731745428,18.110770276274835,18.248287590894655,15.132745950421555,15.132745950421555,14.0356688476182,1697990073.7516706
12.36931687685298,11.180339887498949,10.0,16.0312195418814,16.0312195418814,17.029386365926403,18.110770276274835,18.248287590894655,19.4164878389476,18.973665961010276,22.472205054244235,21.95449840010015,19.4164878389476,20.248456731316587,23.3238075793812,26.076809620810597,19.4164878389476,17.88854381999832,15.0,13.892443989449806,12.206555615733702,11.180339887498949,10.816653826391969,10.44030650891055,10.04987562112089,10.0,11.704699910719626,11.40175425099138,12.08304597359457,12.041594578792296,13.92838827718412,15.231546211727817,16.55294535724685,15.264337522473749,15.264337522473749,13.416407864998739,13.038404810405298,13.601470508735444,12.041594578792296,12.041594578792296,13.038404810405298,13.892443989449806,17.0,16.15549442140351,17.46424919657298,17.0,17.0,15.652475842498529,18.35755975068582,18.973665961010276,15.264337522473749,12.649110640673518,1697990073.7596703
9.486832980505138,18.867962264113206,12.041594578792296,14.212670403551895,13.453624047073712,16.55294535724685,16.15549442140351,17.0,19.4164878389476,16.970562748477143,19.209372712298546,21.93171219946131,22.671568097509265,25.80697580112788,23.3238075793812,18.38477631085024,23.3452350598575,14.142135623730951,11.6619037896906,11.6619037896906,12.806248474865697,10.0,8.94427190999916,7.810249675906654,8.94427190999916,7.280109889280519,6.324555320336759,8.246211251235321,14.866068747318506,12.165525060596437,15.03329637837291,15.524174696260024,14.0356688476182,11.40175425099138,13.038404810405298,10.04987562112089,9.486832980505138,12.806248474865697,13.416407864998739,13.038404810405298,15.652475842498529,16.401219466856727,15.620499351813308,14.212670403551895,15.811388300841896,17.204650534085253,19.209372712298546,16.643316977093235,18.35755975068582,16.278820596099706,16.278820596099706,13.038404810405298,1697990073.7686725
12.529964086141668,13.0,12.206555615733702,16.401219466856727,16.643316977093235,15.811388300841896,20.0,15.652475842498529,21.587033144922902,21.540659228538015,22.561028345356952,23.53720459187964,24.186773244895647,23.086792761230395,23.021728866442675,22.0,19.235384061671347,16.278820596099706,15.297058540778355,14.0356688476182,12.041594578792294,12.0,10.04987562112089,10.44030650891055,10.19803902718557,10.295630140987,12.206555615733702,12.041594578792296,13.453624047073712,13.453624047073712,14.866068747318504,17.029386365926403,18.38477631085024,15.556349186104047,16.278820596099706,13.453624047073712,12.806248474865697,13.038404810405298,15.264337522473749,15.652475842498529,17.0,17.08800749063506,16.15549442140351,17.46424919657298,16.15549442140351,17.08800749063506,19.209372712298546,15.652475842498529,19.1049731745428,18.439088914585774,18.027756377319946,15.652475842498529,1697990073.7948344
10.19803902718557,11.0,14.0356688476182,16.0312195418814,15.132745950421555,16.278820596099706,18.110770276274835,19.0,21.023796041628636,22.090722034374522,22.090722034374522,24.515301344262525,22.135943621178658,23.08679276123039,23.769728648009426,22.847319317591726,17.4928556845359,16.1245154965971,13.892443989449806,13.416407864998739,12.649110640673518,10.44030650891055,11.180339887498949,10.0,9.055385138137417,10.44030650891055,9.848857801796104,12.529964086141668,13.601470508735444,12.806248474865697,14.212670403551895,16.278820596099706,17.029386365926403,16.643316977093235,13.453624047073712,12.727922061357857,12.727922061357857,13.453624047073712,14.422205101855958,14.7648230602334,16.401219466856727,15.264337522473749,21.18962010041709,18.788294228055936,15.231546211727817,19.313207915827967,17.0,19.697715603592208,19.313207915827967,18.439088914585774,20.591260281974,15.811388300841898,1697990073.803848
13.892443989449806,12.165525060596437,16.278820596099706,14.317821063276352,15.03329637837291,15.0,19.026297590440446,17.11724276862369,21.213203435596427,21.840329667841555,21.840329667841555,26.248809496813376,23.259406699226012,23.3238075793812,20.808652046684813,23.60084744241189,20.0,16.278820596099706,14.866068747318504,12.806248474865697,13.601470508735444,9.848857801796104,9.848857801796104,10.19803902718557,11.045361017187261,10.19803902718557,11.40175425099138,12.08304597359457,13.416407864998739,13.038404810405298,13.892443989449806,16.643316977093235,18.788294228055936,14.7648230602334,16.55294535724685,13.038404810405298,12.041594578792296,12.806248474865697,15.556349186104047,16.643316977093235,16.401219466856727,18.788294228055936,19.723082923316017,18.788294228055936,19.235384061671343,19.235384061671343,19.723082923316017,18.027756377319946,20.248456731316587,17.4928556845359,15.811388300841896,15.231546211727817,1697990073.815112
8.602325267042627,11.0,16.278820596099706,16.1245154965971,16.278820596099706,11.40175425099138,14.866068747318504,19.849433241279208,19.849433241279208,20.615528128088304,23.60084744241189,23.60084744241189,21.931712199461305,22.360679774997898,22.135943621178658,19.924858845171276,20.39607805437114,16.278820596099706,14.317821063276352,11.40175425099138,11.40175425099138,9.848857801796104,8.94427190999916,9.433981132056603,9.219544457292887,10.0,9.848857801796104,10.44030650891055,11.180339887498949,13.152946437965904,14.142135623730951,16.1245154965971,16.278820596099706,15.297058540778355,15.811388300841898,11.180339887498949,11.045361017187261,12.165525060596437,13.341664064126334,14.560219778561038,13.152946437965904,15.524174696260024,18.973665961010276,17.08800749063506,18.973665961010276,17.46424919657298,18.027756377319946,17.46424919657298,18.027756377319946,16.76305461424021,17.08800749063506,12.649110640673518,1697990073.823111
9.848857801796104,10.19803902718557,12.041594578792294,14.317821063276352,13.341664064126334,15.132745950421555,17.029386365926403,19.026297590440446,20.39607805437114,20.248456731316587,23.08679276123039,25.298221281347036,24.186773244895647,22.47220505424423,23.021728866442675,22.203603311174515,19.1049731745428,16.278820596099706,14.866068747318504,12.727922061357857,11.180339887498949,11.180339887498949,12.08304597359457,11.40175425099138,10.19803902718557,12.041594578792294,10.19803902718557,9.219544457292889,13.892443989449806,12.806248474865697,14.317821063276352,17.88854381999832,20.12461179749811,16.55294535724685,16.55294535724685,13.0,12.206555615733702,14.7648230602334,14.866068747318504,15.620499351813308,16.278820596099706,16.278820596099706,18.60107523773827,17.4928556845359,18.027756377319946,18.027756377319946,20.0,17.804493814764854,19.1049731745428,16.643316977093235,18.439088914585774,17.4928556845359,1697990073.8381271
12.041594578792296,7.211102550927979,12.206555615733702,16.1245154965971,15.652475842498529,16.1245154965971,18.788294228055936,20.0,19.4164878389476,21.2602916254693,23.60084744241189,25.495097567963924,25.495097567963924,22.671568097509265,23.60084744241189,23.853720883753127,19.313207915827967,19.697715603592208,13.416407864998739,13.416407864998739,12.206555615733702,10.63014581273465,11.313708498984761,11.6619037896906,12.206555615733702,9.486832980505138,10.19803902718557,9.219544457292889,13.341664064126334,17.46424919657298,14.142135623730951,16.278820596099706,16.1245154965971,17.26267650163207,14.0356688476182,16.76305461424021,12.206555615733702,13.416407864998739,11.180339887498949,14.866068747318506,18.867962264113206,16.970562748477143,19.1049731745428,19.209372712298546,19.209372712298546,17.204650534085253,19.4164878389476,18.027756377319946,20.591260281974,15.652475842498529,20.6155281280883,15.0,1697990073.8523595
8.602325267042627,8.54400374531753,13.0,13.0,11.180339887498949,14.560219778561038,18.027756377319946,15.811388300841898,21.931712199461305,17.46424919657298,20.248456731316587,22.47220505424423,22.671568097509265,20.248456731316587,22.022715545545243,19.79898987322333,20.591260281974,19.697715603592208,13.416407864998739,13.416407864998739,10.19803902718557,11.40175425099138,8.54400374531753,8.246211251235321,10.770329614269007,7.280109889280519,10.19803902718557,9.486832980505138,10.63014581273465,9.899494936611665,16.278820596099706,16.278820596099706,16.1245154965971,14.212670403551895,14.0356688476182,13.416407864998739,12.649110640673518,10.816653826391969,10.0,14.866068747318506,12.806248474865697,12.806248474865697,16.643316977093235,16.55294535724685,19.4164878389476,16.1245154965971,17.46424919657298,18.027756377319946,20.591260281974,17.204650534085253,14.7648230602334,13.0,1697990073.8643577
8.485281374238571,6.708203932499369,11.6619037896906,13.601470508735444,14.866068747318504,12.08304597359457,15.620499351813308,20.808652046684813,17.804493814764854,19.1049731745428,20.518284528683193,21.93171219946131,21.400934559032695,20.808652046684813,19.723082923316017,21.470910553583888,17.46424919657298,15.811388300841898,13.601470508735444,12.08304597359457,10.295630140987,10.0,8.602325267042627,9.219544457292887,8.602325267042627,8.54400374531753,9.219544457292889,10.0,12.041594578792294,12.165525060596437,13.152946437965904,14.0356688476182,15.0,14.0,14.0,12.041594578792294,11.40175425099138,11.40175425099138,12.08304597359457,13.892443989449806,13.892443989449806,14.422205101855958,17.204650534085253,16.401219466856727,16.643316977093235,16.643316977093235,17.0,17.4928556845359,17.0,15.264337522473749,14.7648230602334,14.212670403551895,1697990073.875135
10.63014581273465,15.811388300841898,18.439088914585774,14.212670403551895,15.0,14.866068747318504,15.652475842498529,20.615528128088304,20.518284528683193,22.671568097509265,23.3452350598575,25.495097567963924,23.60084744241189,23.3238075793812,24.186773244895647,24.596747752497688,20.6155281280883,19.6468827043885,15.811388300841898,14.317821063276352,13.038404810405298,11.40175425099138,9.433981132056603,10.63014581273465,10.0,10.44030650891055,10.0,12.041594578792294,12.165525060596437,12.165525060596437,15.132745950421555,17.029386365926403,19.0,15.03329637837291,16.0312195418814,15.297058540778355,13.92838827718412,15.231546211727817,13.038404810405298,14.866068747318504,18.35755975068582,16.278820596099706,19.1049731745428,17.69180601295413,19.1049731745428,16.970562748477143,19.209372712298546,19.209372712298546,18.38477631085024,16.970562748477143,16.278820596099706,15.620499351813308,1697990073.8952901
9.219544457292889,9.848857801796104,11.6619037896906,14.317821063276352,14.317821063276352,14.422205101855958,16.643316977093235,18.867962264113206,19.313207915827967,19.313207915827967,21.18962010041709,24.041630560342615,22.360679774997898,22.20360331117452,22.090722034374522,22.0,20.024984394500787,17.26267650163207,16.278820596099706,11.045361017187261,11.045361017187261,13.601470508735444,8.06225774829855,10.816653826391969,8.485281374238571,8.485281374238571,10.63014581273465,11.180339887498949,12.08304597359457,12.08304597359457,14.317821063276352,16.55294535724685,17.0,13.0,15.231546211727817,13.0,11.704699910719626,12.165525060596437,13.152946437965904,15.03329637837291,15.03329637837291,16.0312195418814,18.027756377319946,18.110770276274835,18.027756377319946,18.027756377319946,19.0,18.027756377319946,18.027756377319946,17.029386365926403,16.0,15.132745950421555,1697990073.906291
12.041594578792294,12.041594578792294,12.165525060596437,19.235384061671347,15.297058540778355,15.132745950421555,20.024984394500787,18.681541692269406,20.39607805437114,19.6468827043885,22.135943621178658,24.041630560342615,23.40939982143925,22.360679774997898,23.259406699226012,22.47220505424423,19.723082923316017,17.4928556845359,16.401219466856727,12.806248474865697,10.816653826391969,11.180339887498949,10.770329614269007,10.19803902718557,11.045361017187261,9.055385138137417,9.219544457292887,12.165525060596437,9.219544457292887,15.264337522473749,12.529964086141668,14.422205101855958,17.0,15.811388300841896,15.811388300841896,13.601470508735444,10.63014581273465,14.142135623730951,13.892443989449806,16.643316977093235,15.652475842498529,16.15549442140351,18.38477631085024,18.027756377319946,18.38477631085024,18.38477631085024,17.88854381999832,17.88854381999832,18.027756377319946,16.76305461424021,16.15549442140351,14.560219778561038,1697990073.9147997
5.8309518948453,12.36931687685298,8.54400374531753,17.204650534085253,14.142135623730951,15.620499351813308,17.804493814764854,22.022715545545243,18.439088914585774,19.4164878389476,20.248456731316587,21.95449840010015,21.02379604162864,20.6155281280883,18.788294228055936,21.377558326431952,15.297058540778355,17.26267650163207,14.142135623730951,11.704699910719626,11.40175425099138,9.433981132056603,8.246211251235321,9.219544457292887,7.810249675906654,9.433981132056603,10.770329614269007,10.770329614269007,9.0,13.601470508735444,13.038404810405298,14.0,15.524174696260024,13.152946437965904,16.278820596099706,12.36931687685298,13.038404810405298,15.0,15.132745950421555,16.492422502470642,13.601470508735444,16.492422502470642,16.76305461424021,16.278820596099706,17.08800749063506,17.46424919657298,17.46424919657298,18.973665961010276,20.615528128088304,18.439088914585778,15.524174696260024,14.7648230602334,1697990073.927799
10.295630140987,9.219544457292889,8.54400374531753,17.720045146669353,17.720045146669353,18.973665961010276,20.8806130178211,22.825424421026653,22.847319317591726,24.16609194718914,25.079872407968903,28.178005607210743,28.0178514522438,26.400757564888174,21.93171219946131,22.022715545545243,21.213203435596427,18.439088914585774,19.849433241279208,16.278820596099706,14.866068747318504,12.649110640673518,13.0,8.94427190999916,9.848857801796104,13.0,14.142135623730951,14.0356688476182,14.142135623730951,14.317821063276352,13.038404810405298,18.681541692269406,19.313207915827967,19.313207915827967,18.681541692269406,17.720045146669353,11.704699910719626,13.038404810405298,15.0,18.439088914585774,18.38477631085024,18.439088914585774,19.79898987322333,19.209372712298546,21.213203435596427,17.46424919657298,22.627416997969522,21.2602916254693,21.2602916254693,19.1049731745428,19.1049731745428,18.439088914585774,1697990073.9423168
17.029386365926403,11.0,19.924858845171276,18.867962264113206,19.4164878389476,18.38477631085024,14.317821063276352,16.643316977093235,19.79898987322333,21.400934559032695,22.80350850198276,25.495097567963924,22.671568097509265,22.671568097509265,21.400934559032695,22.47220505424423,17.4928556845359,19.235384061671343,14.422205101855958,13.601470508735444,12.806248474865697,11.40175425099138,10.0,9.433981132056603,10.295630140987,10.44030650891055,11.180339887498949,12.041594578792294,11.045361017187261,14.560219778561038,14.317821063276352,17.11724276862369,18.110770276274835,15.297058540778355,16.278820596099706,15.132745950421555,13.601470508735444,12.08304597359457,15.0,14.212670403551895,16.401219466856727,17.69180601295413,19.209372712298546,20.518284528683193,18.60107523773827,18.439088914585774,20.615528128088304,20.0,19.209372712298546,19.4164878389476,19.1049731745428,17.029386365926403,1697990073.9543157
9.848857801796104,8.602325267042627,15.03329637837291,16.1245154965971,14.7648230602334,15.231546211727817,16.76305461424021,15.231546211727817,21.095023109728988,20.591260281974,21.095023109728988,23.853720883753127,23.021728866442675,22.80350850198276,23.430749027719962,22.671568097509265,19.209372712298546,16.970562748477143,15.264337522473749,12.727922061357857,12.041594578792296,10.816653826391969,10.0,8.94427190999916,9.486832980505138,9.055385138137417,10.04987562112089,10.44030650891055,11.40175425099138,14.317821063276352,13.601470508735444,15.231546211727817,15.811388300841898,13.0,16.55294535724685,15.231546211727817,11.180339887498949,11.6619037896906,11.40175425099138,14.142135623730951,12.806248474865697,14.7648230602334,18.027756377319946,18.027756377319946,18.60107523773827,16.401219466856727,17.029386365926403,16.643316977093235,20.0,17.4928556845359,14.317821063276352,16.643316977093235,1697990073.9623158
13.453624047073712,12.0,15.620499351813308,13.92838827718412,19.235384061671343,17.4928556845359,19.1049731745428,20.248456731316587,21.540659228538015,21.540659228538015,22.472205054244235,24.041630560342615,25.0,24.083189157584588,22.20360331117452,22.090722034374522,20.024984394500787,19.026297590440446,17.029386365926403,15.0,11.180339887498949,14.142135623730951,13.152946437965904,11.40175425099138,10.295630140987,10.816653826391969,12.041594578792296,8.06225774829855,13.892443989449806,13.038404810405298,15.231546211727817,17.08800749063506,15.811388300841898,15.652475842498529,15.652475842498529,17.08800749063506,13.601470508735444,14.317821063276352,15.524174696260024,16.0,18.110770276274835,17.029386365926403,19.1049731745428,17.26267650163207,19.1049731745428,19.1049731745428,19.026297590440446,20.024984394500787,20.024984394500787,18.110770276274835,18.027756377319946,16.278820596099706,1697990073.9713175
11.045361017187261,10.19803902718557,14.142135623730951,16.0,14.317821063276352,15.652475842498529,19.4164878389476,16.76305461424021,16.278820596099706,22.20360331117452,22.20360331117452,23.021728866442675,20.09975124224178,19.235384061671347,19.924858845171276,21.587033144922902,17.720045146669353,16.55294535724685,13.92838827718412,13.0,12.36931687685298,11.180339887498949,10.19803902718557,9.055385138137417,10.04987562112089,8.94427190999916,9.848857801796104,9.219544457292887,11.40175425099138,12.727922061357857,14.142135623730951,16.278820596099706,16.278820596099706,15.620499351813308,14.212670403551895,12.727922061357857,12.206555615733702,13.038404810405298,13.892443989449806,14.866068747318506,16.55294535724685,16.76305461424021,18.027756377319946,18.027756377319946,17.720045146669353,16.76305461424021,18.38477631085024,18.38477631085024,19.313207915827967,16.55294535724685,17.0,13.601470508735444,1697990073.9957914
10.63014581273465,11.313708498984761,12.529964086141668,15.620499351813308,14.866068747318504,15.620499351813308,17.69180601295413,18.439088914585774,19.1049731745428,19.1049731745428,22.203603311174515,25.80697580112788,23.853720883753127,22.825424421026653,24.698178070456937,23.769728648009426,18.973665961010276,17.720045146669353,14.317821063276352,13.601470508735444,13.92838827718412,11.704699910719626,8.06225774829855,11.180339887498949,13.453624047073712,12.08304597359457,12.727922061357857,7.810249675906654,15.297058540778355,13.038404810405298,11.704699910719626,15.231546211727817,17.46424919657298,16.15549442140351,15.652475842498529,13.416407864998739,14.317821063276352,16.278820596099706,15.0,15.132745950421555,17.0,17.11724276862369,19.026297590440446,17.029386365926403,17.029386365926403,16.0,19.026297590440446,20.024984394500787,20.024984394500787,17.029386365926403,17.029386365926403,15.0,1697990074.0067978
11.180339887498949,11.704699910719626,14.560219778561038,14.317821063276352,14.560219778561038,16.15549442140351,17.11724276862369,20.39607805437114,22.80350850198276,18.973665961010276,23.40939982143925,24.596747752497688,23.021728866442675,21.95449840010015,22.47220505424423,24.413111231467404,20.0,19.1049731745428,15.620499351813308,13.453624047073712,12.041594578792296,10.816653826391969,10.295630140987,9.219544457292889,11.180339887498949,10.04987562112089,11.045361017187261,11.40175425099138,13.92838827718412,11.180339887498949,13.892443989449806,15.652475842498529,16.15549442140351,13.892443989449806,15.652475842498529,13.92838827718412,12.529964086141668,12.806248474865697,12.806248474865697,16.401219466856727,14.212670403551895,15.0,18.027756377319946,16.55294535724685,18.027756377319946,17.204650534085253,18.60107523773827,16.643316977093235,19.209372712298546,17.804493814764854,16.278820596099706,15.264337522473749,1697990074.0168862
9.848857801796104,10.19803902718557,13.038404810405298,15.132745950421555,14.0356688476182,15.03329637837291,17.029386365926403,18.027756377319946,18.110770276274835,19.235384061671347,22.360679774997898,23.08679276123039,21.02379604162864,22.360679774997898,20.591260281974,22.825424421026653,17.4928556845359,16.401219466856727,14.212670403551895,13.038404810405298,11.6619037896906,9.848857801796104,12.165525060596437,9.848857801796104,8.246211251235321,7.615773105863909,8.246211251235321,13.601470508735444,12.165525060596437,13.038404810405298,11.40175425099138,14.422205101855958,16.55294535724685,13.892443989449806,15.231546211727817,13.0,11.180339887498949,13.453624047073712,11.40175425099138,14.7648230602334,14.212670403551895,15.264337522473749,16.55294535724685,15.231546211727817,16.55294535724685,15.231546211727817,17.4928556845359,16.643316977093235,16.55294535724685,16.15549442140351,15.264337522473749,13.92838827718412,1697990074.0323617
15.0,13.038404810405298,11.6619037896906,17.029386365926403,18.681541692269406,14.0356688476182,19.4164878389476,17.08800749063506,20.248456731316587,22.360679774997898,23.60084744241189,25.238858928247925,25.0,24.08318915758459,21.93171219946131,24.08318915758459,21.095023109728988,18.027756377319946,19.209372712298546,11.40175425099138,10.63014581273465,9.848857801796104,8.485281374238571,12.041594578792296,8.246211251235321,11.180339887498949,11.6619037896906,13.601470508735444,16.278820596099706,15.0,12.36931687685298,18.248287590894655,17.46424919657298,16.278820596099706,18.027756377319946,15.0,12.165525060596437,12.041594578792294,15.297058540778355,16.492422502470642,17.26267650163207,17.46424919657298,19.4164878389476,17.46424919657298,20.39607805437114,18.439088914585778,20.09975124224178,19.1049731745428,20.09975124224178,18.027756377319946,18.0,17.11724276862369,1697990074.0523813
13.0,12.165525060596437,20.223748416156685,13.601470508735444,18.0,16.278820596099706,19.4164878389476,23.086792761230395,22.02271554554524,23.086792761230395,27.0,26.1725046566048,26.305892875931807,26.570660511172843,22.135943621178658,25.298221281347036,19.235384061671343,19.235384061671343,17.0,15.524174696260024,10.63014581273465,12.36931687685298,10.770329614269007,13.0,13.038404810405298,10.770329614269007,10.295630140987,13.601470508735444,14.212670403551895,14.142135623730951,16.401219466856727,18.38477631085024,20.0,14.866068747318504,17.804493814764854,12.806248474865697,12.806248474865697,10.816653826391969,15.264337522473749,14.560219778561038,16.55294535724685,17.26267650163207,19.6468827043885,17.46424919657298,20.09975124224178,17.26267650163207,19.6468827043885,17.720045146669353,19.924858845171276,17.720045146669353,16.492422502470642,16.1245154965971,1697990074.0703611
10.295630140987,8.54400374531753,14.212670403551895,12.649110640673518,16.76305461424021,18.60107523773827,14.0356688476182,18.681541692269406,19.313207915827967,21.18962010041709,21.840329667841555,23.53720459187964,22.20360331117452,22.02271554554524,21.0,22.02271554554524,19.235384061671347,17.26267650163207,15.132745950421555,13.152946437965904,13.038404810405298,11.0,9.055385138137417,9.219544457292889,9.848857801796104,10.0,9.899494936611665,10.0,11.6619037896906,11.6619037896906,13.892443989449806,13.416407864998739,16.15549442140351,14.7648230602334,11.6619037896906,9.486832980505138,10.770329614269007,11.40175425099138,12.165525060596437,14.0356688476182,14.0356688476182,15.03329637837291,17.0,16.0312195418814,17.029386365926403,17.029386365926403,18.027756377319946,17.0,18.0,17.11724276862369,16.0312195418814,15.132745950421555,1697990074.0783603
9.219544457292887,7.810249675906654,17.88854381999832,16.643316977093235,16.970562748477143,16.1245154965971,17.46424919657298,19.723082923316017,21.2602916254693,21.2602916254693,21.93171219946131,24.041630560342618,22.80350850198276,22.203603311174515,22.47220505424423,21.095023109728988,19.235384061671343,16.55294535724685,15.652475842498529,13.892443989449806,13.038404810405298,11.6619037896906,10.63014581273465,10.63014581273465,9.433981132056603,9.848857801796104,10.44030650891055,11.045361017187261,13.0,13.0,15.0,16.0312195418814,17.029386365926403,15.0,16.0312195418814,13.0,12.041594578792294,12.36931687685298,13.601470508735444,18.027756377319946,15.556349186104047,15.03329637837291,17.88854381999832,14.866068747318506,17.804493814764854,18.35755975068582,17.88854381999832,18.35755975068582,17.88854381999832,17.4928556845359,17.4928556845359,15.811388300841896,1697990074.0932798
15.264337522473749,15.231546211727817,16.278820596099706,13.892443989449806,13.038404810405298,17.88854381999832,21.931712199461305,17.4928556845359,22.847319317591726,20.248456731316587,23.769728648009426,23.40939982143925,24.515301344262525,24.73863375370596,25.01999200639361,21.377558326431952,19.1049731745428,18.0,16.0312195418814,15.132745950421555,15.231546211727817,13.152946437965904,13.0,10.0,9.848857801796104,7.615773105863909,11.180339887498949,9.433981132056603,11.045361017187261,15.264337522473749,17.46424919657298,18.867962264113206,19.723082923316017,17.88854381999832,16.15549442140351,13.416407864998739,13.601470508735444,11.0,14.560219778561038,18.0,12.165525060596437,17.11724276862369,18.110770276274835,18.248287590894655,19.235384061671347,18.110770276274835,20.09975124224178,20.09975124224178,19.1049731745428,18.248287590894655,18.110770276274835,16.278820596099706,1697990074.1022832
10.770329614269007,10.770329614269007,10.19803902718557,17.0,16.0312195418814,14.0356688476182,15.297058540778355,20.09975124224178,21.023796041628636,22.20360331117452,23.194827009486403,24.515301344262525,25.0,24.041630560342615,23.08679276123039,22.847319317591726,21.470910553583888,17.4928556845359,16.1245154965971,16.643316977093235,15.264337522473749,11.40175425099138,11.045361017187261,8.246211251235321,10.04987562112089,9.486832980505138,11.180339887498949,10.816653826391969,12.041594578792296,13.453624047073712,14.866068747318504,14.866068747318504,17.029386365926403,14.866068747318504,15.811388300841896,12.806248474865697,12.806248474865697,12.529964086141668,13.416407864998739,14.866068747318506,14.866068747318506,16.492422502470642,18.439088914585778,18.439088914585778,18.681541692269406,18.439088914585778,19.924858845171276,17.720045146669353,18.681541692269406,17.46424919657298,17.46424919657298,16.1245154965971,1697990074.1102836
13.038404810405298,14.422205101855958,13.892443989449806,15.264337522473749,15.811388300841896,18.60107523773827,20.518284528683193,22.360679774997898,25.059928172283335,21.633307652783937,22.472205054244235,26.400757564888174,23.769728648009423,23.345235059857504,23.345235059857504,22.561028345356952,18.110770276274835,17.11724276862369,18.110770276274835,15.132745950421555,13.341664064126334,12.36931687685298,10.770329614269007,9.848857801796104,10.295630140987,10.0,12.206555615733702,13.0,12.649110640673518,14.560219778561038,15.231546211727817,15.524174696260024,18.38477631085024,16.15549442140351,14.866068747318506,16.1245154965971,12.36931687685298,11.045361017187261,10.04987562112089,15.811388300841898,15.132745950421555,17.46424919657298,16.15549442140351,18.027756377319946,18.38477631085024,18.681541692269406,16.15549442140351,14.560219778561038,18.681541692269406,17.46424919657298,19.235384061671347,17.46424919657298,1697990074.1217952
15.297058540778355,15.0,13.892443989449806,12.08304597359457,19.235384061671343,18.38477631085024,18.38477631085024,21.95449840010015,21.540659228538015,23.40939982143925,21.540659228538015,25.298221281347036,24.515301344262525,25.01999200639361,22.0,24.083189157584588,20.024984394500787,20.09975124224178,18.110770276274835,14.0,15.03329637837291,14.0356688476182,12.36931687685298,12.529964086141668,10.770329614269007,10.0,14.212670403551895,13.0,16.1245154965971,13.416407864998739,13.038404810405298,16.15549442140351,16.643316977093235,13.601470508735444,15.811388300841896,13.038404810405298,13.416407864998739,14.7648230602334,15.03329637837291,15.132745950421555,17.26267650163207,17.029386365926403,20.0,20.0,18.110770276274835,20.024984394500787,20.0,18.248287590894655,21.213203435596427,15.132745950421555,20.0,16.1245154965971,1697990074.133668
12.206555615733702,11.180339887498949,14.317821063276352,14.142135623730951,15.811388300841898,15.524174696260024,17.08800749063506,16.55294535724685,19.313207915827967,19.697715603592208,20.6155281280883,21.95449840010015,21.400934559032695,22.022715545545243,19.849433241279208,21.213203435596427,16.278820596099706,15.620499351813308,14.212670403551895,13.453624047073712,10.816653826391969,11.6619037896906,10.63014581273465,6.324555320336759,9.848857801796104,10.19803902718557,10.04987562112089,11.180339887498949,11.40175425099138,13.0,13.341664064126334,13.92838827718412,15.524174696260024,13.601470508735444,15.524174696260024,14.317821063276352,11.180339887498949,11.6619037896906,13.038404810405298,14.866068747318504,15.620499351813308,15.556349186104047,17.69180601295413,16.278820596099706,17.029386365926403,17.69180601295413,17.804493814764854,17.804493814764854,18.439088914585774,17.029386365926403,15.620499351813308,15.556349186104047,1697990074.1416728
13.0,9.055385138137417,12.727922061357857,12.041594578792294,11.180339887498949,13.92838827718412,15.231546211727817,16.76305461424021,20.615528128088304,19.924858845171276,20.223748416156685,23.086792761230395,22.0,23.0,20.024984394500787,21.213203435596427,16.278820596099706,16.278820596099706,14.317821063276352,14.142135623730951,12.165525060596437,11.045361017187261,10.04987562112089,9.486832980505138,11.704699910719626,9.433981132056603,9.899494936611665,10.63014581273465,10.816653826391969,13.038404810405298,12.806248474865697,16.1245154965971,15.0,14.422205101855958,15.0,12.206555615733702,11.6619037896906,11.704699910719626,11.704699910719626,14.142135623730951,15.132745950421555,16.0312195418814,18.0,17.029386365926403,18.0,17.029386365926403,16.1245154965971,18.027756377319946,18.027756377319946,16.0312195418814,16.1245154965971,15.03329637837291,1697990074.1564422
10.816653826391969,12.08304597359457,14.866068747318506,16.15549442140351,16.55294535724685,16.15549442140351,18.027756377319946,20.6155281280883,20.12461179749811,21.095023109728988,21.633307652783937,23.853720883753127,22.80350850198276,23.430749027719962,21.93171219946131,21.2602916254693,18.439088914585774,17.804493814764854,15.0,15.811388300841896,13.038404810405298,12.727922061357857,12.041594578792296,12.041594578792294,10.295630140987,8.06225774829855,12.36931687685298,10.44030650891055,14.866068747318506,12.165525060596437,13.152946437965904,14.0,17.029386365926403,14.0,17.11724276862369,16.0312195418814,12.36931687685298,12.08304597359457,13.92838827718412,13.892443989449806,16.1245154965971,15.620499351813308,17.204650534085253,17.204650534085253,17.204650534085253,17.204650534085253,16.643316977093235,18.027756377319946,18.027756377319946,17.204650534085253,17.204650534085253,15.0,1697990074.1721752
17.720045146669353,15.231546211727817,14.866068747318506,14.7648230602334,12.806248474865697,14.7648230602334,17.4928556845359,17.204650534085253,19.849433241279208,21.2602916254693,24.413111231467404,24.041630560342618,24.758836806279895,22.671568097509265,21.2602916254693,24.207436873820413,19.4164878389476,17.4928556845359,15.264337522473749,12.806248474865697,12.529964086141668,11.40175425099138,12.727922061357857,9.486832980505138,11.180339887498949,10.770329614269007,12.041594578792294,10.44030650891055,10.44030650891055,14.317821063276352,15.231546211727817,15.652475842498529,18.027756377319946,13.92838827718412,13.92838827718412,10.295630140987,12.041594578792296,13.453624047073712,12.727922061357857,12.806248474865697,16.401219466856727,14.317821063276352,17.08800749063506,16.15549442140351,18.027756377319946,17.08800749063506,17.08800749063506,17.08800749063506,17.720045146669353,16.76305461424021,15.811388300841898,14.317821063276352,1697990074.1801758
11.704699910719626,13.92838827718412,15.264337522473749,17.46424919657298,16.55294535724685,14.7648230602334,12.529964086141668,22.135943621178658,20.8806130178211,21.840329667841555,20.12461179749811,23.08679276123039,22.561028345356952,20.024984394500787,19.0,22.02271554554524,17.0,17.029386365926403,14.0356688476182,13.038404810405298,11.0,11.0,8.246211251235321,8.94427190999916,10.770329614269007,9.219544457292887,10.63014581273465,11.180339887498949,12.806248474865697,13.892443989449806,13.892443989449806,16.1245154965971,16.401219466856727,15.264337522473749,15.0,13.038404810405298,13.0,12.08304597359457,13.601470508735444,14.317821063276352,15.132745950421555,15.132745950421555,19.235384061671347,18.0,20.39607805437114,16.1245154965971,18.248287590894655,19.6468827043885,18.973665961010276,17.11724276862369,17.26267650163207,13.152946437965904,1697990074.1970928
8.54400374531753,13.038404810405298,15.811388300841898,11.40175425099138,14.0356688476182,14.866068747318506,20.39607805437114,14.866068747318506,20.223748416156685,19.6468827043885,22.20360331117452,22.0,24.020824298928627,22.20360331117452,22.02271554554524,22.20360331117452,17.46424919657298,16.278820596099706,17.46424919657298,14.560219778561038,11.180339887498949,11.0,9.055385138137417,9.219544457292889,9.486832980505138,10.295630140987,11.40175425099138,10.63014581273465,12.727922061357857,13.453624047073712,14.866068747318504,17.69180601295413,15.620499351813308,15.556349186104047,17.69180601295413,12.727922061357857,12.806248474865697,14.317821063276352,15.231546211727817,17.08800749063506,15.231546211727817,15.811388300841898,17.720045146669353,15.297058540778355,14.866068747318506,16.15549442140351,17.720045146669353,16.55294535724685,17.46424919657298,18.027756377319946,17.08800749063506,14.317821063276352,1697990074.2061026
11.704699910719626,11.180339887498949,16.0312195418814,17.029386365926403,20.0,15.03329637837291,21.023796041628636,21.095023109728984,21.213203435596427,22.80350850198276,26.248809496813376,26.570660511172843,26.0,23.769728648009426,24.69817807045694,26.92582403567252,21.633307652783937,17.0,16.278820596099706,15.811388300841896,13.601470508735444,13.416407864998739,11.6619037896906,12.08304597359457,11.40175425099138,11.0,12.36931687685298,13.341664064126334,13.416407864998739,13.038404810405298,16.15549442140351,18.027756377319946,17.46424919657298,16.55294535724685,17.08800749063506,13.92838827718412,13.416407864998739,13.892443989449806,14.142135623730951,16.278820596099706,19.209372712298546,17.88854381999832,19.209372712298546,17.804493814764854,18.867962264113206,17.4928556845359,19.209372712298546,18.60107523773827,19.849433241279208,18.60107523773827,17.69180601295413,16.643316977093235,1697990074.2157533
10.19803902718557,8.94427190999916,13.152946437965904,17.4928556845359,18.248287590894655,15.297058540778355,16.76305461424021,19.697715603592208,20.6155281280883,21.931712199461305,23.706539182259394,26.92582403567252,26.627053911388693,25.612496949731394,22.022715545545243,24.758836806279895,19.79898987322333,18.60107523773827,16.1245154965971,15.556349186104047,13.453624047073712,12.806248474865697,11.6619037896906,10.295630140987,12.08304597359457,11.40175425099138,13.0,13.038404810405298,14.317821063276352,13.601470508735444,15.297058540778355,17.46424919657298,20.09975124224178,16.278820596099706,17.26267650163207,14.317821063276352,13.92838827718412,15.231546211727817,14.7648230602334,16.401219466856727,17.88854381999832,17.029386365926403,22.022715545545243,18.38477631085024,19.849433241279208,18.38477631085024,20.615528128088304,19.209372712298546,20.0,19.849433241279208,18.60107523773827,16.970562748477143,1697990074.2247539
12.08304597359457,9.219544457292889,11.180339887498949,12.165525060596437,16.492422502470642,12.36931687685298,19.1049731745428,18.973665961010276,18.681541692269406,20.615528128088304,20.615528128088304,23.40939982143925,21.02379604162864,22.47220505424423,21.633307652783937,22.022715545545243,19.209372712298546,14.866068747318504,14.142135623730951,14.422205101855958,14.422205101855958,10.63014581273465,9.848857801796104,10.770329614269007,11.180339887498949,9.055385138137417,10.04987562112089,13.038404810405298,12.165525060596437,14.560219778561038,14.142135623730951,15.297058540778355,15.132745950421555,15.297058540778355,15.03329637837291,12.649110640673518,14.317821063276352,11.180339887498949,13.416407864998739,12.806248474865697,15.0,15.264337522473749,17.69180601295413,16.401219466856727,17.69180601295413,16.401219466856727,17.204650534085253,18.35755975068582,18.027756377319946,16.643316977093235,18.60107523773827,14.212670403551895,1697990074.232752
13.92838827718412,12.041594578792294,13.152946437965904,19.4164878389476,14.317821063276352,18.38477631085024,13.416407864998739,20.248456731316587,19.4164878389476,22.360679774997898,22.090722034374522,26.305892875931807,24.0,23.0,23.021728866442675,21.0,19.235384061671347,14.142135623730951,16.1245154965971,15.132745950421555,11.045361017187261,12.041594578792294,12.36931687685298,10.44030650891055,11.6619037896906,12.08304597359457,12.806248474865697,13.453624047073712,12.806248474865697,15.0,14.422205101855958,15.811388300841896,17.4928556845359,15.0,18.38477631085024,12.041594578792296,13.601470508735444,13.92838827718412,15.524174696260024,14.317821063276352,13.152946437965904,17.26267650163207,18.110770276274835,17.0,19.026297590440446,18.110770276274835,18.110770276274835,18.027756377319946,20.0,17.0,16.0312195418814,16.1245154965971,1697990074.240753
14.0356688476182,16.492422502470642,17.26267650163207,21.213203435596427,15.524174696260024,16.492422502470642,16.1245154965971,21.587033144922902,20.8806130178211,21.377558326431952,23.345235059857504,27.073972741361768,24.020824298928627,23.021728866442675,21.213203435596427,24.331050121192874,19.6468827043885,18.973665961010276,15.524174696260024,15.524174696260024,13.601470508735444,12.041594578792294,12.0,10.44030650891055,13.92838827718412,10.770329614269007,12.206555615733702,14.142135623730951,14.866068747318504,10.816653826391969,16.970562748477143,16.401219466856727,19.1049731745428,17.029386365926403,15.811388300841896,14.866068747318504,12.041594578792296,12.041594578792296,16.643316977093235,14.7648230602334,16.55294535724685,17.204650534085253,21.95449840010015,14.317821063276352,18.38477631085024,17.08800749063506,18.35755975068582,18.38477631085024,20.12461179749811,17.46424919657298,17.4928556845359,15.811388300841898,1697990074.252799
11.180339887498949,11.704699910719626,13.92838827718412,15.811388300841898,14.866068747318506,15.231546211727817,17.08800749063506,19.924858845171276,25.495097567963924,20.39607805437114,21.023796041628636,24.020824298928627,24.020824298928627,23.086792761230395,21.377558326431952,22.20360331117452,18.681541692269406,19.4164878389476,15.524174696260024,15.811388300841898,15.524174696260024,15.03329637837291,11.045361017187261,11.045361017187261,11.180339887498949,12.806248474865697,9.433981132056603,12.041594578792296,14.212670403551895,9.433981132056603,13.038404810405298,16.278820596099706,16.401219466856727,15.811388300841896,14.866068747318504,11.313708498984761,14.212670403551895,14.142135623730951,13.038404810405298,14.317821063276352,15.264337522473749,16.15549442140351,17.08800749063506,15.811388300841898,17.08800749063506,16.15549442140351,17.88854381999832,17.0,17.88854381999832,16.55294535724685,16.55294535724685,14.866068747318506,1697990074.260799
10.63014581273465,13.892443989449806,12.806248474865697,13.92838827718412,15.524174696260024,15.231546211727817,19.6468827043885,18.973665961010276,20.6155281280883,19.235384061671343,22.203603311174515,24.186773244895647,22.671568097509265,23.3452350598575,22.671568097509265,22.022715545545243,20.518284528683193,15.0,16.643316977093235,14.212670403551895,12.206555615733702,9.899494936611665,9.219544457292887,9.433981132056603,9.433981132056603,10.44030650891055,12.08304597359457,13.038404810405298,11.045361017187261,12.08304597359457,16.278820596099706,14.142135623730951,15.03329637837291,15.03329637837291,14.0356688476182,12.165525060596437,11.40175425099138,11.40175425099138,11.180339887498949,14.422205101855958,14.422205101855958,15.0,15.811388300841896,17.69180601295413,16.643316977093235,15.811388300841896,18.027756377319946,15.811388300841896,17.029386365926403,18.60107523773827,14.866068747318504,13.601470508735444,1697990074.2697992
13.601470508735444,12.165525060596437,13.038404810405298,16.492422502470642,13.152946437965904,18.027756377319946,16.0312195418814,19.1049731745428,19.6468827043885,19.924858845171276,20.248456731316587,21.931712199461305,20.591260281974,21.095023109728988,20.808652046684813,20.615528128088304,17.69180601295413,15.620499351813308,13.453624047073712,12.727922061357857,13.601470508735444,12.206555615733702,8.602325267042627,10.44030650891055,9.219544457292889,13.0,9.219544457292889,10.0,16.15549442140351,13.601470508735444,12.649110640673518,15.231546211727817,18.027756377319946,14.866068747318506,15.524174696260024,11.40175425099138,12.529964086141668,11.6619037896906,11.6619037896906,13.453624047073712,15.556349186104047,16.278820596099706,18.38477631085024,16.278820596099706,17.69180601295413,16.970562748477143,18.38477631085024,17.69180601295413,18.38477631085024,16.970562748477143,15.556349186104047,15.620499351813308,1697990074.279115
11.180339887498949,5.8309518948453,14.142135623730951,10.0,15.297058540778355,16.55294535724685,17.204650534085253,18.439088914585778,19.1049731745428,21.095023109728984,21.023796041628636,23.0,22.090722034374522,21.377558326431952,20.615528128088304,21.840329667841555,18.027756377319946,16.76305461424021,14.866068747318506,13.601470508735444,11.40175425099138,11.045361017187261,11.0,9.055385138137417,10.19803902718557,9.848857801796104,10.816653826391969,12.041594578792296,12.727922061357857,14.212670403551895,14.142135623730951,16.278820596099706,17.69180601295413,15.556349186104047,15.556349186104047,13.453624047073712,12.806248474865697,12.206555615733702,13.416407864998739,13.601470508735444,16.15549442140351,15.811388300841898,17.720045146669353,17.46424919657298,17.46424919657298,17.46424919657298,17.720045146669353,17.720045146669353,18.681541692269406,16.492422502470642,16.76305461424021,15.132745950421555,1697990074.287171
18.0,13.152946437965904,13.038404810405298,15.03329637837291,15.0,18.110770276274835,20.024984394500787,19.1049731745428,24.020824298928627,20.024984394500787,23.0,23.194827009486403,24.331050121192874,25.96150997149434,23.08679276123039,23.769728648009426,19.313207915827967,18.973665961010276,16.55294535724685,15.652475842498529,13.0,11.180339887498949,10.04987562112089,10.19803902718557,13.152946437965904,10.19803902718557,13.453624047073712,12.041594578792296,14.142135623730951,12.206555615733702,15.620499351813308,17.69180601295413,19.1049731745428,17.69180601295413,16.401219466856727,14.212670403551895,12.529964086141668,15.231546211727817,15.652475842498529,15.811388300841898,17.08800749063506,17.46424919657298,20.223748416156685,17.46424919657298,20.8806130178211,19.924858845171276,19.924858845171276,18.681541692269406,21.587033144922902,20.09975124224178,17.26267650163207,17.029386365926403,1697990074.2981987
12.08304597359457,12.806248474865697,20.808652046684813,14.866068747318506,19.4164878389476,11.704699910719626,19.4164878389476,21.18962010041709,22.360679774997898,21.02379604162864,22.360679774997898,25.059928172283335,23.021728866442675,22.203603311174515,22.80350850198276,21.93171219946131,18.439088914585774,15.620499351813308,15.811388300841896,14.142135623730951,13.453624047073712,11.40175425099138,10.816653826391969,11.704699910719626,12.36931687685298,11.180339887498949,11.045361017187261,12.0,13.341664064126334,13.601470508735444,14.560219778561038,17.720045146669353,18.248287590894655,16.278820596099706,15.297058540778355,13.152946437965904,11.40175425099138,12.649110640673518,13.416407864998739,13.892443989449806,13.601470508735444,14.212670403551895,17.204650534085253,14.866068747318504,17.029386365926403,17.804493814764854,17.029386365926403,18.439088914585774,17.804493814764854,18.60107523773827,16.401219466856727,15.620499351813308,1697990074.3090796
8.94427190999916,17.69180601295413,11.40175425099138,14.212670403551895,15.264337522473749,15.0,16.970562748477143,17.88854381999832,20.808652046684813,21.02379604162864,24.186773244895647,24.16609194718914,22.80350850198276,23.08679276123039,23.53720459187964,21.377558326431952,21.023796041628636,18.248287590894655,16.0,15.03329637837291,13.152946437965904,12.36931687685298,10.19803902718557,11.40175425099138,11.313708498984761,10.63014581273465,10.63014581273465,11.6619037896906,12.08304597359457,12.08304597359457,14.317821063276352,16.76305461424021,17.46424919657298,14.7648230602334,14.7648230602334,13.416407864998739,13.0,12.649110640673518,13.341664064126334,15.0,16.0312195418814,14.0,17.029386365926403,16.1245154965971,17.029386365926403,16.0312195418814,18.0,16.0312195418814,17.0,16.0312195418814,16.0,15.132745950421555,1697990074.3175986
9.848857801796104,11.704699910719626,15.652475842498529,17.4928556845359,15.652475842498529,20.808652046684813,16.1245154965971,17.4928556845359,22.360679774997898,25.059928172283335,22.825424421026653,25.079872407968903,24.73863375370596,24.515301344262525,25.01999200639361,24.0,23.0,19.0,18.0,16.1245154965971,14.0356688476182,15.03329637837291,12.041594578792294,11.40175425099138,13.038404810405298,12.806248474865697,12.806248474865697,14.866068747318504,15.620499351813308,13.453624047073712,15.556349186104047,17.204650534085253,19.1049731745428,16.970562748477143,17.69180601295413,14.866068747318504,13.601470508735444,14.422205101855958,16.55294535724685,18.38477631085024,16.55294535724685,17.08800749063506,18.681541692269406,19.6468827043885,18.973665961010276,19.313207915827967,19.697715603592208,15.231546211727817,17.46424919657298,19.313207915827967,18.973665961010276,16.492422502470642,1697990074.331115
17.46424919657298,10.19803902718557,13.341664064126334,13.152946437965904,12.041594578792294,15.132745950421555,17.11724276862369,16.0,20.0,19.0,21.095023109728984,23.345235059857504,22.80350850198276,23.40939982143925,21.931712199461305,20.248456731316587,17.4928556845359,18.35755975068582,15.264337522473749,15.0,11.6619037896906,11.6619037896906,11.704699910719626,9.219544457292889,10.0,12.041594578792294,12.165525060596437,13.341664064126334,12.08304597359457,13.601470508735444,13.0,15.524174696260024,17.08800749063506,15.524174696260024,14.142135623730951,13.0,11.704699910719626,14.7648230602334,14.866068747318504,15.264337522473749,15.811388300841896,18.38477631085024,18.439088914585774,17.029386365926403,18.439088914585774,19.313207915827967,15.556349186104047,15.231546211727817,16.643316977093235,18.60107523773827,16.278820596099706,16.278820596099706,1697990074.3401153
8.06225774829855,10.770329614269007,15.264337522473749,13.892443989449806,12.806248474865697,15.231546211727817,17.88854381999832,14.142135623730951,17.204650534085253,16.970562748477143,21.2602916254693,21.2602916254693,22.022715545545243,23.021728866442675,20.12461179749811,21.02379604162864,17.46424919657298,16.76305461424021,15.231546211727817,12.649110640673518,12.08304597359457,11.6619037896906,9.848857801796104,10.63014581273465,9.899494936611665,10.770329614269007,9.433981132056603,13.92838827718412,14.866068747318506,13.341664064126334,14.866068747318506,14.866068747318506,17.08800749063506,15.231546211727817,15.811388300841898,12.649110640673518,11.40175425099138,12.041594578792294,13.152946437965904,15.03329637837291,15.03329637837291,14.0356688476182,16.0312195418814,16.1245154965971,17.11724276862369,15.132745950421555,16.0312195418814,17.029386365926403,17.029386365926403,16.1245154965971,16.0,15.297058540778355,1697990074.3621833
17.08800749063506,7.615773105863909,12.649110640673518,11.045361017187261,15.132745950421555,17.029386365926403,17.029386365926403,18.027756377319946,19.6468827043885,18.973665961010276,22.80350850198276,25.0,23.259406699226012,22.825424421026653,22.203603311174515,23.021728866442675,19.1049731745428,14.866068747318504,15.620499351813308,13.453624047073712,12.206555615733702,12.206555615733702,10.816653826391969,11.40175425099138,11.40175425099138,12.0,12.041594578792294,13.038404810405298,14.866068747318506,15.811388300841898,14.560219778561038,17.46424919657298,18.110770276274835,16.278820596099706,17.11724276862369,13.152946437965904,12.08304597359457,13.0,14.422205101855958,15.0,16.643316977093235,17.204650534085253,18.38477631085024,17.029386365926403,19.1049731745428,17.029386365926403,17.804493814764854,18.439088914585774,19.1049731745428,18.027756377319946,16.278820596099706,15.620499351813308,1697990074.370183
9.433981132056603,15.0,14.866068747318504,14.142135623730951,14.866068747318504,17.029386365926403,16.970562748477143,17.69180601295413,20.518284528683193,21.2602916254693,22.627416997969522,24.207436873820413,23.853720883753127,23.706539182259394,21.931712199461305,23.769728648009426,17.46424919657298,15.297058540778355,15.297058540778355,12.36931687685298,12.36931687685298,11.6619037896906,10.295630140987,12.041594578792296,8.602325267042627,8.602325267042627,12.165525060596437,13.038404810405298,10.0,15.811388300841898,12.041594578792294,16.0312195418814,16.1245154965971,17.46424919657298,16.492422502470642,16.0,12.0,12.0,11.045361017187261,13.0,16.492422502470642,15.231546211727817,17.46424919657298,16.1245154965971,17.46424919657298,16.643316977093235,17.46424919657298,17.88854381999832,17.0,17.4928556845359,17.08800749063506,14.317821063276352,1697990074.3821824
15.03329637837291,15.132745950421555,18.973665961010276,19.026297590440446,15.0,17.029386365926403,15.524174696260024,18.0,18.439088914585778,20.024984394500787,20.0,24.515301344262525,22.80350850198276,22.847319317591726,22.825424421026653,21.931712199461305,21.095023109728988,18.027756377319946,16.643316977093235,15.0,12.529964086141668,13.0,10.770329614269007,10.04987562112089,11.045361017187261,11.045361017187261,12.165525060596437,12.649110640673518,13.92838827718412,14.317821063276352,15.231546211727817,17.08800749063506,18.027756377319946,15.811388300841898,15.811388300841898,14.866068747318506,12.08304597359457,12.529964086141668,13.892443989449806,12.727922061357857,14.142135623730951,15.620499351813308,17.69180601295413,17.029386365926403,18.38477631085024,15.556349186104047,15.811388300841896,18.973665961010276,17.4928556845359,20.248456731316587,17.08800749063506,16.401219466856727,1697990074.3911812
14.212670403551895,10.295630140987,18.973665961010276,17.69180601295413,17.804493814764854,12.727922061357857,17.69180601295413,15.556349186104047,25.0,23.3452350598575,23.706539182259394,26.419689627245813,25.63201123595259,26.0,25.0,22.80350850198276,21.213203435596427,19.4164878389476,17.26267650163207,16.278820596099706,14.560219778561038,13.341664064126334,10.770329614269007,12.806248474865697,13.038404810405298,12.806248474865697,13.892443989449806,13.892443989449806,14.317821063276352,14.866068747318506,14.866068747318506,18.439088914585778,18.38477631085024,18.973665961010276,17.46424919657298,16.15549442140351,14.317821063276352,15.132745950421555,15.0,17.029386365926403,17.11724276862369,18.248287590894655,19.4164878389476,18.681541692269406,20.39607805437114,18.248287590894655,19.4164878389476,19.1049731745428,20.223748416156685,18.439088914585778,16.492422502470642,14.866068747318506,1697990074.4031858
10.295630140987,11.6619037896906,14.142135623730951,14.560219778561038,16.55294535724685,16.492422502470642,18.027756377319946,15.811388300841898,20.12461179749811,20.591260281974,21.95449840010015,23.853720883753127,24.839484696748443,23.3452350598575,22.671568097509265,21.93171219946131,18.60107523773827,18.027756377319946,16.643316977093235,15.0,14.212670403551895,12.727922061357857,11.313708498984761,10.816653826391969,11.180339887498949,11.704699910719626,12.36931687685298,13.152946437965904,13.038404810405298,14.0,15.03329637837291,17.0,18.110770276274835,15.132745950421555,19.0,16.0,13.038404810405298,14.142135623730951,13.341664064126334,13.92838827718412,15.524174696260024,16.15549442140351,16.55294535724685,16.55294535724685,17.46424919657298,18.38477631085024,18.027756377319946,18.027756377319946,18.973665961010276,18.027756377319946,17.08800749063506,15.652475842498529,1697990074.412698
9.219544457292889,13.152946437965904,13.152946437965904,15.03329637837291,14.866068747318506,13.341664064126334,17.08800749063506,22.561028345356952,18.439088914585778,23.086792761230395,25.317977802344327,23.021728866442675,24.0,23.086792761230395,24.515301344262525,22.561028345356952,18.248287590894655,16.76305461424021,15.524174696260024,14.317821063276352,13.152946437965904,13.152946437965904,11.045361017187261,11.045361017187261,11.180339887498949,9.848857801796104,12.041594578792296,13.152946437965904,11.6619037896906,15.0,16.278820596099706,17.029386365926403,18.60107523773827,17.804493814764854,16.401219466856727,14.212670403551895,13.453624047073712,12.806248474865697,14.212670403551895,13.416407864998739,14.317821063276352,15.231546211727817,17.46424919657298,17.46424919657298,18.38477631085024,17.720045146669353,19.697715603592208,18.027756377319946,19.697715603592208,18.38477631085024,16.55294535724685,16.76305461424021,1697990074.4216971
13.601470508735444,13.601470508735444,16.15549442140351,15.811388300841898,17.88854381999832,17.0,16.401219466856727,22.135943621178658,22.561028345356952,25.298221281347036,25.298221281347036,25.298221281347036,25.495097567963924,26.1725046566048,24.0,24.083189157584588,21.095023109728984,18.027756377319946,18.110770276274835,16.1245154965971,14.0356688476182,13.038404810405298,12.041594578792294,11.40175425099138,12.08304597359457,12.041594578792296,13.453624047073712,12.727922061357857,14.212670403551895,14.7648230602334,15.811388300841896,18.867962264113206,17.029386365926403,16.643316977093235,15.620499351813308,14.422205101855958,13.038404810405298,11.704699910719626,12.165525060596437,14.142135623730951,16.0312195418814,17.029386365926403,17.029386365926403,18.0,19.026297590440446,19.026297590440446,20.024984394500787,19.026297590440446,19.026297590440446,18.110770276274835,17.0,16.0312195418814,1697990074.4326966
10.816653826391969,9.899494936611665,12.206555615733702,13.038404810405298,14.212670403551895,13.892443989449806,16.401219466856727,17.029386365926403,19.209372712298546,19.209372712298546,22.627416997969522,24.08318915758459,23.430749027719962,21.95449840010015,19.723082923316017,21.470910553583888,17.46424919657298,16.55294535724685,14.866068747318506,13.0,12.08304597359457,11.6619037896906,9.219544457292887,9.219544457292887,10.295630140987,9.486832980505138,11.180339887498949,12.165525060596437,12.165525060596437,12.041594578792294,14.0,16.0312195418814,16.278820596099706,14.142135623730951,13.152946437965904,14.0,12.041594578792294,13.152946437965904,11.045361017187261,13.92838827718412,14.866068747318506,14.7648230602334,15.652475842498529,18.38477631085024,18.35755975068582,18.867962264113206,17.46424919657298,17.46424919657298,18.788294228055936,17.0,17.88854381999832,14.7648230602334,1697990074.441697
9.848857801796104,9.0,12.165525060596437,13.152946437965904,12.165525060596437,13.152946437965904,16.0312195418814,15.03329637837291,19.1049731745428,19.209372712298546,22.627416997969522,21.540659228538015,20.6155281280883,20.12461179749811,17.204650534085253,18.60107523773827,15.0,13.601470508735444,14.422205101855958,12.529964086141668,8.602325267042627,9.848857801796104,9.486832980505138,10.0,11.045361017187261,11.045361017187261,10.295630140987,10.295630140987,12.529964086141668,13.892443989449806,11.180339887498949,13.038404810405298,18.788294228055936,13.416407864998739,17.029386365926403,9.848857801796104,11.40175425099138,10.19803902718557,11.045361017187261,13.601470508735444,15.264337522473749,13.892443989449806,16.643316977093235,15.652475842498529,17.08800749063506,17.46424919657298,16.643316977093235,16.401219466856727,17.0,14.212670403551895,12.529964086141668,12.36931687685298,1697990074.4527001
12.36931687685298,10.816653826391969,15.620499351813308,14.212670403551895,13.892443989449806,17.204650534085253,22.203603311174515,18.027756377319946,20.518284528683193,18.35755975068582,22.80350850198276,23.60084744241189,22.825424421026653,22.472205054244235,22.135943621178658,23.08679276123039,18.681541692269406,18.439088914585778,15.132745950421555,14.142135623730951,14.317821063276352,10.44030650891055,13.416407864998739,10.816653826391969,9.899494936611665,11.313708498984761,13.453624047073712,13.038404810405298,13.416407864998739,12.08304597359457,12.529964086141668,17.0,17.4928556845359,16.643316977093235,16.55294535724685,13.416407864998739,12.529964086141668,13.0,12.165525060596437,15.132745950421555,15.524174696260024,15.132745950421555,17.26267650163207,16.1245154965971,18.248287590894655,16.278820596099706,18.248287590894655,16.492422502470642,16.278820596099706,15.297058540778355,16.1245154965971,16.278820596099706,1697990074.4697056
10.816653826391969,18.110770276274835,12.08304597359457,16.643316977093235,13.892443989449806,21.633307652783937,22.203603311174515,18.027756377319946,20.223748416156685,18.35755975068582,19.723082923316017,26.907248094147423,22.825424421026653,22.472205054244235,25.0,23.08679276123039,16.1245154965971,20.024984394500787,15.132745950421555,11.40175425099138,14.317821063276352,10.44030650891055,10.19803902718557,10.816653826391969,9.0,10.816653826391969,14.212670403551895,13.038404810405298,9.219544457292887,11.180339887498949,13.341664064126334,17.0,18.788294228055936,13.0,16.55294535724685,16.401219466856727,13.92838827718412,12.08304597359457,12.08304597359457,11.704699910719626,14.866068747318506,16.55294535724685,19.6468827043885,16.76305461424021,17.26267650163207,17.029386365926403,17.029386365926403,18.681541692269406,17.720045146669353,15.652475842498529,15.811388300841896,15.811388300841896,1697990074.4830718
10.816653826391969,5.385164807134504,12.529964086141668,13.453624047073712,18.027756377319946,19.209372712298546,20.248456731316587,17.69180601295413,18.867962264113206,18.35755975068582,24.413111231467404,24.186773244895647,23.40939982143925,25.298221281347036,22.135943621178658,25.079872407968907,20.09975124224178,18.248287590894655,20.024984394500787,15.0,13.341664064126334,12.36931687685298,10.19803902718557,13.601470508735444,12.206555615733702,10.816653826391969,13.601470508735444,13.892443989449806,9.219544457292887,13.892443989449806,13.341664064126334,20.248456731316587,18.788294228055936,15.811388300841896,16.643316977093235,13.038404810405298,12.529964086141668,15.132745950421555,17.46424919657298,16.0,15.297058540778355,18.027756377319946,17.0,16.1245154965971,19.026297590440446,17.0,19.6468827043885,18.439088914585778,19.1049731745428,16.1245154965971,19.026297590440446,12.041594578792294,1697990074.4910724
10.816653826391969,14.317821063276352,9.486832980505138,17.0,15.620499351813308,12.727922061357857,21.95449840010015,16.643316977093235,20.591260281974,22.825424421026653,23.706539182259394,24.698178070456937,24.351591323771842,24.73863375370596,22.20360331117452,24.186773244895647,20.09975124224178,17.11724276862369,17.029386365926403,15.0,14.0356688476182,13.152946437965904,12.36931687685298,12.08304597359457,12.529964086141668,11.40175425099138,12.806248474865697,13.038404810405298,15.264337522473749,14.7648230602334,13.892443989449806,17.4928556845359,18.60107523773827,17.204650534085253,17.204650534085253,14.422205101855958,13.416407864998739,13.0,13.601470508735444,14.317821063276352,16.278820596099706,17.029386365926403,19.026297590440446,18.027756377319946,18.110770276274835,17.11724276862369,18.248287590894655,19.235384061671347,19.1049731745428,19.0,16.1245154965971,15.03329637837291,1697990074.505411
11.045361017187261,9.486832980505138,15.264337522473749,15.811388300841898,13.92838827718412,17.88854381999832,13.038404810405298,18.973665961010276,20.248456731316587,20.12461179749811,21.02379604162864,24.186773244895647,24.207436873820413,24.207436873820413,22.627416997969522,22.671568097509265,18.60107523773827,18.439088914585774,16.401219466856727,15.620499351813308,13.453624047073712,12.041594578792296,10.0,10.44030650891055,12.36931687685298,11.045361017187261,11.40175425099138,11.045361017187261,13.152946437965904,14.560219778561038,15.297058540778355,17.08800749063506,16.492422502470642,13.92838827718412,16.278820596099706,13.601470508735444,14.866068747318506,13.892443989449806,13.038404810405298,14.866068747318504,16.970562748477143,16.278820596099706,17.804493814764854,17.029386365926403,19.4164878389476,17.804493814764854,19.1049731745428,17.69180601295413,18.38477631085024,16.970562748477143,15.620499351813308,15.264337522473749,1697990074.5188642
13.0,11.40175425099138,16.1245154965971,16.15549442140351,17.4928556845359,15.811388300841896,17.0,20.591260281974,21.470910553583888,24.69817807045694,24.413111231467404,25.0,24.839484696748443,23.3452350598575,22.627416997969522,22.671568097509265,20.615528128088304,18.439088914585774,17.204650534085253,15.811388300841896,13.453624047073712,13.453624047073712,12.041594578792296,10.816653826391969,12.529964086141668,11.704699910719626,12.165525060596437,12.041594578792294,12.041594578792294,13.152946437965904,14.317821063276352,17.26267650163207,17.26267650163207,17.029386365926403,16.278820596099706,13.038404810405298,12.041594578792294,12.08304597359457,13.416407864998739,14.212670403551895,15.620499351813308,15.620499351813308,17.804493814764854,16.278820596099706,18.439088914585774,17.804493814764854,17.204650534085253,18.60107523773827,17.4928556845359,16.970562748477143,20.591260281974,15.264337522473749,1697990074.5331037
13.892443989449806,12.529964086141668,17.804493814764854,19.235384061671343,17.029386365926403,17.4928556845359,16.643316977093235,20.12461179749811,19.849433241279208,22.022715545545243,24.08318915758459,26.1725046566048,24.207436873820413,24.69817807045694,24.16609194718914,24.186773244895647,20.591260281974,18.38477631085024,18.38477631085024,14.866068747318506,13.892443989449806,13.892443989449806,11.6619037896906,10.63014581273465,12.041594578792296,12.529964086141668,13.0,12.36931687685298,16.278820596099706,15.132745950421555,15.297058540778355,18.110770276274835,18.248287590894655,17.26267650163207,16.492422502470642,15.03329637837291,13.038404810405298,14.0,16.278820596099706,16.492422502470642,18.248287590894655,18.681541692269406,19.924858845171276,19.313207915827967,18.681541692269406,19.924858845171276,20.615528128088304,19.6468827043885,19.6468827043885,18.681541692269406,18.681541692269406,17.08800749063506,1697990074.5595014
17.029386365926403,12.36931687685298,11.6619037896906,15.264337522473749,18.027756377319946,17.204650534085253,17.804493814764854,20.248456731316587,21.470910553583888,20.6155281280883,22.472205054244235,25.298221281347036,24.73863375370596,24.331050121192874,23.086792761230395,23.021728866442675,20.0,19.026297590440446,17.029386365926403,16.0312195418814,14.0356688476182,13.038404810405298,11.045361017187261,10.19803902718557,10.770329614269007,10.816653826391969,11.40175425099138,12.041594578792296,13.453624047073712,14.212670403551895,14.212670403551895,16.401219466856727,17.029386365926403,16.278820596099706,16.278820596099706,14.142135623730951,12.806248474865697,13.038404810405298,13.416407864998739,14.866068747318506,16.15549442140351,16.76305461424021,18.973665961010276,17.720045146669353,18.973665961010276,18.027756377319946,18.788294228055936,18.38477631085024,18.788294228055936,17.08800749063506,16.55294535724685,15.811388300841898,1697990074.5721087
13.0,10.04987562112089,16.15549442140351,19.026297590440446,16.0312195418814,16.1245154965971,22.135943621178658,15.132745950421555,23.53720459187964,22.0,23.021728866442675,25.179356624028344,24.331050121192874,24.515301344262525,22.135943621178658,23.08679276123039,19.6468827043885,18.973665961010276,15.231546211727817,14.866068747318506,13.92838827718412,12.165525060596437,12.165525060596437,10.04987562112089,11.0,10.19803902718557,13.0,11.6619037896906,13.601470508735444,14.866068747318504,14.422205101855958,15.811388300841896,16.15549442140351,17.804493814764854,14.142135623730951,10.816653826391969,13.601470508735444,13.453624047073712,13.601470508735444,16.1245154965971,17.029386365926403,15.652475842498529,20.808652046684813,18.35755975068582,19.209372712298546,18.027756377319946,18.867962264113206,20.12461179749811,21.95449840010015,18.35755975068582,15.811388300841896,15.524174696260024,1697990074.5801167
11.180339887498949,13.0,15.03329637837291,17.029386365926403,17.0,17.0,18.027756377319946,19.026297590440446,20.024984394500787,21.023796041628636,23.086792761230395,24.331050121192874,23.53720459187964,24.351591323771842,22.472205054244235,22.847319317591726,19.697715603592208,19.235384061671343,16.1245154965971,15.811388300841896,13.92838827718412,12.36931687685298,10.44030650891055,10.0,12.0,12.165525060596437,12.36931687685298,13.92838827718412,12.529964086141668,14.422205101855958,15.231546211727817,17.46424919657298,17.46424919657298,16.55294535724685,18.38477631085024,13.892443989449806,13.601470508735444,13.601470508735444,16.278820596099706,16.278820596099706,16.970562748477143,16.401219466856727,19.209372712298546,17.804493814764854,18.439088914585774,17.804493814764854,19.1049731745428,18.439088914585774,18.439088914585774,17.029386365926403,16.970562748477143,15.811388300841896,1697990074.5940254
16.0,14.142135623730951,13.453624047073712,14.317821063276352,13.892443989449806,17.804493814764854,18.60107523773827,16.643316977093235,19.235384061671343,20.12461179749811,19.723082923316017,22.847319317591726,22.80350850198276,22.561028345356952,22.20360331117452,21.095023109728984,18.027756377319946,18.027756377319946,16.0,14.0,13.152946437965904,12.165525060596437,10.44030650891055,10.44030650891055,11.180339887498949,10.63014581273465,12.041594578792296,12.806248474865697,13.416407864998739,13.601470508735444,14.7648230602334,16.401219466856727,19.4164878389476,16.401219466856727,15.811388300841896,13.892443989449806,11.6619037896906,13.038404810405298,14.560219778561038,14.0356688476182,16.1245154965971,18.027756377319946,18.681541692269406,18.027756377319946,14.560219778561038,19.4164878389476,17.720045146669353,18.248287590894655,16.492422502470642,17.720045146669353,17.11724276862369,13.601470508735444,1697990074.6089356
15.556349186104047,16.401219466856727,19.0,14.866068747318504,15.0,15.620499351813308,19.209372712298546,16.1245154965971,21.470910553583888,21.93171219946131,24.08318915758459,24.839484696748443,25.80697580112788,23.60084744241189,19.849433241279208,23.021728866442675,18.788294228055936,16.15549442140351,13.892443989449806,16.55294535724685,14.317821063276352,13.038404810405298,12.041594578792296,10.63014581273465,11.313708498984761,10.816653826391969,12.529964086141668,11.704699910719626,13.152946437965904,11.180339887498949,13.152946437965904,18.248287590894655,16.492422502470642,14.0356688476182,17.720045146669353,16.76305461424021,12.0,13.038404810405298,14.0356688476182,15.297058540778355,15.03329637837291,18.027756377319946,17.08800749063506,15.524174696260024,17.46424919657298,18.027756377319946,19.6468827043885,20.248456731316587,17.720045146669353,15.811388300841898,15.297058540778355,13.341664064126334,1697990074.619445
12.041594578792296,16.401219466856727,18.38477631085024,17.46424919657298,15.811388300841898,13.92838827718412,21.18962010041709,19.697715603592208,21.02379604162864,21.470910553583888,22.360679774997898,24.186773244895647,25.0,23.430749027719962,23.3452350598575,23.3452350598575,22.80350850198276,18.35755975068582,15.620499351813308,13.892443989449806,13.453624047073712,12.727922061357857,11.6619037896906,12.041594578792296,11.313708498984761,13.0,13.601470508735444,12.36931687685298,15.132745950421555,14.142135623730951,15.132745950421555,16.0,19.4164878389476,17.26267650163207,17.26267650163207,14.142135623730951,13.0,12.041594578792294,15.03329637837291,16.492422502470642,17.029386365926403,17.46424919657298,18.439088914585778,16.492422502470642,18.439088914585778,17.46424919657298,18.110770276274835,19.1049731745428,18.681541692269406,17.26267650163207,16.1245154965971,15.297058540778355,1697990074.6284616
18.027756377319946,9.055385138137417,18.248287590894655,11.704699910719626,16.15549442140351,18.35755975068582,19.313207915827967,16.15549442140351,22.80350850198276,20.8806130178211,20.248456731316587,23.345235059857504,22.20360331117452,24.083189157584588,22.02271554554524,22.0,19.4164878389476,19.1049731745428,16.1245154965971,15.132745950421555,13.038404810405298,13.038404810405298,11.045361017187261,10.19803902718557,9.848857801796104,11.180339887498949,11.40175425099138,12.206555615733702,13.453624047073712,14.866068747318504,13.453624047073712,16.278820596099706,15.556349186104047,17.029386365926403,15.556349186104047,14.142135623730951,13.038404810405298,13.601470508735444,13.92838827718412,13.92838827718412,14.866068747318506,17.08800749063506,15.811388300841898,17.46424919657298,18.681541692269406,15.524174696260024,18.027756377319946,17.46424919657298,21.931712199461305,17.720045146669353,17.0,16.492422502470642,1697990074.6381195
16.278820596099706,8.06225774829855,15.264337522473749,11.180339887498949,18.38477631085024,18.027756377319946,17.0,17.0,20.0,20.0,23.021728866442675,24.020824298928627,23.194827009486403,24.515301344262525,22.360679774997898,24.73863375370596,20.39607805437114,17.720045146669353,16.15549442140351,15.811388300841898,14.317821063276352,13.038404810405298,12.041594578792294,10.0,10.44030650891055,12.529964086141668,12.206555615733702,12.041594578792296,12.727922061357857,13.453624047073712,14.142135623730951,18.439088914585774,17.804493814764854,17.69180601295413,16.401219466856727,13.601470508735444,13.416407864998739,11.6619037896906,13.038404810405298,15.132745950421555,13.152946437965904,17.26267650163207,17.26267650163207,15.132745950421555,17.11724276862369,16.0312195418814,18.110770276274835,18.248287590894655,18.248287590894655,16.0312195418814,15.132745950421555,15.03329637837291,1697990074.661485
13.892443989449806,9.055385138137417,11.180339887498949,13.038404810405298,15.811388300841896,13.892443989449806,18.788294228055936,15.231546211727817,19.4164878389476,17.804493814764854,21.633307652783937,22.80350850198276,21.213203435596427,21.93171219946131,20.0,21.400934559032695,19.723082923316017,17.46424919657298,15.264337522473749,15.652475842498529,12.529964086141668,11.40175425099138,10.0,10.816653826391969,9.433981132056603,9.848857801796104,11.40175425099138,11.045361017187261,13.038404810405298,11.0,12.041594578792294,14.0356688476182,15.03329637837291,14.0,16.0312195418814,12.041594578792294,11.180339887498949,12.041594578792294,15.524174696260024,15.524174696260024,13.416407864998739,16.492422502470642,19.924858845171276,15.264337522473749,15.652475842498529,17.0,17.46424919657298,17.46424919657298,17.46424919657298,16.55294535724685,15.231546211727817,14.7648230602334,1697990074.7300231
12.529964086141668,13.0,14.560219778561038,15.811388300841898,17.08800749063506,13.601470508735444,18.681541692269406,18.027756377319946,18.027756377319946,21.02379604162864,20.6155281280883,22.847319317591726,23.3238075793812,23.853720883753127,21.93171219946131,24.08318915758459,18.38477631085024,16.970562748477143,17.804493814764854,14.142135623730951,12.041594578792296,8.94427190999916,10.816653826391969,10.0,13.038404810405298,10.44030650891055,11.0,12.0,10.770329614269007,13.0,11.180339887498949,14.560219778561038,16.76305461424021,17.720045146669353,16.0312195418814,10.04987562112089,14.317821063276352,13.92838827718412,12.529964086141668,12.041594578792296,14.212670403551895,16.970562748477143,17.69180601295413,16.278820596099706,16.970562748477143,16.970562748477143,17.804493814764854,17.69180601295413,19.1049731745428,14.866068747318504,15.620499351813308,14.142135623730951,1697990074.740687
11.40175425099138,12.806248474865697,18.38477631085024,19.849433241279208,18.35755975068582,19.4164878389476,17.88854381999832,20.248456731316587,25.0,21.400934559032695,21.633307652783937,27.65863337187866,27.58622844826744,26.248809496813372,25.0,24.413111231467404,23.853720883753127,21.633307652783937,18.867962264113206,16.643316977093235,15.264337522473749,14.212670403551895,10.816653826391969,12.727922061357857,12.041594578792296,12.529964086141668,13.92838827718412,14.317821063276352,14.560219778561038,15.132745950421555,13.0,18.027756377319946,17.029386365926403,17.029386365926403,17.26267650163207,16.278820596099706,13.0,13.038404810405298,13.341664064126334,16.492422502470642,17.46424919657298,17.0,19.697715603592208,17.88854381999832,18.38477631085024,20.12461179749811,19.313207915827967,20.12461179749811,19.235384061671343,20.8806130178211,16.76305461424021,15.652475842498529,1697990074.7493002
16.1245154965971,10.0,19.209372712298546,16.643316977093235,17.4928556845359,14.7648230602334,15.231546211727817,19.924858845171276,21.470910553583888,20.591260281974,23.3238075793812,25.553864678361276,25.0,24.758836806279895,24.08318915758459,22.671568097509265,21.400934559032695,18.60107523773827,18.027756377319946,17.204650534085253,15.0,14.212670403551895,12.041594578792296,12.041594578792296,12.206555615733702,11.704699910719626,11.40175425099138,11.40175425099138,13.341664064126334,12.0,14.0356688476182,16.0312195418814,19.0,16.0,13.038404810405298,13.341664064126334,14.317821063276352,13.601470508735444,12.36931687685298,17.08800749063506,15.811388300841898,17.46424919657298,16.55294535724685,17.804493814764854,14.560219778561038,19.723082923316017,19.697715603592208,17.46424919657298,18.38477631085024,17.0,15.811388300841898,16.1245154965971,1697990074.758135
16.1245154965971,8.246211251235321,18.0,18.0,17.26267650163207,18.439088914585778,14.560219778561038,16.76305461424021,19.4164878389476,22.472205054244235,23.345235059857504,25.96150997149434,24.351591323771842,24.16609194718914,24.186773244895647,23.259406699226012,17.88854381999832,19.209372712298546,17.204650534085253,13.601470508735444,11.40175425099138,13.038404810405298,13.038404810405298,10.770329614269007,10.44030650891055,9.055385138137417,11.180339887498949,9.486832980505138,11.6619037896906,13.416407864998739,12.649110640673518,15.264337522473749,16.55294535724685,13.416407864998739,16.278820596099706,10.770329614269007,11.313708498984761,13.601470508735444,12.36931687685298,13.038404810405298,15.620499351813308,15.652475842498529,19.4164878389476,14.422205101855958,17.88854381999832,15.264337522473749,19.697715603592208,14.317821063276352,21.095023109728988,15.264337522473749,18.60107523773827,13.0,1697990074.7691443
14.866068747318506,16.1245154965971,12.08304597359457,16.1245154965971,16.278820596099706,13.152946437965904,14.317821063276352,17.46424919657298,16.0312195418814,23.194827009486403,22.20360331117452,23.086792761230395,25.079872407968907,21.840329667841555,21.540659228538015,19.313207915827967,16.76305461424021,16.55294535724685,18.027756377319946,16.15549442140351,13.416407864998739,12.649110640673518,13.0,12.165525060596437,12.0,10.04987562112089,10.44030650891055,12.08304597359457,12.08304597359457,13.892443989449806,14.560219778561038,17.0,17.08800749063506,15.231546211727817,15.231546211727817,12.08304597359457,12.529964086141668,10.816653826391969,12.206555615733702,15.620499351813308,14.866068747318504,16.278820596099706,19.1049731745428,16.970562748477143,17.69180601295413,16.401219466856727,17.69180601295413,19.1049731745428,21.633307652783937,16.970562748477143,14.866068747318504,17.204650534085253,1697990074.7835834
11.40175425099138,16.1245154965971,17.46424919657298,16.970562748477143,14.317821063276352,16.1245154965971,17.46424919657298,14.317821063276352,18.027756377319946,22.847319317591726,21.470910553583888,20.248456731316587,22.022715545545243,19.849433241279208,18.38477631085024,21.2602916254693,23.021728866442675,16.278820596099706,17.804493814764854,14.212670403551895,12.041594578792296,12.041594578792296,9.899494936611665,10.63014581273465,10.770329614269007,9.486832980505138,11.180339887498949,10.04987562112089,12.041594578792294,12.165525060596437,13.038404810405298,16.278820596099706,14.142135623730951,15.132745950421555,15.03329637837291,13.038404810405298,13.152946437965904,12.529964086141668,13.038404810405298,13.892443989449806,14.317821063276352,14.422205101855958,17.804493814764854,17.4928556845359,18.60107523773827,17.204650534085253,19.235384061671343,17.88854381999832,17.46424919657298,17.0,15.264337522473749,15.811388300841896,1697990074.7915847
9.486832980505138,16.15549442140351,14.866068747318506,15.297058540778355,16.278820596099706,14.317821063276352,16.492422502470642,17.46424919657298,19.4164878389476,20.223748416156685,21.095023109728984,24.020824298928627,23.021728866442675,22.090722034374522,21.377558326431952,22.20360331117452,18.973665961010276,17.46424919657298,15.231546211727817,15.524174696260024,14.0356688476182,9.055385138137417,13.0,11.045361017187261,11.40175425099138,10.295630140987,10.816653826391969,12.649110640673518,12.041594578792294,16.970562748477143,15.0,13.453624047073712,16.401219466856727,14.866068747318504,15.556349186104047,14.142135623730951,12.727922061357857,12.806248474865697,13.892443989449806,15.652475842498529,15.811388300841898,16.55294535724685,19.313207915827967,17.720045146669353,19.6468827043885,18.681541692269406,18.788294228055936,18.38477631085024,19.235384061671343,17.46424919657298,17.88854381999832,15.811388300841898,1697990074.8025866
18.027756377319946,12.0,12.165525060596437,19.1049731745428,16.492422502470642,18.110770276274835,18.027756377319946,17.029386365926403,20.39607805437114,21.213203435596427,22.20360331117452,24.515301344262525,24.041630560342615,23.769728648009426,22.360679774997898,23.706539182259394,21.095023109728988,20.248456731316587,18.027756377319946,15.811388300841896,13.892443989449806,13.892443989449806,12.529964086141668,10.770329614269007,10.19803902718557,11.0,12.165525060596437,12.36931687685298,13.0,13.416407864998739,13.416407864998739,15.652475842498529,17.08800749063506,13.0,15.524174696260024,14.866068747318506,13.038404810405298,13.601470508735444,13.453624047073712,14.866068747318504,16.278820596099706,17.029386365926403,18.439088914585774,17.804493814764854,19.79898987322333,19.209372712298546,18.38477631085024,19.849433241279208,19.79898987322333,17.029386365926403,18.38477631085024,16.278820596099706,1697990074.8131218
10.44030650891055,8.06225774829855,15.524174696260024,16.643316977093235,13.453624047073712,12.529964086141668,15.620499351813308,18.35755975068582,17.88854381999832,18.867962264113206,21.095023109728988,21.470910553583888,22.135943621178658,19.313207915827967,20.39607805437114,21.377558326431952,17.46424919657298,17.029386365926403,16.0312195418814,14.0356688476182,13.038404810405298,12.165525060596437,12.041594578792294,10.770329614269007,8.94427190999916,8.602325267042627,10.63014581273465,11.40175425099138,10.816653826391969,11.180339887498949,13.038404810405298,14.7648230602334,15.0,13.601470508735444,14.422205101855958,12.041594578792296,12.08304597359457,10.816653826391969,12.36931687685298,13.341664064126334,15.297058540778355,16.278820596099706,17.26267650163207,16.1245154965971,17.26267650163207,17.11724276862369,16.76305461424021,17.08800749063506,17.46424919657298,16.76305461424021,14.866068747318506,11.180339887498949,1697990074.82724
14.317821063276352,16.492422502470642,10.63014581273465,17.46424919657298,14.866068747318506,14.560219778561038,12.649110640673518,18.788294228055936,19.313207915827967,20.615528128088304,21.18962010041709,24.515301344262525,25.179356624028344,24.083189157584588,23.0,23.021728866442675,19.0,20.39607805437114,16.1245154965971,15.03329637837291,15.03329637837291,13.0,13.038404810405298,12.165525060596437,10.44030650891055,10.295630140987,10.816653826391969,12.806248474865697,12.806248474865697,11.6619037896906,11.40175425099138,13.892443989449806,17.204650534085253,16.643316977093235,16.278820596099706,12.727922061357857,10.295630140987,13.0,14.866068747318506,15.297058540778355,15.03329637837291,16.0,19.026297590440446,16.0312195418814,19.235384061671347,19.026297590440446,19.1049731745428,18.439088914585778,19.235384061671347,17.0,16.278820596099706,16.0,1697990074.835238
11.6619037896906,10.44030650891055,14.560219778561038,13.341664064126334,13.341664064126334,14.560219778561038,16.0312195418814,16.76305461424021,19.4164878389476,19.924858845171276,20.8806130178211,20.6155281280883,23.259406699226012,22.360679774997898,22.47220505424423,21.095023109728988,19.79898987322333,17.69180601295413,16.278820596099706,15.620499351813308,12.806248474865697,12.529964086141668,13.038404810405298,12.165525060596437,10.816653826391969,10.19803902718557,11.0,10.04987562112089,11.40175425099138,10.770329614269007,12.08304597359457,14.560219778561038,15.524174696260024,13.92838827718412,14.560219778561038,12.649110640673518,10.770329614269007,12.206555615733702,11.313708498984761,14.866068747318504,15.620499351813308,15.0,16.278820596099706,16.970562748477143,19.209372712298546,15.556349186104047,18.38477631085024,17.69180601295413,18.38477631085024,16.278820596099706,16.401219466856727,12.727922061357857,1697990074.84524
9.219544457292887,13.038404810405298,15.620499351813308,13.0,14.422205101855958,14.317821063276352,18.38477631085024,19.313207915827967,21.931712199461305,19.697715603592208,22.825424421026653,24.186773244895647,26.076809620810597,24.207436873820413,23.430749027719962,21.93171219946131,20.518284528683193,15.620499351813308,18.027756377319946,17.204650534085253,15.0,13.453624047073712,12.041594578792296,12.727922061357857,10.295630140987,9.486832980505138,10.770329614269007,9.0,12.0,13.038404810405298,17.029386365926403,15.524174696260024,17.11724276862369,15.03329637837291,15.0,15.03329637837291,13.038404810405298,11.40175425099138,13.0,13.892443989449806,17.46424919657298,16.643316977093235,19.235384061671343,17.0,18.35755975068582,18.027756377319946,21.02379604162864,19.235384061671343,18.788294228055936,16.15549442140351,16.76305461424021,17.0,1697990074.85424
11.180339887498949,9.433981132056603,9.848857801796104,17.88854381999832,15.811388300841898,19.4164878389476,15.652475842498529,24.351591323771842,16.76305461424021,24.698178070456937,20.6155281280883,24.596747752497688,23.706539182259394,25.238858928247925,21.400934559032695,21.633307652783937,21.2602916254693,16.278820596099706,17.029386365926403,10.63014581273465,13.892443989449806,15.620499351813308,11.40175425099138,13.453624047073712,12.165525060596437,9.486832980505138,8.246211251235321,9.433981132056603,12.0,14.212670403551895,11.704699910719626,12.806248474865697,16.492422502470642,16.55294535724685,17.26267650163207,11.704699910719626,13.416407864998739,10.0,11.40175425099138,14.212670403551895,15.620499351813308,17.204650534085253,19.209372712298546,18.867962264113206,17.4928556845359,17.204650534085253,19.209372712298546,19.1049731745428,19.849433241279208,15.0,17.029386365926403,15.0,1697990074.8681247
15.811388300841896,13.0,14.866068747318506,19.209372712298546,13.601470508735444,11.180339887498949,17.46424919657298,22.02271554554524,18.38477631085024,21.633307652783937,20.8806130178211,24.351591323771842,23.706539182259394,24.413111231467404,21.400934559032695,25.0,20.615528128088304,18.439088914585774,17.029386365926403,14.142135623730951,15.264337522473749,10.295630140987,9.219544457292887,12.08304597359457,12.165525060596437,13.152946437965904,13.341664064126334,10.770329614269007,13.0,12.529964086141668,13.453624047073712,15.231546211727817,16.76305461424021,14.317821063276352,16.1245154965971,13.341664064126334,9.055385138137417,13.038404810405298,14.212670403551895,13.453624047073712,15.620499351813308,16.278820596099706,19.1049731745428,17.804493814764854,17.804493814764854,18.38477631085024,20.518284528683193,18.439088914585774,19.849433241279208,16.401219466856727,19.1049731745428,16.278820596099706,1697990074.877133
12.649110640673518,17.204650534085253,12.08304597359457,15.264337522473749,15.620499351813308,15.620499351813308,19.849433241279208,17.029386365926403,22.203603311174515,21.400934559032695,22.022715545545243,24.758836806279895,24.758836806279895,23.60084744241189,21.633307652783937,23.3238075793812,21.931712199461305,20.615528128088304,16.15549442140351,16.55294535724685,14.317821063276352,13.892443989449806,11.180339887498949,9.848857801796104,9.899494936611665,11.6619037896906,11.180339887498949,11.180339887498949,11.180339887498949,12.165525060596437,12.165525060596437,16.0312195418814,18.248287590894655,16.278820596099706,15.524174696260024,13.341664064126334,12.0,10.0,13.038404810405298,13.341664064126334,15.132745950421555,15.811388300841898,18.681541692269406,18.788294228055936,17.08800749063506,18.35755975068582,19.6468827043885,19.4164878389476,19.235384061671347,16.492422502470642,15.297058540778355,15.524174696260024,1697990074.8851347
16.492422502470642,18.248287590894655,17.720045146669353,19.235384061671347,15.0,17.26267650163207,21.023796041628636,18.110770276274835,20.09975124224178,21.0,22.02271554554524,23.086792761230395,25.179356624028344,24.515301344262525,23.769728648009423,23.259406699226012,21.931712199461305,20.591260281974,17.0,16.55294535724685,16.55294535724685,12.041594578792294,10.295630140987,13.038404810405298,12.041594578792294,11.045361017187261,10.19803902718557,12.08304597359457,11.180339887498949,12.08304597359457,13.453624047073712,13.601470508735444,17.804493814764854,15.0,14.422205101855958,15.811388300841896,11.40175425099138,10.816653826391969,13.453624047073712,15.231546211727817,17.204650534085253,18.027756377319946,17.08800749063506,17.08800749063506,18.38477631085024,18.788294228055936,20.248456731316587,17.46424919657298,17.4928556845359,15.652475842498529,17.0,14.317821063276352,1697990074.8931346
14.142135623730951,9.486832980505138,15.264337522473749,17.204650534085253,15.0,15.620499351813308,15.231546211727817,17.204650534085253,21.2602916254693,21.95449840010015,19.4164878389476,21.213203435596427,24.08318915758459,22.022715545545243,23.430749027719962,21.470910553583888,18.867962264113206,16.15549442140351,18.027756377319946,14.866068747318506,15.231546211727817,15.524174696260024,12.36931687685298,10.63014581273465,13.038404810405298,11.40175425099138,10.19803902718557,7.280109889280519,11.40175425099138,16.76305461424021,18.0,13.152946437965904,13.341664064126334,16.1245154965971,15.524174696260024,14.560219778561038,11.180339887498949,11.704699910719626,11.180339887498949,12.165525060596437,16.278820596099706,12.649110640673518,17.08800749063506,17.720045146669353,16.1245154965971,16.278820596099706,19.1049731745428,15.03329637837291,18.027756377319946,17.26267650163207,16.0,14.0356688476182,1697990074.9021082
10.295630140987,7.810249675906654,17.46424919657298,18.973665961010276,17.720045146669353,11.704699910719626,15.524174696260024,20.39607805437114,19.4164878389476,21.377558326431952,22.135943621178658,25.709920264364882,24.351591323771842,22.360679774997898,22.360679774997898,25.553864678361276,21.633307652783937,18.60107523773827,17.029386365926403,15.620499351813308,15.0,12.806248474865697,13.038404810405298,9.848857801796104,10.19803902718557,10.04987562112089,11.045361017187261,11.40175425099138,12.165525060596437,11.704699910719626,11.704699910719626,13.0,15.652475842498529,15.231546211727817,14.866068747318506,13.0,11.6619037896906,12.08304597359457,13.453624047073712,12.806248474865697,16.278820596099706,15.264337522473749,18.60107523773827,15.811388300841896,17.029386365926403,17.029386365926403,19.1049731745428,18.439088914585774,18.38477631085024,17.69180601295413,15.620499351813308,15.556349186104047,1697990074.9201584
12.806248474865697,13.453624047073712,15.264337522473749,17.029386365926403,16.401219466856727,16.643316977093235,18.60107523773827,19.4164878389476,21.400934559032695,21.400934559032695,21.400934559032695,26.870057685088806,24.758836806279895,25.0,23.60084744241189,25.238858928247925,22.360679774997898,21.02379604162864,17.46424919657298,17.08800749063506,12.08304597359457,12.649110640673518,13.892443989449806,11.313708498984761,10.19803902718557,11.6619037896906,11.045361017187261,9.219544457292887,12.165525060596437,10.04987562112089,12.36931687685298,15.03329637837291,15.03329637837291,16.0312195418814,15.03329637837291,14.0,13.152946437965904,11.180339887498949,12.649110640673518,12.08304597359457,16.15549442140351,15.231546211727817,17.0,16.1245154965971,18.35755975068582,17.88854381999832,18.788294228055936,18.38477631085024,19.313207915827967,17.46424919657298,17.08800749063506,15.231546211727817,1697990074.929143
15.811388300841896,6.0827625302982185,20.024984394500787,20.223748416156685,16.0312195418814,18.110770276274835,15.524174696260024,20.223748416156685,21.023796041628636,21.213203435596427,19.1049731745428,26.870057685088806,25.96150997149434,23.40939982143925,21.540659228538015,24.698178070456937,20.591260281974,20.248456731316587,15.811388300841896,15.811388300841896,13.038404810405298,13.416407864998739,10.770329614269007,10.44030650891055,10.04987562112089,10.0,11.40175425099138,11.40175425099138,13.0,12.206555615733702,13.038404810405298,14.212670403551895,17.4928556845359,14.7648230602334,16.1245154965971,13.892443989449806,12.806248474865697,12.041594578792296,11.40175425099138,15.0,18.35755975068582,16.643316977093235,19.723082923316017,17.88854381999832,18.867962264113206,19.235384061671343,19.4164878389476,19.723082923316017,19.209372712298546,18.60107523773827,17.029386365926403,16.1245154965971,1697990074.9381454
16.278820596099706,7.0710678118654755,15.03329637837291,17.08800749063506,16.15549442140351,17.46424919657298,21.023796041628636,22.20360331117452,21.587033144922902,22.360679774997898,25.317977802344327,26.68332812825267,24.73863375370596,25.63201123595259,24.351591323771842,25.495097567963924,22.360679774997898,20.591260281974,18.867962264113206,17.4928556845359,14.7648230602334,14.317821063276352,11.704699910719626,12.36931687685298,12.041594578792294,11.180339887498949,12.36931687685298,10.44030650891055,14.422205101855958,12.041594578792296,13.601470508735444,15.620499351813308,17.029386365926403,15.620499351813308,15.620499351813308,13.453624047073712,12.041594578792296,13.038404810405298,12.529964086141668,16.15549442140351,17.720045146669353,17.46424919657298,18.681541692269406,17.46424919657298,17.46424919657298,16.492422502470642,18.973665961010276,17.720045146669353,18.027756377319946,16.76305461424021,17.720045146669353,16.76305461424021,1697990074.9471462
11.40175425099138,10.816653826391969,18.38477631085024,13.038404810405298,15.556349186104047,15.0,17.69180601295413,17.08800749063506,20.518284528683193,21.095023109728988,19.79898987322333,22.47220505424423,24.69817807045694,23.259406699226012,24.16609194718914,23.08679276123039,21.18962010041709,18.681541692269406,17.46424919657298,15.297058540778355,14.317821063276352,12.649110640673518,10.770329614269007,10.295630140987,10.63014581273465,10.0,11.180339887498949,11.180339887498949,12.36931687685298,13.601470508735444,13.601470508735444,15.297058540778355,16.492422502470642,16.278820596099706,15.524174696260024,13.341664064126334,13.038404810405298,11.045361017187261,14.142135623730951,15.524174696260024,17.46424919657298,18.439088914585778,18.681541692269406,17.720045146669353,18.027756377319946,19.924858845171276,20.223748416156685,19.4164878389476,18.248287590894655,18.681541692269406,16.492422502470642,16.76305461424021,1697990074.9642935
11.6619037896906,17.46424919657298,13.0,15.297058540778355,16.492422502470642,15.524174696260024,18.681541692269406,17.0,21.18962010041709,19.026297590440446,24.331050121192874,23.40939982143925,23.769728648009426,24.698178070456937,23.706539182259394,25.553864678361276,21.400934559032695,19.4164878389476,18.60107523773827,15.811388300841896,14.7648230602334,13.892443989449806,11.180339887498949,11.704699910719626,11.180339887498949,12.165525060596437,13.038404810405298,12.36931687685298,12.36931687685298,13.0,14.866068747318506,16.55294535724685,17.46424919657298,15.652475842498529,16.15549442140351,13.416407864998739,11.6619037896906,12.206555615733702,15.620499351813308,15.620499351813308,15.620499351813308,17.029386365926403,17.69180601295413,17.804493814764854,18.439088914585774,17.804493814764854,22.022715545545243,19.4164878389476,19.209372712298546,17.804493814764854,17.029386365926403,16.401219466856727,1697990074.9791908
16.970562748477143,10.63014581273465,14.866068747318506,16.278820596099706,19.4164878389476,16.1245154965971,16.0312195418814,17.0,21.470910553583888,21.2602916254693,22.022715545545243,25.238858928247925,25.495097567963924,26.1725046566048,24.08318915758459,26.248809496813372,22.47220505424423,21.400934559032695,17.0,16.643316977093235,15.264337522473749,13.601470508735444,12.206555615733702,11.313708498984761,12.206555615733702,10.770329614269007,11.180339887498949,12.041594578792294,11.045361017187261,12.0,13.152946437965904,17.029386365926403,16.1245154965971,15.03329637837291,15.0,11.0,12.36931687685298,12.649110640673518,13.892443989449806,13.892443989449806,17.46424919657298,16.643316977093235,18.60107523773827,16.401219466856727,18.60107523773827,17.029386365926403,20.248456731316587,18.867962264113206,18.60107523773827,17.0,17.0,17.204650534085253,1697990074.9871893
15.811388300841896,13.038404810405298,18.60107523773827,19.79898987322333,17.69180601295413,17.804493814764854,19.209372712298546,21.400934559032695,21.93171219946131,21.213203435596427,24.08318915758459,26.248809496813372,25.80697580112788,25.553864678361276,25.059928172283335,25.553864678361276,21.931712199461305,20.6155281280883,18.38477631085024,16.55294535724685,15.652475842498529,15.264337522473749,13.416407864998739,13.038404810405298,12.806248474865697,11.40175425099138,12.529964086141668,12.649110640673518,13.341664064126334,14.142135623730951,14.142135623730951,17.029386365926403,17.26267650163207,17.11724276862369,17.11724276862369,14.142135623730951,13.0,14.0356688476182,14.317821063276352,14.866068747318506,16.76305461424021,17.08800749063506,19.313207915827967,17.46424919657298,18.788294228055936,17.88854381999832,20.6155281280883,20.248456731316587,20.8806130178211,18.973665961010276,18.439088914585778,16.15549442140351,1697990075.0012414
13.038404810405298,10.295630140987,20.6155281280883,17.204650534085253,14.422205101855958,13.601470508735444,17.11724276862369,13.92838827718412,21.540659228538015,18.027756377319946,23.259406699226012,22.80350850198276,25.059928172283335,24.207436873820413,22.022715545545243,25.80697580112788,19.849433241279208,18.60107523773827,17.69180601295413,14.866068747318504,15.620499351813308,13.892443989449806,12.041594578792296,11.40175425099138,12.36931687685298,11.40175425099138,11.0,10.04987562112089,13.92838827718412,10.295630140987,10.770329614269007,15.652475842498529,13.601470508735444,15.231546211727817,13.0,12.529964086141668,10.63014581273465,9.219544457292887,10.63014581273465,15.231546211727817,14.212670403551895,16.55294535724685,19.313207915827967,16.15549442140351,17.88854381999832,16.15549442140351,19.235384061671343,17.88854381999832,21.400934559032695,14.866068747318506,19.4164878389476,13.038404810405298,1697990075.014876
12.529964086141668,10.63014581273465,15.811388300841898,16.278820596099706,17.029386365926403,17.69180601295413,16.401219466856727,17.204650534085253,21.213203435596427,21.2602916254693,24.207436873820413,26.400757564888174,26.076809620810597,24.596747752497688,23.259406699226012,25.63201123595259,22.80350850198276,19.4164878389476,17.26267650163207,16.492422502470642,14.317821063276352,13.92838827718412,11.704699910719626,12.08304597359457,11.6619037896906,11.313708498984761,12.206555615733702,11.6619037896906,13.0,12.649110640673518,13.92838827718412,16.76305461424021,17.46424919657298,15.811388300841898,15.811388300841898,12.36931687685298,12.165525060596437,13.152946437965904,14.0356688476182,15.03329637837291,16.0312195418814,18.027756377319946,20.09975124224178,19.235384061671347,19.1049731745428,19.1049731745428,21.0,20.0,21.023796041628636,20.024984394500787,19.0,16.0312195418814,1697990075.023884
12.649110640673518,13.601470508735444,15.652475842498529,18.867962264113206,16.1245154965971,17.0,22.203603311174515,14.212670403551895,21.633307652783937,21.931712199461305,23.769728648009426,26.570660511172843,23.769728648009423,25.709920264364882,24.331050121192874,25.63201123595259,21.095023109728984,21.095023109728984,17.11724276862369,18.027756377319946,15.03329637837291,15.132745950421555,12.165525060596437,12.36931687685298,12.36931687685298,10.816653826391969,10.63014581273465,10.0,11.6619037896906,13.0,12.806248474865697,14.317821063276352,17.0,15.264337522473749,14.7648230602334,13.416407864998739,11.704699910719626,11.704699910719626,13.152946437965904,12.0,17.0,16.1245154965971,18.110770276274835,17.11724276862369,18.110770276274835,17.26267650163207,19.026297590440446,20.0,19.0,17.029386365926403,17.11724276862369,16.0312195418814,1697990075.0375168
17.88854381999832,11.045361017187261,15.652475842498529,15.556349186104047,19.209372712298546,18.439088914585774,19.1049731745428,19.209372712298546,22.022715545545243,23.3238075793812,24.413111231467404,24.596747752497688,26.400757564888174,26.92582403567252,23.769728648009423,23.08679276123039,19.924858845171276,17.029386365926403,18.681541692269406,17.26267650163207,14.560219778561038,13.92838827718412,13.0,11.180339887498949,11.6619037896906,9.219544457292887,10.0,13.416407864998739,13.92838827718412,14.866068747318506,13.601470508735444,12.649110640673518,14.866068747318506,14.866068747318506,14.866068747318506,12.36931687685298,13.341664064126334,12.165525060596437,14.0356688476182,14.560219778561038,14.560219778561038,15.524174696260024,16.492422502470642,16.76305461424021,18.681541692269406,17.720045146669353,19.4164878389476,19.235384061671347,20.39607805437114,17.26267650163207,17.26267650163207,15.297058540778355,1697990075.0455167
6.708203932499369,10.63014581273465,17.029386365926403,15.556349186104047,16.401219466856727,14.866068747318504,21.213203435596427,21.2602916254693,22.47220505424423,23.3452350598575,24.758836806279895,24.041630560342618,26.907248094147423,26.400757564888174,25.238858928247925,27.202941017470888,21.931712199461305,20.591260281974,19.235384061671343,17.46424919657298,15.264337522473749,15.264337522473749,13.038404810405298,11.40175425099138,11.313708498984761,10.295630140987,11.40175425099138,12.041594578792294,12.0,14.142135623730951,12.041594578792294,15.132745950421555,17.0,15.0,15.03329637837291,14.0356688476182,12.36931687685298,12.649110640673518,13.92838827718412,13.453624047073712,14.422205101855958,16.401219466856727,19.849433241279208,17.029386365926403,17.804493814764854,17.204650534085253,19.209372712298546,20.808652046684813,20.808652046684813,18.60107523773827,16.55294535724685,16.401219466856727,1697990075.061112
6.708203932499369,14.317821063276352,21.377558326431952,13.601470508735444,19.924858845171276,18.35755975068582,17.08800749063506,18.248287590894655,20.6155281280883,21.840329667841555,23.769728648009423,25.495097567963924,24.186773244895647,25.01999200639361,25.0,25.079872407968907,22.02271554554524,20.223748416156685,18.439088914585778,16.278820596099706,16.0,14.0,12.0,12.0,12.165525060596437,11.180339887498949,11.6619037896906,11.40175425099138,12.041594578792296,12.206555615733702,13.601470508735444,16.1245154965971,16.643316977093235,13.892443989449806,15.264337522473749,12.206555615733702,10.816653826391969,11.180339887498949,14.142135623730951,16.0312195418814,14.422205101855958,16.492422502470642,15.03329637837291,18.0,17.0,17.029386365926403,18.027756377319946,19.0,19.1049731745428,18.110770276274835,18.248287590894655,16.0312195418814,1697990075.0701609
8.246211251235321,17.11724276862369,21.377558326431952,16.1245154965971,15.524174696260024,15.652475842498529,17.88854381999832,20.248456731316587,19.924858845171276,23.40939982143925,24.596747752497688,26.832815729997478,24.351591323771842,25.0,23.53720459187964,25.179356624028344,21.213203435596427,19.4164878389476,13.152946437965904,15.297058540778355,15.524174696260024,14.0,11.40175425099138,7.810249675906654,6.708203932499369,7.810249675906654,11.045361017187261,10.44030650891055,10.0,13.0,13.152946437965904,14.142135623730951,17.029386365926403,16.492422502470642,15.03329637837291,14.317821063276352,11.6619037896906,13.0,13.892443989449806,12.529964086141668,14.866068747318504,16.643316977093235,19.849433241279208,17.204650534085253,17.804493814764854,18.867962264113206,18.60107523773827,18.60107523773827,21.95449840010015,18.110770276274835,18.248287590894655,17.804493814764854,1697990075.0794158
8.246211251235321,11.40175425099138,19.4164878389476,14.866068747318504,15.0,19.1049731745428,16.970562748477143,23.3238075793812,19.849433241279208,19.209372712298546,23.3452350598575,24.839484696748443,24.207436873820413,23.3238075793812,22.825424421026653,23.259406699226012,21.02379604162864,18.38477631085024,18.788294228055936,14.866068747318506,15.652475842498529,13.416407864998739,11.180339887498949,10.0,10.63014581273465,9.433981132056603,8.54400374531753,10.04987562112089,11.045361017187261,12.0,13.038404810405298,14.0,15.03329637837291,13.0,14.0356688476182,11.045361017187261,11.045361017187261,10.44030650891055,9.848857801796104,12.806248474865697,12.529964086141668,15.620499351813308,15.811388300841896,15.620499351813308,17.804493814764854,15.620499351813308,18.60107523773827,18.027756377319946,17.804493814764854,17.204650534085253,14.422205101855958,16.278820596099706,1697990075.0884259
13.601470508735444,7.211102550927979,9.433981132056603,20.6155281280883,18.788294228055936,17.08800749063506,16.76305461424021,17.46424919657298,21.470910553583888,24.186773244895647,24.186773244895647,26.076809620810597,25.612496949731394,25.495097567963924,24.758836806279895,25.455844122715714,21.2602916254693,20.615528128088304,18.439088914585774,17.204650534085253,15.0,14.866068747318504,12.041594578792296,11.40175425099138,10.816653826391969,9.486832980505138,11.045361017187261,12.0,12.165525060596437,13.601470508735444,13.341664064126334,15.811388300841898,17.46424919657298,16.492422502470642,15.524174696260024,14.560219778561038,12.08304597359457,11.6619037896906,12.806248474865697,14.142135623730951,16.970562748477143,17.029386365926403,19.849433241279208,18.439088914585774,19.1049731745428,19.209372712298546,20.518284528683193,20.518284528683193,21.93171219946131,19.1049731745428,19.1049731745428,17.029386365926403,1697990075.0991254
16.76305461424021,10.44030650891055,17.69180601295413,17.69180601295413,15.0,15.620499351813308,17.029386365926403,20.615528128088304,22.203603311174515,22.360679774997898,21.633307652783937,22.360679774997898,23.706539182259394,25.63201123595259,24.041630560342615,21.18962010041709,21.213203435596427,20.09975124224178,16.1245154965971,15.524174696260024,15.297058540778355,14.317821063276352,11.40175425099138,10.770329614269007,10.816653826391969,9.899494936611665,11.313708498984761,12.529964086141668,11.704699910719626,14.317821063276352,14.317821063276352,16.15549442140351,13.892443989449806,16.15549442140351,15.811388300841898,13.0,11.40175425099138,11.180339887498949,13.038404810405298,13.341664064126334,16.0,16.0312195418814,17.26267650163207,16.278820596099706,16.1245154965971,16.278820596099706,17.46424919657298,20.09975124224178,19.4164878389476,16.0,17.26267650163207,13.341664064126334,1697990075.1097233
10.04987562112089,14.0,11.704699910719626,18.110770276274835,16.492422502470642,17.26267650163207,18.439088914585778,17.26267650163207,23.53720459187964,21.213203435596427,22.090722034374522,26.076809620810597,25.01999200639361,24.083189157584588,23.194827009486403,22.20360331117452,20.8806130178211,19.1049731745428,16.492422502470642,15.524174696260024,15.297058540778355,15.132745950421555,12.165525060596437,11.045361017187261,12.165525060596437,10.770329614269007,11.6619037896906,11.40175425099138,12.727922061357857,12.806248474865697,13.038404810405298,16.643316977093235,16.278820596099706,16.278820596099706,15.620499351813308,14.422205101855958,13.892443989449806,13.0,15.231546211727817,15.297058540778355,17.720045146669353,18.110770276274835,19.1049731745428,18.027756377319946,18.248287590894655,18.027756377319946,19.1049731745428,21.023796041628636,19.235384061671347,19.0,18.439088914585778,16.1245154965971,1697990075.123242
10.04987562112089,15.556349186104047,20.12461179749811,12.806248474865697,16.15549442140351,16.401219466856727,19.313207915827967,23.08679276123039,21.587033144922902,23.08679276123039,22.80350850198276,26.248809496813376,27.294688127912362,27.16615541441225,25.0,27.0,23.021728866442675,19.1049731745428,19.1049731745428,17.26267650163207,15.297058540778355,15.03329637837291,13.038404810405298,12.0,11.180339887498949,11.704699910719626,11.6619037896906,12.529964086141668,12.041594578792296,12.206555615733702,13.453624047073712,17.204650534085253,17.804493814764854,16.278820596099706,16.278820596099706,14.142135623730951,13.601470508735444,13.416407864998739,13.0,14.560219778561038,15.524174696260024,18.248287590894655,18.439088914585778,17.720045146669353,19.6468827043885,18.439088914585778,20.615528128088304,21.023796041628636,22.135943621178658,18.027756377319946,16.15549442140351,17.08800749063506,1697990075.1322427
12.529964086141668,15.811388300841896,15.811388300841896,17.029386365926403,15.620499351813308,13.0,20.591260281974,18.60107523773827,19.4164878389476,21.400934559032695,23.60084744241189,25.495097567963924,24.041630560342618,22.671568097509265,22.022715545545243,22.671568097509265,22.671568097509265,19.723082923316017,16.1245154965971,10.816653826391969,12.206555615733702,13.453624047073712,9.899494936611665,8.06225774829855,9.848857801796104,9.848857801796104,11.045361017187261,9.848857801796104,14.560219778561038,12.206555615733702,12.08304597359457,16.643316977093235,14.866068747318506,14.317821063276352,13.416407864998739,12.529964086141668,10.816653826391969,10.0,12.041594578792296,13.601470508735444,14.7648230602334,15.231546211727817,17.0,16.55294535724685,16.55294535724685,16.55294535724685,17.88854381999832,17.88854381999832,18.35755975068582,16.55294535724685,16.1245154965971,14.866068747318506,1697990075.141241
10.04987562112089,11.045361017187261,14.317821063276352,15.132745950421555,13.341664064126334,14.560219778561038,16.492422502470642,19.235384061671347,24.041630560342615,22.360679774997898,19.6468827043885,23.194827009486403,24.020824298928627,24.020824298928627,23.086792761230395,23.086792761230395,19.235384061671347,17.46424919657298,16.492422502470642,14.142135623730951,11.40175425099138,12.041594578792294,11.045361017187261,8.06225774829855,9.486832980505138,11.6619037896906,11.313708498984761,8.485281374238571,10.63014581273465,9.848857801796104,11.180339887498949,15.231546211727817,15.264337522473749,13.416407864998739,13.892443989449806,11.180339887498949,10.44030650891055,11.180339887498949,13.152946437965904,14.0356688476182,15.03329637837291,15.0,17.0,17.26267650163207,17.029386365926403,16.1245154965971,18.027756377319946,18.027756377319946,19.1049731745428,17.029386365926403,16.0,15.132745950421555,1697990075.1502426
18.027756377319946,14.560219778561038,14.317821063276352,15.132745950421555,15.264337522473749,14.560219778561038,23.021728866442675,21.93171219946131,25.495097567963924,22.360679774997898,26.627053911388693,28.844410203711917,26.248809496813372,26.907248094147423,25.612496949731394,26.400757564888174,19.235384061671347,17.46424919657298,20.12461179749811,18.027756377319946,17.0,15.264337522473749,12.206555615733702,12.041594578792296,12.206555615733702,12.529964086141668,10.770329614269007,12.36931687685298,13.038404810405298,15.0,16.0312195418814,18.027756377319946,19.026297590440446,17.029386365926403,17.029386365926403,15.0,13.038404810405298,14.142135623730951,13.416407864998739,17.0,17.88854381999832,17.88854381999832,21.95449840010015,19.723082923316017,20.12461179749811,20.12461179749811,20.6155281280883,21.540659228538015,20.6155281280883,18.35755975068582,18.788294228055936,17.4928556845359,1697990075.159242
8.94427190999916,17.029386365926403,16.643316977093235,18.867962264113206,17.4928556845359,19.209372712298546,21.400934559032695,21.633307652783937,23.3238075793812,23.021728866442675,24.839484696748443,26.907248094147423,26.1725046566048,26.248809496813372,24.839484696748443,25.0,22.203603311174515,21.095023109728988,18.867962264113206,16.401219466856727,15.0,14.212670403551895,13.453624047073712,12.041594578792296,11.40175425099138,11.180339887498949,10.44030650891055,11.180339887498949,13.038404810405298,13.341664064126334,14.142135623730951,15.524174696260024,17.11724276862369,18.027756377319946,20.0,13.341664064126334,11.180339887498949,15.652475842498529,16.401219466856727,16.55294535724685,15.811388300841896,18.867962264113206,21.95449840010015,19.209372712298546,20.808652046684813,20.808652046684813,22.47220505424423,21.540659228538015,20.248456731316587,18.35755975068582,18.60107523773827,15.0,1697990075.1702516
13.038404810405298,13.416407864998739,13.92838827718412,20.615528128088304,17.4928556845359,17.4928556845359,21.400934559032695,21.633307652783937,23.3238075793812,22.671568097509265,24.839484696748443,25.495097567963924,25.495097567963924,27.202941017470888,24.413111231467404,25.0,22.825424421026653,16.76305461424021,18.248287590894655,15.03329637837291,15.0,15.231546211727817,13.453624047073712,11.704699910719626,13.453624047073712,11.180339887498949,10.770329614269007,12.806248474865697,12.649110640673518,13.038404810405298,16.1245154965971,16.278820596099706,17.720045146669353,15.03329637837291,16.1245154965971,14.317821063276352,14.0,15.652475842498529,12.529964086141668,13.92838827718412,14.866068747318506,15.231546211727817,18.788294228055936,18.788294228055936,19.313207915827967,18.788294228055936,20.248456731316587,20.8806130178211,20.8806130178211,19.313207915827967,18.973665961010276,16.55294535724685,1697990075.179254
12.206555615733702,12.649110640673518,14.560219778561038,19.4164878389476,16.1245154965971,15.652475842498529,17.08800749063506,18.110770276274835,19.313207915827967,19.924858845171276,21.18962010041709,22.360679774997898,23.769728648009423,23.345235059857504,22.090722034374522,23.194827009486403,21.023796041628636,17.0,18.110770276274835,14.317821063276352,14.0356688476182,13.0,12.041594578792294,11.045361017187261,10.19803902718557,8.602325267042627,10.295630140987,8.485281374238571,10.816653826391969,13.0,13.416407864998739,12.649110640673518,15.652475842498529,13.892443989449806,14.422205101855958,11.40175425099138,14.0,12.041594578792294,10.770329614269007,13.0,14.0,16.0312195418814,17.029386365926403,18.110770276274835,17.029386365926403,16.278820596099706,18.027756377319946,20.024984394500787,17.029386365926403,15.132745950421555,17.029386365926403,15.297058540778355,1697990075.188251
13.038404810405298,10.770329614269007,17.204650534085253,12.806248474865697,15.0,17.029386365926403,18.38477631085024,19.849433241279208,18.35755975068582,22.47220505424423,18.867962264113206,22.47220505424423,19.313207915827967,24.596747752497688,22.80350850198276,19.924858845171276,22.360679774997898,17.46424919657298,17.11724276862369,13.601470508735444,15.524174696260024,12.165525060596437,11.180339887498949,10.44030650891055,9.433981132056603,9.219544457292887,10.295630140987,14.422205101855958,10.816653826391969,11.704699910719626,14.560219778561038,12.041594578792296,13.92838827718412,15.0,14.422205101855958,11.180339887498949,11.704699910719626,12.165525060596437,11.045361017187261,13.038404810405298,16.0312195418814,14.0,17.11724276862369,16.0312195418814,16.0,16.0,18.027756377319946,18.027756377319946,17.26267650163207,16.492422502470642,16.0312195418814,14.142135623730951,1697990075.2042608
13.038404810405298,13.341664064126334,17.88854381999832,17.08800749063506,14.7648230602334,17.720045146669353,14.560219778561038,18.248287590894655,20.248456731316587,20.248456731316587,21.18962010041709,23.706539182259394,22.825424421026653,21.95449840010015,20.808652046684813,22.203603311174515,15.811388300841896,17.029386365926403,14.866068747318504,15.0,14.142135623730951,14.866068747318504,11.180339887498949,9.219544457292887,7.0710678118654755,11.045361017187261,11.180339887498949,10.19803902718557,10.0,13.92838827718412,13.416407864998739,17.69180601295413,16.55294535724685,13.038404810405298,14.317821063276352,13.92838827718412,13.0,12.165525060596437,11.180339887498949,12.649110640673518,14.212670403551895,16.1245154965971,14.7648230602334,13.601470508735444,17.46424919657298,16.55294535724685,17.46424919657298,17.46424919657298,17.0,15.652475842498529,14.7648230602334,13.416407864998739,1697990075.225575
16.970562748477143,13.341664064126334,18.439088914585774,21.02379604162864,18.867962264113206,16.1245154965971,16.643316977093235,17.69180601295413,19.849433241279208,22.80350850198276,22.627416997969522,23.3452350598575,23.430749027719962,23.853720883753127,22.47220505424423,24.698178070456937,20.12461179749811,19.313207915827967,16.76305461424021,11.40175425099138,16.15549442140351,10.816653826391969,11.704699910719626,11.6619037896906,12.806248474865697,11.045361017187261,10.295630140987,8.0,13.416407864998739,12.041594578792294,12.649110640673518,13.341664064126334,17.26267650163207,16.278820596099706,15.524174696260024,14.0,13.038404810405298,11.045361017187261,12.649110640673518,14.560219778561038,17.46424919657298,15.811388300841898,18.38477631085024,18.38477631085024,18.38477631085024,18.027756377319946,19.924858845171276,18.439088914585778,19.6468827043885,18.681541692269406,18.110770276274835,18.027756377319946,1697990075.2400866
10.0,7.0710678118654755,21.2602916254693,19.849433241279208,19.235384061671343,20.0,15.811388300841896,17.4928556845359,25.0,24.207436873820413,25.495097567963924,25.455844122715714,25.455844122715714,26.400757564888174,24.69817807045694,24.69817807045694,17.204650534085253,16.55294535724685,18.38477631085024,17.0,14.317821063276352,14.422205101855958,12.206555615733702,12.041594578792296,12.041594578792296,10.295630140987,13.0,11.045361017187261,13.0,13.0,15.03329637837291,16.1245154965971,18.027756377319946,16.0,17.029386365926403,14.0356688476182,14.0356688476182,13.0,14.866068747318506,15.652475842498529,17.4928556845359,17.204650534085253,21.470910553583888,18.027756377319946,20.6155281280883,19.4164878389476,21.02379604162864,18.439088914585778,19.697715603592208,18.38477631085024,18.027756377319946,16.643316977093235,1697990075.2545207
12.649110640673518,7.0710678118654755,13.601470508735444,14.7648230602334,19.235384061671343,15.652475842498529,14.560219778561038,19.924858845171276,20.12461179749811,20.8806130178211,22.472205054244235,23.40939982143925,23.53720459187964,24.331050121192874,21.095023109728984,23.0,19.026297590440446,16.1245154965971,17.26267650163207,17.11724276862369,12.08304597359457,14.422205101855958,12.041594578792294,12.041594578792294,9.486832980505138,7.615773105863909,10.816653826391969,12.206555615733702,11.180339887498949,13.416407864998739,13.601470508735444,12.529964086141668,18.027756377319946,14.422205101855958,13.892443989449806,8.602325267042627,10.770329614269007,13.038404810405298,14.0356688476182,14.0356688476182,13.152946437965904,15.297058540778355,15.0,16.0,17.029386365926403,17.0,18.0,18.110770276274835,18.027756377319946,17.26267650163207,18.110770276274835,14.0,1697990075.2625227
13.92838827718412,13.416407864998739,14.422205101855958,16.76305461424021,15.297058540778355,18.027756377319946,16.76305461424021,18.439088914585778,20.8806130178211,20.6155281280883,21.540659228538015,21.931712199461305,22.825424421026653,23.021728866442675,22.80350850198276,21.633307652783937,19.209372712298546,17.804493814764854,16.278820596099706,17.204650534085253,9.899494936611665,9.848857801796104,8.06225774829855,12.206555615733702,9.486832980505138,9.486832980505138,7.615773105863909,12.0,11.40175425099138,10.04987562112089,10.19803902718557,14.866068747318506,13.152946437965904,14.560219778561038,15.811388300841898,13.92838827718412,10.63014581273465,13.038404810405298,9.433981132056603,15.0,14.142135623730951,16.278820596099706,16.278820596099706,17.69180601295413,16.970562748477143,16.970562748477143,17.69180601295413,17.029386365926403,19.209372712298546,17.029386365926403,15.0,14.142135623730951,1697990075.2745204
11.313708498984761,17.029386365926403,17.46424919657298,17.0,15.231546211727817,15.620499351813308,21.400934559032695,14.317821063276352,23.430749027719962,20.518284528683193,21.93171219946131,24.207436873820413,24.08318915758459,24.207436873820413,25.80697580112788,22.825424421026653,20.248456731316587,18.35755975068582,16.55294535724685,15.652475842498529,14.7648230602334,14.7648230602334,11.40175425099138,9.899494936611665,10.63014581273465,9.433981132056603,10.295630140987,9.055385138137417,12.36931687685298,13.038404810405298,14.0356688476182,17.0,16.0,16.0312195418814,16.1245154965971,13.0,12.041594578792294,10.295630140987,15.231546211727817,16.278820596099706,16.55294535724685,16.401219466856727,18.60107523773827,16.401219466856727,19.697715603592208,21.095023109728988,19.235384061671343,21.470910553583888,19.235384061671343,17.46424919657298,18.788294228055936,18.35755975068582,1697990075.2825203
8.246211251235321,6.4031242374328485,9.433981132056603,11.180339887498949,15.524174696260024,12.165525060596437,19.313207915827967,14.7648230602334,19.697715603592208,20.808652046684813,21.633307652783937,23.021728866442675,22.80350850198276,21.2602916254693,19.1049731745428,22.627416997969522,19.1049731745428,17.804493814764854,14.212670403551895,14.142135623730951,13.453624047073712,10.0,11.40175425099138,9.433981132056603,12.041594578792294,10.816653826391969,10.19803902718557,10.04987562112089,9.486832980505138,14.212670403551895,13.341664064126334,14.317821063276352,16.0,13.601470508735444,13.0,14.317821063276352,11.180339887498949,10.0,11.40175425099138,13.038404810405298,15.264337522473749,15.652475842498529,18.027756377319946,15.231546211727817,17.88854381999832,17.4928556845359,18.027756377319946,17.4928556845359,20.248456731316587,16.401219466856727,16.401219466856727,15.231546211727817,1697990075.2905188
14.212670403551895,17.804493814764854,18.973665961010276,20.591260281974,19.697715603592208,14.212670403551895,20.248456731316587,22.360679774997898,23.3238075793812,22.203603311174515,24.413111231467404,25.0,26.248809496813372,21.2602916254693,25.0,24.839484696748443,20.0,19.313207915827967,18.35755975068582,17.0,13.892443989449806,13.601470508735444,10.63014581273465,10.816653826391969,11.313708498984761,11.6619037896906,11.40175425099138,11.40175425099138,14.142135623730951,12.041594578792294,15.297058540778355,16.1245154965971,15.524174696260024,16.1245154965971,16.76305461424021,15.811388300841898,13.038404810405298,12.041594578792294,14.317821063276352,13.601470508735444,17.46424919657298,16.76305461424021,20.248456731316587,19.313207915827967,20.8806130178211,20.248456731316587,22.090722034374522,17.4928556845359,18.867962264113206,18.0,19.1049731745428,17.26267650163207,1697990075.3015664
13.601470508735444,17.11724276862369,14.560219778561038,17.11724276862369,17.11724276862369,19.697715603592208,21.540659228538015,22.360679774997898,21.023796041628636,21.213203435596427,23.194827009486403,24.083189157584588,25.317977802344327,26.570660511172843,22.135943621178658,23.259406699226012,20.6155281280883,20.591260281974,17.0,15.652475842498529,14.317821063276352,13.92838827718412,10.770329614269007,11.180339887498949,10.0,9.486832980505138,9.848857801796104,9.433981132056603,12.206555615733702,12.806248474865697,13.453624047073712,15.620499351813308,16.278820596099706,16.401219466856727,16.76305461424021,9.899494936611665,12.206555615733702,11.180339887498949,12.08304597359457,14.317821063276352,14.317821063276352,16.278820596099706,19.235384061671347,18.248287590894655,18.248287590894655,18.110770276274835,19.235384061671347,19.6468827043885,19.6468827043885,17.26267650163207,16.492422502470642,16.0312195418814,1697990075.314164
12.806248474865697,9.219544457292887,16.1245154965971,17.46424919657298,16.55294535724685,13.601470508735444,19.723082923316017,22.360679774997898,18.973665961010276,17.88854381999832,20.591260281974,22.360679774997898,23.430749027719962,20.518284528683193,21.93171219946131,19.849433241279208,17.69180601295413,17.0,15.811388300841896,14.866068747318504,12.041594578792296,11.313708498984761,10.63014581273465,8.485281374238571,8.94427190999916,8.246211251235321,9.055385138137417,10.19803902718557,12.08304597359457,12.649110640673518,10.770329614269007,15.264337522473749,15.524174696260024,14.317821063276352,12.529964086141668,10.295630140987,12.206555615733702,9.848857801796104,10.0,10.816653826391969,15.811388300841896,15.811388300841896,16.643316977093235,17.804493814764854,17.0,16.643316977093235,17.4928556845359,18.439088914585774,17.804493814764854,16.643316977093235,13.601470508735444,16.1245154965971,1697990075.3231492
15.811388300841898,9.0,12.041594578792294,20.248456731316587,16.1245154965971,15.811388300841898,19.4164878389476,20.39607805437114,17.46424919657298,22.135943621178658,22.135943621178658,25.079872407968903,23.259406699226012,23.853720883753127,20.808652046684813,23.853720883753127,20.615528128088304,17.029386365926403,16.278820596099706,14.212670403551895,13.453624047073712,12.206555615733702,10.816653826391969,10.295630140987,9.848857801796104,8.0,9.219544457292889,8.94427190999916,11.704699910719626,11.6619037896906,13.0,14.422205101855958,14.317821063276352,14.7648230602334,13.92838827718412,9.433981132056603,11.6619037896906,9.219544457292887,12.206555615733702,13.416407864998739,15.811388300841896,14.317821063276352,17.88854381999832,14.866068747318506,15.652475842498529,16.15549442140351,17.88854381999832,16.55294535724685,17.0,16.643316977093235,18.60107523773827,13.601470508735444,1697990075.3312037
9.219544457292887,12.041594578792294,14.7648230602334,18.973665961010276,16.1245154965971,17.029386365926403,16.492422502470642,18.35755975068582,20.248456731316587,20.8806130178211,21.840329667841555,26.400757564888174,22.847319317591726,24.186773244895647,22.022715545545243,23.60084744241189,19.849433241279208,17.69180601295413,15.620499351813308,14.866068747318504,14.212670403551895,12.806248474865697,11.40175425099138,8.94427190999916,10.770329614269007,10.0,12.041594578792294,11.180339887498949,14.317821063276352,12.649110640673518,13.0,17.08800749063506,18.681541692269406,15.297058540778355,15.297058540778355,14.317821063276352,12.36931687685298,13.038404810405298,12.206555615733702,16.278820596099706,17.804493814764854,19.1049731745428,18.38477631085024,19.1049731745428,18.38477631085024,17.69180601295413,19.849433241279208,19.209372712298546,19.849433241279208,18.38477631085024,17.029386365926403,16.278820596099706,1697990075.3441262
8.54400374531753,12.165525060596437,14.317821063276352,17.26267650163207,16.0,13.341664064126334,17.46424919657298,14.317821063276352,19.1049731745428,20.0,24.0,24.020824298928627,23.021728866442675,22.360679774997898,19.6468827043885,24.041630560342615,18.439088914585778,17.08800749063506,15.231546211727817,13.601470508735444,12.649110640673518,11.40175425099138,10.44030650891055,10.04987562112089,10.04987562112089,8.54400374531753,9.848857801796104,10.816653826391969,13.453624047073712,13.453624047073712,15.0,16.278820596099706,15.264337522473749,14.212670403551895,14.7648230602334,12.041594578792296,12.206555615733702,10.63014581273465,12.806248474865697,14.866068747318506,14.422205101855958,14.317821063276352,17.46424919657298,16.15549442140351,16.55294535724685,16.55294535724685,17.0,18.35755975068582,18.867962264113206,17.88854381999832,17.0,15.652475842498529,1697990075.356173
6.4031242374328485,11.6619037896906,8.06225774829855,13.892443989449806,16.15549442140351,16.401219466856727,21.095023109728988,17.4928556845359,18.788294228055936,20.12461179749811,21.18962010041709,23.769728648009423,22.090722034374522,22.090722034374522,22.090722034374522,22.090722034374522,18.110770276274835,18.0,12.165525060596437,12.0,14.0356688476182,13.416407864998739,10.770329614269007,10.19803902718557,7.810249675906654,10.63014581273465,9.219544457292887,10.295630140987,13.92838827718412,10.04987562112089,15.132745950421555,14.0356688476182,15.524174696260024,14.866068747318506,13.341664064126334,11.40175425099138,12.36931687685298,13.0,12.0,13.038404810405298,17.26267650163207,16.492422502470642,17.08800749063506,15.652475842498529,18.027756377319946,17.08800749063506,18.973665961010276,17.08800749063506,20.248456731316587,13.601470508735444,15.524174696260024,14.317821063276352,1697990075.3651748
10.04987562112089,14.317821063276352,13.038404810405298,16.76305461424021,12.36931687685298,16.492422502470642,19.4164878389476,22.135943621178658,19.4164878389476,25.317977802344327,17.46424919657298,25.0,25.179356624028344,24.515301344262525,21.587033144922902,23.769728648009423,21.18962010041709,18.973665961010276,16.15549442140351,12.649110640673518,12.649110640673518,12.36931687685298,11.180339887498949,10.0,9.055385138137417,8.94427190999916,10.816653826391969,10.63014581273465,12.806248474865697,13.601470508735444,14.866068747318504,14.866068747318504,17.69180601295413,16.278820596099706,15.620499351813308,14.212670403551895,11.40175425099138,10.816653826391969,14.866068747318506,15.524174696260024,18.38477631085024,16.76305461424021,18.973665961010276,18.681541692269406,18.681541692269406,18.439088914585778,19.924858845171276,18.973665961010276,19.313207915827967,18.027756377319946,17.88854381999832,15.524174696260024,1697990075.3811107
13.416407864998739,18.38477631085024,14.317821063276352,14.317821063276352,16.55294535724685,17.029386365926403,18.867962264113206,18.38477631085024,22.561028345356952,21.023796041628636,24.020824298928627,25.01999200639361,27.0,26.1725046566048,23.53720459187964,22.561028345356952,22.135943621178658,20.248456731316587,17.46424919657298,16.55294535724685,14.317821063276352,13.601470508735444,10.770329614269007,12.165525060596437,11.0,10.44030650891055,12.08304597359457,11.180339887498949,13.601470508735444,14.212670403551895,13.892443989449806,17.4928556845359,18.35755975068582,16.1245154965971,16.1245154965971,13.892443989449806,11.40175425099138,12.727922061357857,14.212670403551895,14.317821063276352,16.401219466856727,16.643316977093235,18.35755975068582,16.1245154965971,19.4164878389476,18.027756377319946,20.0,19.1049731745428,19.849433241279208,18.439088914585774,17.029386365926403,15.811388300841896,1697990075.4025748
11.180339887498949,12.206555615733702,15.0,16.401219466856727,16.643316977093235,18.60107523773827,20.0,20.0,21.095023109728988,23.3238075793812,22.360679774997898,26.400757564888174,25.63201123595259,25.298221281347036,22.360679774997898,24.73863375370596,17.0,22.090722034374522,16.1245154965971,14.0356688476182,13.92838827718412,13.92838827718412,11.40175425099138,12.08304597359457,11.40175425099138,8.602325267042627,11.6619037896906,14.7648230602334,12.08304597359457,15.297058540778355,16.76305461424021,16.278820596099706,20.248456731316587,15.811388300841898,15.03329637837291,13.038404810405298,11.40175425099138,12.165525060596437,11.704699910719626,13.152946437965904,16.278820596099706,16.492422502470642,18.681541692269406,16.492422502470642,18.681541692269406,17.720045146669353,19.4164878389476,18.681541692269406,19.6468827043885,17.26267650163207,17.26267650163207,15.524174696260024,1697990075.4105747
15.0,11.180339887498949,13.892443989449806,17.4928556845359,17.88854381999832,14.317821063276352,21.18962010041709,20.0,24.596747752497688,22.360679774997898,25.80697580112788,27.459060435491963,24.207436873820413,24.207436873820413,22.671568097509265,22.671568097509265,24.08318915758459,19.4164878389476,18.38477631085024,17.804493814764854,12.727922061357857,13.453624047073712,12.529964086141668,7.211102550927979,10.44030650891055,10.19803902718557,11.180339887498949,13.601470508735444,11.704699910719626,15.652475842498529,17.08800749063506,15.524174696260024,18.681541692269406,16.15549442140351,17.08800749063506,16.15549442140351,11.6619037896906,13.601470508735444,16.278820596099706,12.806248474865697,17.69180601295413,17.804493814764854,19.723082923316017,17.204650534085253,20.248456731316587,18.60107523773827,19.4164878389476,18.681541692269406,22.203603311174515,17.804493814764854,19.209372712298546,15.811388300841896,1697990075.4306805
9.219544457292889,11.704699910719626,10.44030650891055,18.027756377319946,17.08800749063506,21.213203435596427,21.377558326431952,18.0,21.023796041628636,21.587033144922902,23.194827009486403,25.179356624028344,25.079872407968907,23.086792761230395,22.0,24.186773244895647,23.0,21.213203435596427,16.0312195418814,18.110770276274835,12.041594578792294,14.0356688476182,12.041594578792294,11.180339887498949,9.055385138137417,10.19803902718557,12.806248474865697,9.219544457292887,12.041594578792296,16.1245154965971,13.0,20.248456731316587,13.892443989449806,14.422205101855958,15.264337522473749,12.806248474865697,10.19803902718557,12.36931687685298,12.165525060596437,15.297058540778355,14.142135623730951,15.0,17.11724276862369,18.248287590894655,18.110770276274835,19.1049731745428,18.110770276274835,19.1049731745428,16.0312195418814,14.0356688476182,19.1049731745428,15.524174696260024,1697990075.4421394
10.816653826391969,17.029386365926403,15.652475842498529,20.8806130178211,13.892443989449806,20.248456731316587,18.35755975068582,21.95449840010015,20.248456731316587,20.6155281280883,22.80350850198276,26.305892875931807,27.16615541441225,24.331050121192874,24.083189157584588,23.53720459187964,24.0,20.024984394500787,18.110770276274835,17.029386365926403,14.142135623730951,12.165525060596437,11.0,10.44030650891055,7.615773105863909,11.40175425099138,12.041594578792296,9.899494936611665,12.206555615733702,12.206555615733702,17.204650534085253,18.35755975068582,18.027756377319946,15.811388300841896,16.970562748477143,12.041594578792296,13.416407864998739,12.529964086141668,13.152946437965904,14.142135623730951,13.601470508735444,15.297058540778355,16.0312195418814,17.11724276862369,18.110770276274835,17.029386365926403,18.248287590894655,17.11724276862369,15.297058540778355,19.235384061671347,16.1245154965971,14.0356688476182,1697990075.4501941
11.313708498984761,12.806248474865697,17.0,16.643316977093235,17.204650534085253,16.643316977093235,19.723082923316017,19.4164878389476,21.633307652783937,22.671568097509265,18.60107523773827,24.758836806279895,24.839484696748443,23.60084744241189,22.022715545545243,23.853720883753127,21.095023109728988,19.723082923316017,17.46424919657298,14.7648230602334,13.892443989449806,12.206555615733702,10.63014581273465,10.63014581273465,9.433981132056603,9.848857801796104,10.19803902718557,11.0,12.041594578792294,12.165525060596437,13.152946437965904,15.297058540778355,16.1245154965971,15.297058540778355,15.03329637837291,10.0,9.848857801796104,12.649110640673518,12.206555615733702,13.453624047073712,15.620499351813308,15.811388300841896,16.970562748477143,16.278820596099706,18.38477631085024,17.69180601295413,17.69180601295413,18.439088914585774,17.69180601295413,18.60107523773827,15.620499351813308,14.866068747318504,1697990075.4610856
12.206555615733702,11.40175425099138,13.892443989449806,16.278820596099706,15.652475842498529,18.027756377319946,16.1245154965971,19.723082923316017,23.60084744241189,21.633307652783937,22.47220505424423,24.758836806279895,25.495097567963924,24.207436873820413,21.400934559032695,22.80350850198276,20.248456731316587,17.4928556845359,17.0,14.422205101855958,12.806248474865697,12.806248474865697,10.63014581273465,9.899494936611665,9.433981132056603,11.40175425099138,12.041594578792294,11.0,14.142135623730951,14.142135623730951,16.278820596099706,16.278820596099706,17.26267650163207,15.132745950421555,16.1245154965971,11.40175425099138,11.704699910719626,12.529964086141668,13.601470508735444,14.212670403551895,18.027756377319946,17.804493814764854,18.439088914585774,19.1049731745428,19.1049731745428,18.38477631085024,20.0,20.518284528683193,19.849433241279208,18.439088914585774,20.518284528683193,14.866068747318504,1697990075.474518
10.770329614269007,12.165525060596437,9.899494936611665,16.15549442140351,13.341664064126334,14.560219778561038,21.633307652783937,19.723082923316017,19.4164878389476,20.615528128088304,20.09975124224178,24.186773244895647,25.01999200639361,22.20360331117452,22.20360331117452,23.345235059857504,19.235384061671347,17.720045146669353,17.720045146669353,13.92838827718412,13.341664064126334,11.180339887498949,10.04987562112089,10.04987562112089,10.19803902718557,8.94427190999916,10.295630140987,11.40175425099138,11.40175425099138,12.806248474865697,14.142135623730951,13.453624047073712,15.556349186104047,14.142135623730951,14.142135623730951,12.041594578792296,12.206555615733702,10.816653826391969,11.180339887498949,12.649110640673518,16.15549442140351,15.524174696260024,16.278820596099706,16.1245154965971,17.46424919657298,17.46424919657298,17.46424919657298,18.38477631085024,18.973665961010276,17.46424919657298,15.524174696260024,13.152946437965904,1697990075.4845188
15.620499351813308,8.06225774829855,19.026297590440446,18.38477631085024,20.0,15.0,17.69180601295413,20.615528128088304,21.095023109728988,25.238858928247925,21.095023109728988,24.186773244895647,22.847319317591726,24.351591323771842,21.587033144922902,21.840329667841555,20.8806130178211,19.4164878389476,17.029386365926403,16.0312195418814,14.142135623730951,12.36931687685298,11.40175425099138,9.848857801796104,10.295630140987,10.0,10.63014581273465,10.816653826391969,12.08304597359457,12.649110640673518,12.529964086141668,15.231546211727817,16.1245154965971,14.422205101855958,15.811388300841896,13.453624047073712,9.219544457292889,12.36931687685298,14.0356688476182,13.038404810405298,14.142135623730951,15.132745950421555,17.26267650163207,16.1245154965971,18.248287590894655,17.11724276862369,16.1245154965971,17.029386365926403,18.110770276274835,18.027756377319946,14.142135623730951,14.0356688476182,1697990075.4925165
13.601470508735444,12.165525060596437,14.142135623730951,15.297058540778355,16.1245154965971,18.110770276274835,19.026297590440446,20.615528128088304,18.973665961010276,20.39607805437114,21.02379604162864,25.96150997149434,23.769728648009426,24.596747752497688,20.808652046684813,24.207436873820413,17.69180601295413,19.1049731745428,16.401219466856727,16.1245154965971,16.278820596099706,11.40175425099138,12.649110640673518,10.0,10.19803902718557,11.0,12.0,10.19803902718557,13.92838827718412,13.601470508735444,14.317821063276352,12.36931687685298,17.11724276862369,14.560219778561038,16.76305461424021,11.180339887498949,12.529964086141668,12.206555615733702,14.422205101855958,14.866068747318504,15.0,17.029386365926403,16.970562748477143,18.439088914585774,18.38477631085024,16.970562748477143,18.439088914585774,17.804493814764854,18.38477631085024,16.278820596099706,15.811388300841896,16.278820596099706,1697990075.5031152
17.26267650163207,7.211102550927979,16.1245154965971,15.811388300841898,16.0312195418814,15.0,15.297058540778355,17.11724276862369,20.024984394500787,24.186773244895647,23.021728866442675,25.495097567963924,26.570660511172843,22.847319317591726,21.540659228538015,22.847319317591726,17.46424919657298,18.027756377319946,17.08800749063506,14.422205101855958,11.180339887498949,13.0,10.0,10.0,11.704699910719626,7.280109889280519,9.433981132056603,11.6619037896906,13.453624047073712,12.806248474865697,12.206555615733702,15.556349186104047,17.029386365926403,14.212670403551895,16.970562748477143,12.041594578792296,10.0,11.6619037896906,12.08304597359457,15.524174696260024,15.811388300841898,14.317821063276352,17.46424919657298,17.46424919657298,18.439088914585778,17.46424919657298,17.26267650163207,19.4164878389476,17.720045146669353,17.26267650163207,16.492422502470642,14.317821063276352,1697990075.5116296
6.708203932499369,16.1245154965971,17.029386365926403,15.297058540778355,20.09975124224178,21.023796041628636,20.024984394500787,23.345235059857504,21.213203435596427,23.53720459187964,23.345235059857504,25.495097567963924,26.92582403567252,23.769728648009426,25.059928172283335,25.059928172283335,21.095023109728988,18.027756377319946,17.029386365926403,16.1245154965971,13.0,13.416407864998739,12.36931687685298,12.36931687685298,11.180339887498949,10.44030650891055,12.649110640673518,14.560219778561038,12.206555615733702,13.92838827718412,13.92838827718412,16.643316977093235,17.88854381999832,15.811388300841898,14.422205101855958,9.055385138137417,12.529964086141668,16.401219466856727,14.866068747318504,15.0,14.866068747318504,16.643316977093235,18.027756377319946,16.643316977093235,18.60107523773827,17.204650534085253,17.804493814764854,17.804493814764854,18.60107523773827,17.204650534085253,15.811388300841896,15.264337522473749,1697990075.520305
14.0356688476182,16.1245154965971,19.235384061671347,13.0,15.132745950421555,15.132745950421555,16.0312195418814,21.587033144922902,19.723082923316017,21.02379604162864,19.723082923316017,23.60084744241189,23.3452350598575,20.518284528683193,22.203603311174515,22.47220505424423,18.38477631085024,19.723082923316017,17.08800749063506,14.317821063276352,13.416407864998739,12.08304597359457,10.770329614269007,10.295630140987,9.219544457292887,10.63014581273465,11.313708498984761,11.180339887498949,11.313708498984761,13.416407864998739,13.416407864998739,16.15549442140351,16.643316977093235,14.212670403551895,16.401219466856727,13.038404810405298,11.180339887498949,12.08304597359457,12.649110640673518,13.601470508735444,16.15549442140351,14.560219778561038,18.027756377319946,16.76305461424021,16.55294535724685,17.46424919657298,17.88854381999832,18.867962264113206,18.867962264113206,16.643316977093235,16.643316977093235,15.264337522473749,1697990075.5293076
16.278820596099706,11.0,21.18962010041709,21.095023109728988,15.03329637837291,17.08800749063506,18.788294228055936,23.853720883753127,22.135943621178658,22.203603311174515,25.553864678361276,26.076809620810597,27.65863337187866,24.758836806279895,21.213203435596427,24.08318915758459,20.615528128088304,19.209372712298546,17.204650534085253,14.212670403551895,12.727922061357857,11.313708498984761,11.40175425099138,10.0,9.848857801796104,10.19803902718557,10.0,10.19803902718557,13.038404810405298,13.152946437965904,13.152946437965904,17.720045146669353,16.278820596099706,14.317821063276352,15.297058540778355,12.165525060596437,12.165525060596437,12.08304597359457,14.212670403551895,16.401219466856727,16.401219466856727,15.556349186104047,19.209372712298546,17.029386365926403,19.1049731745428,18.38477631085024,17.69180601295413,20.615528128088304,19.79898987322333,16.401219466856727,17.204650534085253,16.278820596099706,1697990075.5383096
7.810249675906654,10.0,17.11724276862369,12.165525060596437,16.76305461424021,15.0,17.26267650163207,18.681541692269406,20.39607805437114,20.8806130178211,22.561028345356952,22.472205054244235,21.470910553583888,21.633307652783937,20.808652046684813,21.400934559032695,19.209372712298546,16.401219466856727,14.866068747318504,14.422205101855958,11.6619037896906,11.6619037896906,9.433981132056603,11.40175425099138,9.055385138137417,10.0,11.180339887498949,12.165525060596437,11.704699910719626,12.08304597359457,13.0,18.38477631085024,15.524174696260024,13.601470508735444,13.152946437965904,13.152946437965904,10.295630140987,9.219544457292887,15.556349186104047,14.142135623730951,14.866068747318504,16.278820596099706,17.804493814764854,17.029386365926403,19.849433241279208,16.970562748477143,19.1049731745428,20.615528128088304,17.88854381999832,18.439088914585774,17.69180601295413,15.620499351813308,1697990075.5561142
12.529964086141668,14.142135623730951,20.0,14.422205101855958,14.866068747318504,14.0,19.849433241279208,18.681541692269406,19.849433241279208,22.627416997969522,20.518284528683193,24.413111231467404,22.203603311174515,21.931712199461305,21.470910553583888,21.02379604162864,18.681541692269406,19.235384061671343,15.811388300841898,12.08304597359457,12.08304597359457,12.529964086141668,11.40175425099138,9.899494936611665,10.63014581273465,9.433981132056603,12.649110640673518,11.704699910719626,11.180339887498949,12.08304597359457,15.652475842498529,18.027756377319946,17.26267650163207,16.278820596099706,14.317821063276352,14.142135623730951,13.0,13.038404810405298,13.038404810405298,14.317821063276352,15.811388300841898,15.811388300841898,18.973665961010276,18.38477631085024,18.027756377319946,18.027756377319946,18.681541692269406,18.439088914585778,19.4164878389476,17.720045146669353,16.278820596099706,15.811388300841898,1697990075.5651124
7.211102550927979,14.142135623730951,15.652475842498529,15.297058540778355,17.88854381999832,15.297058540778355,19.849433241279208,15.811388300841898,21.18962010041709,19.924858845171276,21.540659228538015,23.259406699226012,22.47220505424423,23.3238075793812,23.021728866442675,22.203603311174515,18.60107523773827,19.1049731745428,14.866068747318504,13.453624047073712,12.806248474865697,10.816653826391969,11.180339887498949,10.770329614269007,9.219544457292889,10.04987562112089,11.180339887498949,9.486832980505138,11.6619037896906,13.601470508735444,14.317821063276352,16.15549442140351,16.15549442140351,15.231546211727817,11.704699910719626,8.94427190999916,11.40175425099138,11.40175425099138,12.727922061357857,13.038404810405298,13.0,15.0,16.643316977093235,17.0,17.0,16.643316977093235,17.4928556845359,19.235384061671343,20.12461179749811,15.811388300841896,16.1245154965971,13.416407864998739,1697990075.573785
7.211102550927979,10.19803902718557,15.264337522473749,12.727922061357857,15.264337522473749,16.643316977093235,20.248456731316587,18.439088914585774,19.209372712298546,23.706539182259394,23.853720883753127,21.931712199461305,24.351591323771842,20.8806130178211,19.6468827043885,19.924858845171276,18.248287590894655,18.439088914585778,16.0312195418814,13.601470508735444,11.704699910719626,10.770329614269007,12.08304597359457,10.63014581273465,9.899494936611665,10.0,11.180339887498949,12.165525060596437,13.601470508735444,13.341664064126334,14.560219778561038,16.492422502470642,16.492422502470642,14.560219778561038,15.297058540778355,14.142135623730951,12.041594578792294,12.0,14.142135623730951,14.560219778561038,15.231546211727817,16.55294535724685,17.08800749063506,18.38477631085024,18.38477631085024,17.46424919657298,18.681541692269406,18.027756377319946,18.38477631085024,17.08800749063506,15.231546211727817,14.7648230602334,1697990075.593209
11.6619037896906,18.35755975068582,19.849433241279208,20.808652046684813,20.591260281974,14.422205101855958,19.1049731745428,21.2602916254693,24.207436873820413,25.059928172283335,25.079872407968903,21.931712199461305,26.248809496813376,25.495097567963924,22.360679774997898,24.73863375370596,20.39607805437114,18.439088914585778,17.11724276862369,14.317821063276352,14.560219778561038,12.649110640673518,12.529964086141668,12.529964086141668,10.63014581273465,11.40175425099138,13.601470508735444,13.0,13.92838827718412,14.317821063276352,16.492422502470642,18.439088914585778,20.615528128088304,16.492422502470642,15.132745950421555,13.152946437965904,15.03329637837291,12.041594578792294,14.317821063276352,13.341664064126334,18.439088914585778,17.0,20.8806130178211,20.12461179749811,20.248456731316587,18.788294228055936,19.924858845171276,19.313207915827967,21.540659228538015,18.973665961010276,18.681541692269406,15.231546211727817,1697990075.6022086
11.6619037896906,7.0,12.041594578792296,14.866068747318504,13.892443989449806,14.422205101855958,20.615528128088304,15.231546211727817,22.203603311174515,22.022715545545243,22.80350850198276,23.60084744241189,22.825424421026653,24.596747752497688,22.472205054244235,23.40939982143925,19.026297590440446,16.76305461424021,16.0312195418814,13.601470508735444,11.180339887498949,11.704699910719626,9.848857801796104,11.40175425099138,9.219544457292887,10.0,13.038404810405298,10.44030650891055,14.560219778561038,12.649110640673518,16.278820596099706,18.681541692269406,16.15549442140351,16.15549442140351,15.811388300841898,13.0,12.0,13.038404810405298,16.0312195418814,15.0,15.132745950421555,19.026297590440446,19.235384061671347,18.439088914585778,18.248287590894655,17.26267650163207,19.026297590440446,17.26267650163207,15.132745950421555,15.03329637837291,14.142135623730951,15.811388300841898,1697990075.6102126
11.180339887498949,15.652475842498529,12.529964086141668,16.278820596099706,17.08800749063506,16.0312195418814,15.297058540778355,15.132745950421555,22.02271554554524,23.021728866442675,26.019223662515373,23.194827009486403,25.179356624028344,22.80350850198276,20.39607805437114,23.769728648009423,19.697715603592208,19.313207915827967,17.08800749063506,15.231546211727817,14.560219778561038,13.341664064126334,12.041594578792294,11.045361017187261,12.041594578792294,11.40175425099138,11.6619037896906,12.206555615733702,12.806248474865697,14.142135623730951,15.556349186104047,15.556349186104047,17.029386365926403,15.811388300841896,14.866068747318504,15.0,14.212670403551895,12.806248474865697,14.7648230602334,13.416407864998739,16.492422502470642,15.811388300841898,19.4164878389476,16.76305461424021,18.027756377319946,18.973665961010276,20.6155281280883,18.788294228055936,17.46424919657298,18.973665961010276,17.0,14.142135623730951,1697990075.621728
9.055385138137417,10.63014581273465,20.0,16.278820596099706,15.132745950421555,18.248287590894655,14.142135623730951,18.681541692269406,20.09975124224178,21.377558326431952,23.40939982143925,25.0,23.259406699226012,23.259406699226012,21.95449840010015,22.825424421026653,21.400934559032695,19.4164878389476,17.204650534085253,14.422205101855958,11.6619037896906,12.08304597359457,11.40175425099138,10.770329614269007,11.180339887498949,11.045361017187261,11.40175425099138,12.08304597359457,13.0,14.7648230602334,15.652475842498529,17.0,16.1245154965971,16.55294535724685,15.231546211727817,14.7648230602334,13.038404810405298,13.601470508735444,13.601470508735444,16.278820596099706,15.620499351813308,15.556349186104047,18.60107523773827,17.4928556845359,18.60107523773827,18.60107523773827,20.0,16.401219466856727,18.38477631085024,19.1049731745428,15.620499351813308,15.620499351813308,1697990075.6321216
8.485281374238571,15.264337522473749,15.0,14.0356688476182,16.492422502470642,13.038404810405298,21.840329667841555,17.26267650163207,21.540659228538015,22.360679774997898,22.360679774997898,24.186773244895647,22.203603311174515,23.021728866442675,20.518284528683193,22.022715545545243,17.804493814764854,18.439088914585774,16.278820596099706,13.601470508735444,12.806248474865697,10.816653826391969,10.295630140987,10.770329614269007,9.848857801796104,9.486832980505138,10.0,12.0,12.041594578792294,12.165525060596437,13.038404810405298,14.0356688476182,15.0,14.0356688476182,14.0,12.36931687685298,11.180339887498949,12.041594578792294,12.36931687685298,13.92838827718412,14.7648230602334,14.317821063276352,18.35755975068582,17.88854381999832,17.4928556845359,17.4928556845359,17.88854381999832,18.35755975068582,18.027756377319946,17.0,14.866068747318506,13.601470508735444,1697990075.6411295
15.03329637837291,15.264337522473749,18.439088914585778,12.206555615733702,16.1245154965971,16.15549442140351,16.76305461424021,17.0,20.615528128088304,21.587033144922902,20.39607805437114,23.345235059857504,24.083189157584588,22.02271554554524,22.0,22.20360331117452,15.132745950421555,20.6155281280883,14.866068747318506,15.524174696260024,12.165525060596437,10.0,10.04987562112089,9.486832980505138,8.54400374531753,8.94427190999916,9.219544457292887,11.6619037896906,11.40175425099138,11.40175425099138,13.892443989449806,14.422205101855958,16.401219466856727,15.620499351813308,12.206555615733702,12.041594578792296,12.041594578792296,13.416407864998739,11.40175425099138,12.649110640673518,14.317821063276352,16.278820596099706,18.027756377319946,16.0312195418814,17.11724276862369,16.1245154965971,16.278820596099706,18.248287590894655,17.46424919657298,15.132745950421555,15.297058540778355,15.0,1697990075.650133
11.180339887498949,13.416407864998739,12.806248474865697,17.029386365926403,18.38477631085024,15.556349186104047,17.69180601295413,18.867962264113206,22.022715545545243,20.808652046684813,20.248456731316587,24.596747752497688,20.615528128088304,20.223748416156685,23.769728648009423,22.561028345356952,17.11724276862369,18.0,16.278820596099706,14.0356688476182,11.045361017187261,12.36931687685298,9.848857801796104,9.486832980505138,9.433981132056603,7.810249675906654,11.313708498984761,12.529964086141668,13.0,11.40175425099138,13.0,14.560219778561038,16.15549442140351,14.317821063276352,14.866068747318506,12.08304597359457,10.44030650891055,12.165525060596437,13.038404810405298,17.029386365926403,15.0,14.0356688476182,18.248287590894655,19.235384061671347,17.46424919657298,19.1049731745428,18.110770276274835,20.024984394500787,16.278820596099706,19.026297590440446,17.720045146669353,16.0,1697990075.6581306
10.295630140987,9.219544457292887,14.866068747318504,14.212670403551895,19.235384061671343,17.69180601295413,15.0,21.633307652783937,22.671568097509265,21.213203435596427,23.3452350598575,24.758836806279895,24.207436873820413,23.853720883753127,21.95449840010015,22.825424421026653,20.6155281280883,19.313207915827967,17.08800749063506,15.231546211727817,13.0,11.6619037896906,10.816653826391969,10.63014581273465,10.63014581273465,10.295630140987,11.40175425099138,12.165525060596437,12.165525060596437,13.0,14.0356688476182,15.03329637837291,16.1245154965971,14.142135623730951,15.03329637837291,12.041594578792294,12.041594578792294,12.165525060596437,12.649110640673518,13.416407864998739,15.231546211727817,14.7648230602334,17.4928556845359,16.643316977093235,17.0,16.1245154965971,17.88854381999832,16.55294535724685,17.0,16.1245154965971,15.264337522473749,13.601470508735444,1697990075.6671295
15.0,14.142135623730951,18.35755975068582,15.0,18.439088914585774,15.0,19.723082923316017,20.615528128088304,21.400934559032695,23.3452350598575,24.08318915758459,25.495097567963924,24.08318915758459,22.47220505424423,21.95449840010015,24.596747752497688,18.027756377319946,18.38477631085024,12.649110640673518,11.40175425099138,13.0,10.44030650891055,11.704699910719626,13.601470508735444,12.206555615733702,11.40175425099138,14.560219778561038,12.206555615733702,14.0356688476182,15.811388300841898,16.15549442140351,18.439088914585778,18.973665961010276,18.110770276274835,15.03329637837291,12.36931687685298,12.36931687685298,15.132745950421555,10.19803902718557,14.866068747318506,16.492422502470642,17.46424919657298,19.924858845171276,18.027756377319946,18.027756377319946,17.720045146669353,18.439088914585778,18.439088914585778,19.4164878389476,17.720045146669353,17.46424919657298,16.15549442140351,1697990075.690458
15.297058540778355,9.433981132056603,17.204650534085253,19.209372712298546,17.204650534085253,17.720045146669353,14.422205101855958,15.811388300841896,22.360679774997898,21.931712199461305,22.360679774997898,25.079872407968903,24.041630560342615,23.53720459187964,21.213203435596427,25.317977802344327,21.0,19.026297590440446,16.0312195418814,14.0,15.0,14.317821063276352,11.40175425099138,9.848857801796104,11.6619037896906,11.40175425099138,12.727922061357857,11.6619037896906,13.038404810405298,14.866068747318506,14.7648230602334,17.0,18.788294228055936,13.892443989449806,15.0,13.601470508735444,11.40175425099138,12.36931687685298,13.341664064126334,13.038404810405298,13.341664064126334,16.0312195418814,18.027756377319946,16.1245154965971,17.029386365926403,16.0312195418814,18.027756377319946,18.027756377319946,18.0,16.0,15.03329637837291,15.132745950421555,1697990075.7014651
9.433981132056603,10.63014581273465,15.652475842498529,16.643316977093235,18.38477631085024,13.341664064126334,14.560219778561038,22.135943621178658,20.808652046684813,21.2602916254693,20.518284528683193,22.627416997969522,24.08318915758459,22.671568097509265,20.808652046684813,22.47220505424423,17.46424919657298,17.88854381999832,16.643316977093235,13.0,11.6619037896906,12.806248474865697,11.40175425099138,11.40175425099138,8.94427190999916,11.40175425099138,11.704699910719626,12.0,13.152946437965904,13.152946437965904,12.041594578792294,16.0312195418814,15.0,17.0,15.03329637837291,13.038404810405298,12.165525060596437,13.601470508735444,11.40175425099138,12.041594578792296,13.341664064126334,16.0312195418814,15.0,13.892443989449806,18.35755975068582,16.643316977093235,18.027756377319946,19.209372712298546,20.248456731316587,18.38477631085024,17.029386365926403,17.029386365926403,1697990075.716713
17.08800749063506,15.652475842498529,16.278820596099706,18.35755975068582,17.0,20.12461179749811,17.0,18.38477631085024,20.615528128088304,20.808652046684813,23.853720883753127,23.430749027719962,21.93171219946131,23.3452350598575,22.022715545545243,22.203603311174515,21.095023109728988,18.867962264113206,17.4928556845359,13.892443989449806,12.806248474865697,12.041594578792296,10.63014581273465,10.63014581273465,10.816653826391969,10.770329614269007,12.649110640673518,12.041594578792294,13.0,13.038404810405298,15.0,15.03329637837291,17.11724276862369,15.132745950421555,16.0312195418814,13.038404810405298,12.165525060596437,12.649110640673518,13.0,16.643316977093235,17.0,15.811388300841896,19.313207915827967,19.235384061671343,18.788294228055936,17.88854381999832,21.02379604162864,18.35755975068582,16.15549442140351,15.811388300841898,20.12461179749811,14.422205101855958,1697990075.7364364
7.280109889280519,13.892443989449806,14.317821063276352,14.0,17.11724276862369,15.231546211727817,16.1245154965971,16.15549442140351,18.110770276274835,18.110770276274835,19.026297590440446,21.0,20.09975124224178,20.223748416156685,19.4164878389476,19.4164878389476,16.76305461424021,15.811388300841898,13.92838827718412,12.649110640673518,11.40175425099138,10.19803902718557,9.219544457292889,9.0,9.055385138137417,8.246211251235321,8.94427190999916,10.0,10.63014581273465,11.313708498984761,12.041594578792296,14.142135623730951,13.601470508735444,12.727922061357857,12.206555615733702,10.295630140987,9.219544457292887,9.433981132056603,10.295630140987,12.649110640673518,13.0,13.601470508735444,15.524174696260024,14.560219778561038,15.811388300841898,14.560219778561038,15.231546211727817,14.866068747318506,14.866068747318506,14.866068747318506,13.92838827718412,13.341664064126334,1697990075.7454135
18.38477631085024,17.26267650163207,14.317821063276352,17.08800749063506,14.866068747318506,17.0,14.422205101855958,23.40939982143925,18.973665961010276,21.540659228538015,22.20360331117452,23.769728648009423,22.360679774997898,22.090722034374522,26.019223662515373,23.021728866442675,20.024984394500787,20.09975124224178,13.92838827718412,15.132745950421555,14.0356688476182,12.041594578792294,11.0,11.40175425099138,11.40175425099138,11.180339887498949,10.0,12.041594578792296,11.180339887498949,13.152946437965904,13.453624047073712,15.811388300841896,15.620499351813308,18.027756377319946,14.866068747318504,12.206555615733702,10.295630140987,12.806248474865697,12.649110640673518,13.152946437965904,15.297058540778355,12.36931687685298,17.26267650163207,16.1245154965971,17.46424919657298,14.142135623730951,17.46424919657298,16.492422502470642,18.973665961010276,17.029386365926403,15.297058540778355,14.0356688476182,1697990075.7544138
18.248287590894655,11.180339887498949,14.142135623730951,15.524174696260024,19.1049731745428,14.317821063276352,13.0,19.6468827043885,17.029386365926403,22.090722034374522,21.095023109728984,23.194827009486403,21.377558326431952,20.39607805437114,20.248456731316587,21.540659228538015,17.88854381999832,16.643316977093235,16.1245154965971,13.416407864998739,12.08304597359457,10.770329614269007,10.19803902718557,10.04987562112089,9.055385138137417,10.04987562112089,10.19803902718557,10.295630140987,11.180339887498949,13.892443989449806,13.892443989449806,14.7648230602334,17.4928556845359,16.55294535724685,13.416407864998739,10.0,12.806248474865697,12.806248474865697,12.727922061357857,14.7648230602334,15.620499351813308,16.401219466856727,17.204650534085253,16.401219466856727,18.60107523773827,16.643316977093235,17.029386365926403,16.278820596099706,19.4164878389476,16.970562748477143,14.142135623730951,15.231546211727817,1697990075.7624114
11.313708498984761,12.041594578792296,10.0,15.620499351813308,15.0,17.204650534085253,17.804493814764854,19.209372712298546,20.518284528683193,19.79898987322333,21.213203435596427,23.430749027719962,22.022715545545243,21.633307652783937,20.248456731316587,20.808652046684813,20.591260281974,19.313207915827967,14.560219778561038,13.0,12.529964086141668,10.816653826391969,9.219544457292887,11.40175425099138,10.816653826391969,11.6619037896906,11.045361017187261,11.0,13.0,16.0,15.03329637837291,15.03329637837291,15.0,14.0356688476182,16.0,14.0356688476182,15.132745950421555,12.041594578792294,12.08304597359457,15.264337522473749,15.652475842498529,17.0,17.4928556845359,18.027756377319946,18.35755975068582,18.788294228055936,17.88854381999832,17.0,16.643316977093235,15.0,17.88854381999832,15.620499351813308,1697990075.7704117
12.529964086141668,14.0356688476182,18.867962264113206,16.0312195418814,14.0,14.560219778561038,13.152946437965904,16.0,24.083189157584588,21.023796041628636,25.179356624028344,26.476404589747453,24.73863375370596,25.63201123595259,24.596747752497688,23.3238075793812,23.021728866442675,17.029386365926403,19.849433241279208,15.556349186104047,14.212670403551895,13.601470508735444,10.816653826391969,12.08304597359457,11.40175425099138,11.0,12.041594578792294,12.165525060596437,16.76305461424021,13.416407864998739,14.560219778561038,17.46424919657298,19.1049731745428,15.132745950421555,16.492422502470642,15.297058540778355,13.152946437965904,13.601470508735444,15.264337522473749,16.1245154965971,15.264337522473749,18.35755975068582,19.209372712298546,17.804493814764854,17.0,14.866068747318504,17.88854381999832,17.0,16.278820596099706,16.76305461424021,13.0,17.4928556845359,1697990075.7794125
8.602325267042627,15.0,10.04987562112089,15.264337522473749,16.643316977093235,12.36931687685298,12.165525060596437,17.46424919657298,18.248287590894655,21.213203435596427,21.213203435596427,22.0,23.0,20.248456731316587,19.6468827043885,27.459060435491963,23.345235059857504,16.1245154965971,16.492422502470642,15.231546211727817,12.649110640673518,11.40175425099138,11.180339887498949,12.165525060596437,12.041594578792294,11.180339887498949,10.295630140987,11.313708498984761,10.816653826391969,13.892443989449806,13.453624047073712,13.0,15.0,14.212670403551895,14.422205101855958,13.038404810405298,10.0,14.422205101855958,15.264337522473749,15.811388300841898,16.1245154965971,15.652475842498529,17.46424919657298,16.1245154965971,18.027756377319946,16.1245154965971,17.029386365926403,15.811388300841896,19.1049731745428,16.643316977093235,16.278820596099706,13.892443989449806,1697990075.7884116
4.123105625617661,8.602325267042627,18.027756377319946,13.0,15.811388300841896,12.041594578792294,16.278820596099706,23.430749027719962,20.591260281974,20.12461179749811,21.540659228538015,25.079872407968903,25.63201123595259,23.769728648009423,18.439088914585778,20.615528128088304,17.11724276862369,17.0,16.0312195418814,13.038404810405298,12.041594578792294,11.40175425099138,9.486832980505138,9.433981132056603,9.433981132056603,8.602325267042627,11.180339887498949,11.704699910719626,12.649110640673518,12.36931687685298,13.341664064126334,16.278820596099706,17.46424919657298,15.297058540778355,14.866068747318506,12.165525060596437,12.0,11.0,11.180339887498949,13.341664064126334,14.142135623730951,16.492422502470642,17.720045146669353,17.0,17.08800749063506,17.0,17.08800749063506,16.76305461424021,19.924858845171276,15.811388300841898,17.46424919657298,14.422205101855958,1697990075.8046575
15.0,14.142135623730951,21.213203435596427,17.029386365926403,19.849433241279208,14.422205101855958,16.643316977093235,22.671568097509265,18.027756377319946,19.4164878389476,22.825424421026653,24.69817807045694,22.847319317591726,23.08679276123039,21.18962010041709,21.840329667841555,18.027756377319946,19.6468827043885,15.524174696260024,15.297058540778355,12.36931687685298,11.704699910719626,9.848857801796104,10.295630140987,8.602325267042627,8.485281374238571,9.848857801796104,9.848857801796104,11.045361017187261,13.152946437965904,12.041594578792294,16.0312195418814,16.278820596099706,14.0356688476182,14.142135623730951,13.341664064126334,12.0,11.045361017187261,11.180339887498949,13.601470508735444,14.866068747318506,15.652475842498529,15.652475842498529,14.317821063276352,16.55294535724685,16.55294535724685,15.231546211727817,15.231546211727817,17.0,16.15549442140351,16.55294535724685,15.0,1697990075.8160303
12.649110640673518,15.811388300841898,13.92838827718412,14.317821063276352,18.788294228055936,21.095023109728988,16.0,16.76305461424021,20.248456731316587,20.12461179749811,21.95449840010015,25.059928172283335,24.207436873820413,22.80350850198276,22.80350850198276,23.3452350598575,21.93171219946131,18.38477631085024,17.029386365926403,13.453624047073712,13.453624047073712,12.041594578792296,9.433981132056603,10.816653826391969,10.770329614269007,10.04987562112089,11.045361017187261,10.19803902718557,12.36931687685298,12.165525060596437,14.142135623730951,15.524174696260024,17.26267650163207,16.278820596099706,15.297058540778355,13.341664064126334,13.601470508735444,12.08304597359457,13.892443989449806,15.264337522473749,14.142135623730951,15.620499351813308,17.804493814764854,16.970562748477143,19.1049731745428,17.029386365926403,17.804493814764854,19.849433241279208,19.849433241279208,17.69180601295413,17.029386365926403,15.620499351813308,1697990075.8270302
15.231546211727817,11.180339887498949,15.03329637837291,18.973665961010276,18.027756377319946,18.38477631085024,20.615528128088304,23.40939982143925,22.847319317591726,21.95449840010015,24.186773244895647,24.69817807045694,25.612496949731394,26.1725046566048,23.3452350598575,25.455844122715714,20.518284528683193,19.1049731745428,18.439088914585774,17.029386365926403,14.142135623730951,12.806248474865697,12.206555615733702,10.770329614269007,11.40175425099138,12.165525060596437,13.0,14.142135623730951,13.601470508735444,16.492422502470642,15.524174696260024,17.46424919657298,19.235384061671347,17.46424919657298,18.027756377319946,15.811388300841898,14.866068747318506,12.649110640673518,15.264337522473749,14.866068747318504,14.142135623730951,17.804493814764854,19.849433241279208,19.1049731745428,19.79898987322333,18.38477631085024,21.400934559032695,19.849433241279208,22.022715545545243,18.60107523773827,17.69180601295413,15.620499351813308,1697990075.8411644
9.219544457292889,8.94427190999916,15.03329637837291,12.36931687685298,18.973665961010276,18.439088914585778,14.866068747318504,22.472205054244235,21.470910553583888,20.12461179749811,23.706539182259394,23.853720883753127,22.80350850198276,21.93171219946131,21.213203435596427,22.671568097509265,14.422205101855958,21.2602916254693,15.811388300841896,14.866068747318504,14.866068747318504,9.899494936611665,12.206555615733702,13.0,9.848857801796104,10.04987562112089,12.041594578792294,11.045361017187261,13.152946437965904,13.152946437965904,14.142135623730951,16.1245154965971,17.029386365926403,15.132745950421555,16.0312195418814,12.041594578792294,13.341664064126334,15.524174696260024,9.848857801796104,13.892443989449806,16.643316977093235,16.1245154965971,18.027756377319946,17.204650534085253,18.867962264113206,18.027756377319946,18.867962264113206,17.4928556845359,18.027756377319946,17.204650534085253,15.811388300841896,16.401219466856727,1697990075.8501353
15.620499351813308,7.615773105863909,14.866068747318504,19.209372712298546,18.439088914585774,20.615528128088304,23.3452350598575,23.430749027719962,23.3452350598575,23.3452350598575,23.853720883753127,28.600699292150182,24.69817807045694,26.400757564888174,25.059928172283335,25.079872407968903,20.8806130178211,18.788294228055936,16.15549442140351,13.92838827718412,14.317821063276352,12.08304597359457,13.92838827718412,9.899494936611665,10.0,10.816653826391969,13.0,12.36931687685298,13.152946437965904,15.03329637837291,14.0,17.0,17.26267650163207,15.0,15.132745950421555,14.142135623730951,12.041594578792294,11.180339887498949,13.0,13.601470508735444,18.38477631085024,18.38477631085024,18.38477631085024,18.788294228055936,17.0,18.35755975068582,17.08800749063506,17.4928556845359,16.401219466856727,15.652475842498529,15.231546211727817,15.264337522473749,1697990075.858135
14.422205101855958,12.206555615733702,13.453624047073712,12.08304597359457,16.0,10.44030650891055,17.0,21.095023109728988,17.0,21.470910553583888,22.360679774997898,25.80697580112788,22.671568097509265,22.022715545545243,23.021728866442675,24.207436873820413,18.60107523773827,18.60107523773827,14.7648230602334,13.038404810405298,12.529964086141668,11.40175425099138,10.295630140987,10.0,9.433981132056603,9.486832980505138,12.165525060596437,15.0,15.0,14.0356688476182,13.038404810405298,17.11724276862369,17.029386365926403,14.0,15.0,12.0,11.180339887498949,11.180339887498949,13.92838827718412,16.1245154965971,15.264337522473749,17.204650534085253,17.204650534085253,17.204650534085253,17.4928556845359,15.811388300841896,17.0,17.88854381999832,18.35755975068582,17.4928556845359,16.1245154965971,15.0,1697990075.8711715
12.165525060596437,12.041594578792294,14.0,16.1245154965971,16.0312195418814,16.0312195418814,18.027756377319946,19.026297590440446,19.235384061671347,21.213203435596427,20.615528128088304,23.53720459187964,23.08679276123039,22.847319317591726,21.931712199461305,21.470910553583888,20.248456731316587,20.248456731316587,18.027756377319946,13.038404810405298,12.806248474865697,12.08304597359457,8.54400374531753,10.19803902718557,9.055385138137417,9.055385138137417,11.180339887498949,10.0,11.180339887498949,11.704699910719626,11.704699910719626,12.206555615733702,12.206555615733702,16.15549442140351,12.529964086141668,10.770329614269007,12.206555615733702,11.40175425099138,10.63014581273465,13.892443989449806,13.601470508735444,15.231546211727817,17.4928556845359,17.0,15.811388300841896,16.55294535724685,17.08800749063506,19.6468827043885,16.401219466856727,17.720045146669353,14.866068747318504,14.317821063276352,1697990075.879148
14.0356688476182,18.110770276274835,15.0,15.297058540778355,17.26267650163207,16.492422502470642,17.26267650163207,16.1245154965971,22.360679774997898,22.360679774997898,22.80350850198276,25.63201123595259,24.16609194718914,24.16609194718914,23.706539182259394,23.259406699226012,20.248456731316587,19.723082923316017,16.643316977093235,15.264337522473749,14.422205101855958,12.08304597359457,12.08304597359457,10.44030650891055,10.19803902718557,10.0,11.40175425099138,11.704699910719626,13.038404810405298,13.601470508735444,15.264337522473749,16.643316977093235,15.652475842498529,14.866068747318504,15.652475842498529,14.560219778561038,10.816653826391969,12.806248474865697,14.212670403551895,13.601470508735444,14.7648230602334,15.231546211727817,18.35755975068582,18.38477631085024,17.88854381999832,19.6468827043885,20.0,18.38477631085024,19.723082923316017,18.027756377319946,17.4928556845359,15.652475842498529,1697990075.8881469
15.620499351813308,16.278820596099706,18.027756377319946,14.866068747318504,17.204650534085253,14.212670403551895,20.6155281280883,18.439088914585774,20.12461179749811,22.825424421026653,24.596747752497688,24.16609194718914,21.18962010041709,23.40939982143925,20.615528128088304,21.377558326431952,18.110770276274835,15.524174696260024,14.0356688476182,15.0,13.038404810405298,15.652475842498529,8.54400374531753,10.44030650891055,6.708203932499369,10.63014581273465,12.206555615733702,13.038404810405298,15.231546211727817,15.231546211727817,15.811388300841898,16.55294535724685,15.652475842498529,13.0,16.1245154965971,13.601470508735444,14.0356688476182,11.045361017187261,13.038404810405298,13.0,16.0312195418814,16.1245154965971,19.026297590440446,16.1245154965971,19.026297590440446,19.1049731745428,19.1049731745428,18.027756377319946,18.0,17.0,17.029386365926403,16.492422502470642,1697990075.8971484
12.806248474865697,17.029386365926403,14.866068747318504,15.620499351813308,16.401219466856727,17.69180601295413,18.439088914585774,22.627416997969522,21.93171219946131,24.758836806279895,22.671568097509265,23.021728866442675,24.69817807045694,24.186773244895647,25.942243542145697,23.769728648009426,21.95449840010015,20.223748416156685,20.248456731316587,17.46424919657298,13.892443989449806,12.041594578792296,10.295630140987,10.63014581273465,9.219544457292887,9.899494936611665,11.180339887498949,11.6619037896906,16.0312195418814,17.11724276862369,16.278820596099706,19.924858845171276,17.720045146669353,13.92838827718412,14.866068747318506,12.36931687685298,12.529964086141668,14.0356688476182,12.36931687685298,15.132745950421555,17.11724276862369,17.720045146669353,15.297058540778355,17.720045146669353,19.235384061671347,17.26267650163207,19.235384061671347,17.26267650163207,17.26267650163207,17.26267650163207,17.11724276862369,17.46424919657298,1697990075.9080906
13.038404810405298,13.341664064126334,11.704699910719626,17.88854381999832,15.0,16.401219466856727,19.697715603592208,20.248456731316587,19.4164878389476,22.022715545545243,22.80350850198276,24.08318915758459,22.627416997969522,22.022715545545243,21.400934559032695,22.203603311174515,18.867962264113206,18.35755975068582,17.0,13.892443989449806,13.038404810405298,11.40175425099138,9.899494936611665,8.602325267042627,10.295630140987,9.486832980505138,10.19803902718557,11.0,12.041594578792294,13.152946437965904,13.038404810405298,14.142135623730951,15.03329637837291,14.0356688476182,14.0356688476182,12.041594578792294,11.180339887498949,11.40175425099138,11.6619037896906,13.601470508735444,14.422205101855958,15.620499351813308,17.029386365926403,14.866068747318504,17.029386365926403,17.029386365926403,17.804493814764854,17.029386365926403,17.029386365926403,16.278820596099706,15.620499351813308,14.142135623730951,1697990075.9164042
13.038404810405298,12.206555615733702,16.401219466856727,16.15549442140351,14.7648230602334,13.0,16.55294535724685,17.4928556845359,21.633307652783937,19.209372712298546,22.627416997969522,24.839484696748443,24.041630560342618,22.022715545545243,21.633307652783937,22.47220505424423,18.35755975068582,17.0,17.0,14.317821063276352,12.206555615733702,12.041594578792296,9.219544457292887,10.63014581273465,10.816653826391969,9.848857801796104,10.19803902718557,11.0,13.0,14.0356688476182,14.0,15.0,15.0,15.03329637837291,14.0356688476182,11.045361017187261,12.165525060596437,10.44030650891055,12.529964086141668,13.038404810405298,13.416407864998739,16.643316977093235,18.027756377319946,16.401219466856727,18.027756377319946,17.029386365926403,16.278820596099706,17.4928556845359,21.2602916254693,19.849433241279208,15.652475842498529,13.601470508735444,1697990075.9301326
13.152946437965904,15.297058540778355,13.038404810405298,11.045361017187261,15.0,13.601470508735444,19.0,18.439088914585778,20.09975124224178,20.09975124224178,21.095023109728984,22.360679774997898,22.80350850198276,22.135943621178658,21.540659228538015,22.847319317591726,17.0,18.027756377319946,15.652475842498529,16.643316977093235,14.317821063276352,12.08304597359457,7.615773105863909,6.0827625302982185,10.19803902718557,11.180339887498949,9.848857801796104,11.40175425099138,13.453624047073712,14.866068747318504,14.422205101855958,17.029386365926403,16.1245154965971,15.0,14.866068747318504,8.94427190999916,13.453624047073712,12.529964086141668,14.7648230602334,13.892443989449806,14.7648230602334,16.15549442140351,18.788294228055936,17.08800749063506,17.88854381999832,17.08800749063506,17.88854381999832,17.88854381999832,17.88854381999832,17.46424919657298,16.1245154965971,14.866068747318506,1697990075.939121
11.045361017187261,11.40175425099138,13.038404810405298,20.024984394500787,18.0,20.39607805437114,20.09975124224178,19.235384061671347,21.023796041628636,21.213203435596427,23.345235059857504,24.73863375370596,23.08679276123039,23.40939982143925,21.540659228538015,22.472205054244235,18.788294228055936,18.788294228055936,14.7648230602334,14.317821063276352,13.92838827718412,13.0,10.44030650891055,10.04987562112089,12.041594578792294,11.180339887498949,11.180339887498949,11.180339887498949,12.806248474865697,15.620499351813308,15.0,16.278820596099706,18.027756377319946,17.029386365926403,17.204650534085253,11.40175425099138,13.601470508735444,13.453624047073712,13.892443989449806,13.416407864998739,17.0,17.08800749063506,18.973665961010276,17.720045146669353,17.720045146669353,17.46424919657298,19.313207915827967,18.027756377319946,18.973665961010276,18.027756377319946,17.08800749063506,14.560219778561038,1697990075.9542294
10.0,10.295630140987,12.08304597359457,11.6619037896906,17.804493814764854,16.1245154965971,20.0,20.808652046684813,21.400934559032695,21.93171219946131,21.095023109728988,23.3452350598575,23.430749027719962,24.08318915758459,22.47220505424423,21.095023109728988,18.681541692269406,18.38477631085024,16.15549442140351,13.416407864998739,12.529964086141668,10.816653826391969,10.63014581273465,9.219544457292887,9.433981132056603,9.486832980505138,10.19803902718557,11.0,13.038404810405298,14.0356688476182,15.0,14.0,16.0,15.132745950421555,16.0,11.045361017187261,12.649110640673518,12.36931687685298,12.08304597359457,14.422205101855958,15.264337522473749,18.027756377319946,18.027756377319946,17.804493814764854,17.204650534085253,18.60107523773827,18.027756377319946,18.60107523773827,18.027756377319946,18.027756377319946,16.643316977093235,15.620499351813308,1697990075.9622285
10.295630140987,14.866068747318506,17.26267650163207,14.0,17.804493814764854,16.1245154965971,18.248287590894655,18.248287590894655,19.026297590440446,24.515301344262525,26.1725046566048,26.1725046566048,22.80350850198276,24.351591323771842,22.135943621178658,22.472205054244235,18.38477631085024,17.4928556845359,14.866068747318506,13.601470508735444,10.770329614269007,9.219544457292889,10.44030650891055,10.0,11.180339887498949,9.486832980505138,13.0,12.041594578792296,14.422205101855958,14.422205101855958,12.041594578792296,17.69180601295413,16.401219466856727,12.529964086141668,15.0,13.038404810405298,12.041594578792296,12.041594578792296,11.40175425099138,13.0,15.264337522473749,15.231546211727817,18.38477631085024,16.15549442140351,16.55294535724685,17.720045146669353,19.697715603592208,17.4928556845359,19.924858845171276,18.38477631085024,16.55294535724685,16.76305461424021,1697990075.9731224
12.529964086141668,11.180339887498949,13.453624047073712,17.69180601295413,14.866068747318504,19.1049731745428,21.95449840010015,21.400934559032695,21.2602916254693,24.515301344262525,25.0,27.202941017470888,26.627053911388693,27.29468812791236,21.540659228538015,26.400757564888174,21.840329667841555,17.46424919657298,17.46424919657298,16.492422502470642,13.341664064126334,13.0,10.770329614269007,10.816653826391969,11.40175425099138,10.816653826391969,12.08304597359457,13.152946437965904,15.03329637837291,14.0356688476182,15.524174696260024,18.248287590894655,18.439088914585778,18.110770276274835,17.26267650163207,14.0356688476182,13.0,14.0,16.1245154965971,15.297058540778355,16.15549442140351,15.652475842498529,20.6155281280883,17.4928556845359,19.235384061671343,19.235384061671343,19.313207915827967,18.681541692269406,21.540659228538015,19.723082923316017,17.720045146669353,16.55294535724685,1697990076.041275
12.08304597359457,12.206555615733702,15.0,16.643316977093235,16.401219466856727,16.278820596099706,19.4164878389476,20.0,23.021728866442675,20.591260281974,23.706539182259394,24.16609194718914,23.769728648009426,24.041630560342615,22.80350850198276,23.769728648009423,21.213203435596427,17.26267650163207,17.029386365926403,13.341664064126334,12.165525060596437,11.180339887498949,8.94427190999916,11.704699910719626,8.06225774829855,12.806248474865697,11.704699910719626,10.19803902718557,13.152946437965904,10.44030650891055,14.142135623730951,18.248287590894655,16.76305461424021,15.524174696260024,14.317821063276352,12.041594578792294,12.165525060596437,12.041594578792294,12.041594578792294,13.601470508735444,15.132745950421555,15.231546211727817,16.15549442140351,16.15549442140351,17.08800749063506,15.811388300841898,18.027756377319946,16.76305461424021,16.15549442140351,17.08800749063506,16.15549442140351,13.892443989449806,1697990076.0502722
9.219544457292887,15.811388300841898,12.36931687685298,15.264337522473749,14.7648230602334,10.44030650891055,17.08800749063506,19.235384061671343,21.633307652783937,20.591260281974,22.203603311174515,23.430749027719962,23.3452350598575,23.3452350598575,22.022715545545243,22.671568097509265,19.4164878389476,18.027756377319946,14.422205101855958,13.038404810405298,14.212670403551895,11.313708498984761,9.899494936611665,11.313708498984761,6.4031242374328485,10.770329614269007,8.246211251235321,7.0710678118654755,13.341664064126334,13.601470508735444,14.142135623730951,18.248287590894655,18.439088914585778,17.11724276862369,16.1245154965971,13.152946437965904,14.560219778561038,13.92838827718412,13.416407864998739,14.212670403551895,17.204650534085253,17.029386365926403,19.209372712298546,17.69180601295413,18.439088914585774,17.804493814764854,20.0,18.60107523773827,19.209372712298546,17.804493814764854,18.027756377319946,16.278820596099706,1697990076.0592744
12.206555615733702,13.892443989449806,19.1049731745428,15.811388300841896,14.7648230602334,17.029386365926403,16.1245154965971,24.16609194718914,21.2602916254693,22.671568097509265,23.3452350598575,24.839484696748443,23.60084744241189,22.47220505424423,21.95449840010015,22.825424421026653,17.88854381999832,17.88854381999832,16.55294535724685,11.180339887498949,10.816653826391969,11.6619037896906,10.0,7.810249675906654,8.06225774829855,9.219544457292889,12.36931687685298,9.055385138137417,11.180339887498949,12.041594578792294,17.029386365926403,13.92838827718412,18.110770276274835,15.03329637837291,17.11724276862369,15.132745950421555,13.341664064126334,13.0,11.704699910719626,14.866068747318504,16.643316977093235,14.7648230602334,16.401219466856727,16.401219466856727,19.209372712298546,17.029386365926403,18.60107523773827,17.204650534085253,19.209372712298546,17.804493814764854,16.401219466856727,14.866068747318504,1697990076.067273
12.806248474865697,14.212670403551895,16.278820596099706,19.209372712298546,19.1049731745428,21.2602916254693,20.518284528683193,23.430749027719962,24.413111231467404,22.671568097509265,26.627053911388693,29.1547594742265,27.29468812791236,25.63201123595259,23.40939982143925,24.351591323771842,22.80350850198276,21.931712199461305,18.110770276274835,16.76305461424021,14.317821063276352,11.180339887498949,13.453624047073712,12.041594578792296,10.63014581273465,11.6619037896906,11.704699910719626,12.165525060596437,14.142135623730951,16.1245154965971,16.0312195418814,18.027756377319946,20.024984394500787,19.0,17.26267650163207,16.0,16.0,15.132745950421555,15.524174696260024,14.866068747318506,17.46424919657298,18.35755975068582,19.235384061671343,18.35755975068582,20.591260281974,20.591260281974,21.02379604162864,21.02379604162864,20.591260281974,20.591260281974,19.235384061671343,18.027756377319946,1697990076.0781178
12.165525060596437,13.0,13.601470508735444,17.720045146669353,16.492422502470642,16.76305461424021,18.973665961010276,18.681541692269406,21.377558326431952,22.360679774997898,24.331050121192874,23.0,26.019223662515373,23.194827009486403,22.090722034374522,23.345235059857504,19.6468827043885,18.439088914585778,15.231546211727817,15.524174696260024,12.649110640673518,12.041594578792294,11.180339887498949,10.04987562112089,10.44030650891055,7.615773105863909,10.63014581273465,12.041594578792296,11.313708498984761,13.038404810405298,13.601470508735444,16.401219466856727,15.811388300841896,14.422205101855958,16.643316977093235,13.038404810405298,12.08304597359457,11.704699910719626,11.180339887498949,14.142135623730951,15.297058540778355,15.0,17.0,16.1245154965971,21.023796041628636,18.110770276274835,18.027756377319946,19.235384061671347,20.0,16.0,19.0,14.560219778561038,1697990076.0921724
13.0,12.0,17.029386365926403,18.027756377319946,17.0,18.110770276274835,19.026297590440446,21.0,23.194827009486403,22.360679774997898,24.331050121192874,26.305892875931807,26.476404589747453,25.709920264364882,23.08679276123039,24.16609194718914,22.135943621178658,18.35755975068582,19.4164878389476,12.529964086141668,13.038404810405298,15.132745950421555,10.816653826391969,13.152946437965904,10.44030650891055,12.041594578792294,12.649110640673518,13.038404810405298,9.486832980505138,13.601470508735444,13.038404810405298,15.556349186104047,14.866068747318504,15.811388300841896,15.0,13.038404810405298,14.422205101855958,10.0,12.727922061357857,15.231546211727817,15.297058540778355,15.524174696260024,14.7648230602334,15.524174696260024,16.278820596099706,16.76305461424021,17.08800749063506,18.681541692269406,17.08800749063506,15.652475842498529,17.08800749063506,13.341664064126334,1697990076.103175
10.816653826391969,11.180339887498949,14.317821063276352,14.7648230602334,14.7648230602334,15.231546211727817,16.55294535724685,17.88854381999832,18.35755975068582,19.723082923316017,19.723082923316017,21.400934559032695,21.2602916254693,21.213203435596427,19.849433241279208,19.849433241279208,17.204650534085253,15.811388300841896,15.811388300841896,13.038404810405298,10.816653826391969,9.899494936611665,8.485281374238571,8.602325267042627,8.06225774829855,8.246211251235321,9.055385138137417,9.219544457292889,10.44030650891055,11.40175425099138,12.649110640673518,14.317821063276352,14.560219778561038,13.341664064126334,14.0356688476182,13.038404810405298,11.6619037896906,10.295630140987,10.295630140987,11.40175425099138,13.453624047073712,13.453624047073712,15.556349186104047,14.866068747318504,15.620499351813308,15.620499351813308,15.556349186104047,16.278820596099706,15.556349186104047,16.278820596099706,15.556349186104047,13.601470508735444,1697990076.1111746
13.038404810405298,13.416407864998739,15.231546211727817,16.55294535724685,16.15549442140351,16.15549442140351,18.973665961010276,19.697715603592208,21.02379604162864,21.95449840010015,23.853720883753127,24.413111231467404,24.839484696748443,23.3452350598575,22.627416997969522,24.041630560342618,20.0,19.209372712298546,16.643316977093235,14.422205101855958,12.806248474865697,11.313708498984761,9.899494936611665,10.0,8.94427190999916,9.219544457292889,10.04987562112089,11.045361017187261,11.180339887498949,12.36931687685298,12.36931687685298,14.560219778561038,15.297058540778355,14.317821063276352,14.317821063276352,13.341664064126334,11.40175425099138,11.704699910719626,11.6619037896906,12.806248474865697,13.601470508735444,14.142135623730951,16.278820596099706,15.556349186104047,16.278820596099706,16.278820596099706,16.970562748477143,16.970562748477143,17.69180601295413,16.278820596099706,14.866068747318504,14.212670403551895,1697990076.1201015
11.180339887498949,12.0,14.0356688476182,15.0,15.0,16.0,17.11724276862369,19.026297590440446,20.0,21.023796041628636,21.095023109728984,23.194827009486403,24.041630560342615,25.0,21.931712199461305,25.079872407968903,18.867962264113206,18.867962264113206,19.1049731745428,10.816653826391969,10.0,12.36931687685298,7.615773105863909,9.0,7.280109889280519,9.486832980505138,10.44030650891055,11.40175425099138,12.806248474865697,9.899494936611665,14.212670403551895,14.212670403551895,14.866068747318504,12.529964086141668,14.317821063276352,17.46424919657298,15.620499351813308,10.0,12.08304597359457,10.770329614269007,13.0,14.317821063276352,15.811388300841898,15.524174696260024,16.15549442140351,15.811388300841898,17.08800749063506,16.15549442140351,16.15549442140351,15.811388300841898,15.231546211727817,14.317821063276352,1697990076.1341808
13.038404810405298,11.40175425099138,15.556349186104047,16.278820596099706,16.278820596099706,16.278820596099706,18.38477631085024,19.1049731745428,20.615528128088304,22.203603311174515,23.3238075793812,25.059928172283335,24.16609194718914,23.40939982143925,21.840329667841555,24.041630560342615,18.439088914585778,19.4164878389476,15.132745950421555,14.142135623730951,12.36931687685298,10.770329614269007,9.848857801796104,10.0,9.219544457292887,9.433981132056603,10.770329614269007,11.40175425099138,12.165525060596437,14.0356688476182,13.152946437965904,16.0312195418814,17.11724276862369,15.03329637837291,16.0312195418814,14.0356688476182,13.0,13.038404810405298,13.341664064126334,13.92838827718412,15.811388300841898,15.652475842498529,19.697715603592208,17.0,18.35755975068582,18.35755975068582,19.697715603592208,18.38477631085024,19.697715603592208,17.88854381999832,17.46424919657298,16.643316977093235,1697990076.1461291
4.47213595499958,12.529964086141668,18.110770276274835,14.7648230602334,17.029386365926403,10.44030650891055,19.924858845171276,17.0,18.38477631085024,21.18962010041709,20.248456731316587,23.021728866442675,22.80350850198276,23.3452350598575,21.93171219946131,22.671568097509265,18.439088914585774,17.804493814764854,15.0,14.422205101855958,11.40175425099138,9.899494936611665,9.899494936611665,9.848857801796104,8.602325267042627,9.219544457292889,10.0,11.045361017187261,11.40175425099138,12.649110640673518,12.165525060596437,14.317821063276352,16.278820596099706,14.317821063276352,14.317821063276352,12.165525060596437,11.180339887498949,12.529964086141668,12.206555615733702,13.038404810405298,14.7648230602334,13.453624047073712,16.643316977093235,13.453624047073712,17.804493814764854,16.643316977093235,17.029386365926403,16.643316977093235,18.027756377319946,17.204650534085253,15.0,15.556349186104047,1697990076.15513
11.180339887498949,12.529964086141668,17.029386365926403,15.811388300841896,14.866068747318504,12.806248474865697,14.142135623730951,17.0,21.93171219946131,20.518284528683193,21.2602916254693,26.248809496813372,22.80350850198276,24.413111231467404,22.47220505424423,23.3238075793812,17.0,17.88854381999832,18.788294228055936,16.55294535724685,9.433981132056603,14.212670403551895,13.601470508735444,7.615773105863909,14.142135623730951,9.219544457292889,10.0,15.132745950421555,14.560219778561038,15.297058540778355,14.317821063276352,15.297058540778355,17.26267650163207,12.165525060596437,16.0,15.297058540778355,9.848857801796104,12.529964086141668,12.529964086141668,13.92838827718412,15.556349186104047,13.601470508735444,17.029386365926403,15.556349186104047,17.69180601295413,19.1049731745428,20.518284528683193,16.401219466856727,17.804493814764854,18.439088914585774,16.278820596099706,15.620499351813308,1697990076.1698472
12.0,12.0,11.704699910719626,15.297058540778355,15.132745950421555,14.317821063276352,17.46424919657298,18.248287590894655,21.377558326431952,23.194827009486403,24.020824298928627,23.0,25.317977802344327,22.80350850198276,21.840329667841555,23.40939982143925,18.38477631085024,17.46424919657298,14.317821063276352,13.0,11.180339887498949,11.40175425099138,9.055385138137417,9.055385138137417,8.06225774829855,8.54400374531753,9.433981132056603,9.899494936611665,10.63014581273465,12.041594578792296,12.041594578792296,15.556349186104047,15.556349186104047,14.142135623730951,14.866068747318504,12.806248474865697,13.601470508735444,10.0,12.529964086141668,15.231546211727817,13.92838827718412,14.142135623730951,19.6468827043885,17.26267650163207,19.6468827043885,18.248287590894655,20.518284528683193,20.808652046684813,17.720045146669353,16.15549442140351,14.866068747318506,14.317821063276352,1697990076.1869578
13.601470508735444,13.453624047073712,15.811388300841896,17.804493814764854,15.811388300841896,18.439088914585774,20.518284528683193,20.808652046684813,19.79898987322333,21.93171219946131,26.400757564888174,25.0,25.317977802344327,24.596747752497688,21.540659228538015,24.351591323771842,20.8806130178211,16.492422502470642,14.866068747318506,14.317821063276352,11.6619037896906,11.6619037896906,7.615773105863909,9.219544457292887,7.280109889280519,10.44030650891055,13.152946437965904,12.0,12.041594578792294,15.132745950421555,15.132745950421555,16.0312195418814,17.029386365926403,16.1245154965971,17.029386365926403,15.0,14.142135623730951,14.317821063276352,16.55294535724685,16.401219466856727,17.88854381999832,14.142135623730951,18.867962264113206,20.12461179749811,18.027756377319946,20.0,21.095023109728988,18.35755975068582,18.867962264113206,20.248456731316587,18.35755975068582,17.804493814764854,1697990076.2021465
10.0,12.0,15.132745950421555,18.681541692269406,18.027756377319946,17.11724276862369,20.248456731316587,20.09975124224178,22.360679774997898,22.02271554554524,24.331050121192874,25.01999200639361,26.019223662515373,23.53720459187964,20.39607805437114,23.53720459187964,19.924858845171276,17.720045146669353,16.15549442140351,13.601470508735444,13.0,11.0,12.041594578792294,9.219544457292889,10.04987562112089,8.94427190999916,10.63014581273465,11.40175425099138,12.529964086141668,13.038404810405298,13.601470508735444,15.264337522473749,16.643316977093235,14.422205101855958,14.317821063276352,10.816653826391969,13.416407864998739,10.816653826391969,11.704699910719626,15.03329637837291,17.46424919657298,15.03329637837291,18.0,17.11724276862369,18.027756377319946,18.110770276274835,19.1049731745428,17.0,19.0,17.029386365926403,17.029386365926403,15.03329637837291,1697990076.2111444
9.433981132056603,10.44030650891055,13.601470508735444,15.652475842498529,15.811388300841898,16.492422502470642,18.38477631085024,20.6155281280883,20.248456731316587,17.4928556845359,26.419689627245813,23.021728866442675,22.022715545545243,25.495097567963924,20.518284528683193,24.041630560342618,18.439088914585774,17.69180601295413,15.620499351813308,13.453624047073712,11.313708498984761,12.041594578792296,11.40175425099138,9.433981132056603,9.486832980505138,8.06225774829855,12.0,9.219544457292889,11.40175425099138,14.7648230602334,14.866068747318506,16.15549442140351,17.46424919657298,15.811388300841898,15.811388300841898,13.341664064126334,13.892443989449806,11.704699910719626,14.212670403551895,17.69180601295413,17.69180601295413,18.60107523773827,19.849433241279208,16.970562748477143,17.204650534085253,17.69180601295413,19.1049731745428,17.804493814764854,21.93171219946131,18.439088914585774,17.69180601295413,15.811388300841896,1697990076.2334833
9.433981132056603,12.206555615733702,13.152946437965904,15.811388300841898,19.6468827043885,17.08800749063506,16.1245154965971,23.086792761230395,23.769728648009423,17.4928556845359,21.095023109728984,23.021728866442675,21.377558326431952,25.079872407968907,21.095023109728984,24.331050121192874,20.615528128088304,18.973665961010276,17.08800749063506,14.317821063276352,12.36931687685298,11.045361017187261,10.0,11.180339887498949,10.770329614269007,8.602325267042627,11.40175425099138,12.041594578792296,10.816653826391969,13.038404810405298,13.601470508735444,15.811388300841896,17.204650534085253,15.811388300841896,15.264337522473749,13.892443989449806,12.529964086141668,13.0,12.36931687685298,14.317821063276352,16.0312195418814,15.132745950421555,19.026297590440446,18.027756377319946,17.26267650163207,18.027756377319946,18.248287590894655,18.110770276274835,20.024984394500787,19.235384061671347,17.11724276862369,15.0,1697990076.2575154
15.0,14.317821063276352,20.6155281280883,15.03329637837291,17.11724276862369,20.024984394500787,19.924858845171276,18.027756377319946,21.0,19.0,21.0,26.305892875931807,21.587033144922902,23.769728648009423,21.840329667841555,22.135943621178658,19.697715603592208,18.35755975068582,18.788294228055936,14.7648230602334,12.08304597359457,11.704699910719626,9.219544457292889,9.0,9.055385138137417,9.486832980505138,10.816653826391969,8.485281374238571,12.041594578792296,14.212670403551895,15.0,17.029386365926403,17.69180601295413,15.620499351813308,16.278820596099706,13.453624047073712,13.453624047073712,14.422205101855958,15.231546211727817,13.92838827718412,18.788294228055936,18.681541692269406,18.681541692269406,17.26267650163207,18.681541692269406,17.46424919657298,19.6468827043885,18.681541692269406,19.6468827043885,18.681541692269406,17.720045146669353,16.278820596099706,1697990076.268517
10.63014581273465,8.06225774829855,10.816653826391969,14.212670403551895,14.422205101855958,15.811388300841896,19.1049731745428,20.518284528683193,20.615528128088304,19.1049731745428,20.518284528683193,22.671568097509265,23.021728866442675,23.3238075793812,22.825424421026653,21.02379604162864,20.248456731316587,17.08800749063506,15.811388300841898,13.92838827718412,10.770329614269007,10.295630140987,8.602325267042627,7.810249675906654,8.06225774829855,8.54400374531753,10.04987562112089,10.19803902718557,13.152946437965904,12.36931687685298,13.601470508735444,16.492422502470642,17.46424919657298,14.317821063276352,16.76305461424021,14.317821063276352,9.848857801796104,11.6619037896906,13.601470508735444,15.620499351813308,15.0,16.970562748477143,18.38477631085024,17.029386365926403,18.439088914585774,17.804493814764854,18.38477631085024,18.38477631085024,18.439088914585774,17.804493814764854,17.029386365926403,16.643316977093235,1697990076.2941985
10.63014581273465,6.0,13.0,15.132745950421555,14.560219778561038,15.811388300841896,23.021728866442675,16.0312195418814,19.4164878389476,19.924858845171276,20.6155281280883,21.18962010041709,22.847319317591726,22.360679774997898,21.95449840010015,21.095023109728988,21.400934559032695,17.029386365926403,15.0,12.529964086141668,10.816653826391969,7.810249675906654,9.433981132056603,8.0,11.045361017187261,9.486832980505138,8.06225774829855,13.601470508735444,11.6619037896906,12.041594578792296,11.313708498984761,15.0,15.0,15.620499351813308,15.811388300841896,13.038404810405298,9.848857801796104,10.63014581273465,16.1245154965971,17.4928556845359,15.0,16.15549442140351,17.46424919657298,16.15549442140351,17.46424919657298,17.08800749063506,17.88854381999832,17.88854381999832,18.38477631085024,17.46424919657298,17.0,15.811388300841898,1697990076.3032033
12.08304597359457,9.0,13.038404810405298,13.152946437965904,16.278820596099706,15.297058540778355,19.1049731745428,19.235384061671347,19.235384061671347,18.248287590894655,22.360679774997898,22.20360331117452,22.80350850198276,22.360679774997898,23.259406699226012,22.360679774997898,19.723082923316017,18.35755975068582,16.1245154965971,12.529964086141668,11.6619037896906,11.180339887498949,9.486832980505138,8.54400374531753,8.0,8.54400374531753,9.848857801796104,9.219544457292887,12.806248474865697,12.806248474865697,14.212670403551895,16.278820596099706,15.620499351813308,14.142135623730951,16.278820596099706,14.212670403551895,12.727922061357857,12.206555615733702,13.038404810405298,13.601470508735444,17.46424919657298,17.46424919657298,17.0,17.08800749063506,18.027756377319946,17.08800749063506,18.38477631085024,17.720045146669353,19.235384061671343,16.15549442140351,18.38477631085024,14.560219778561038,1697990076.3138251
10.295630140987,11.40175425099138,13.152946437965904,14.317821063276352,14.317821063276352,15.297058540778355,16.1245154965971,18.248287590894655,19.6468827043885,18.681541692269406,19.924858845171276,21.840329667841555,21.18962010041709,22.360679774997898,24.186773244895647,21.633307652783937,20.615528128088304,14.422205101855958,18.60107523773827,14.866068747318504,10.0,9.433981132056603,8.54400374531753,9.055385138137417,8.0,10.44030650891055,8.54400374531753,12.206555615733702,12.206555615733702,10.295630140987,12.727922061357857,13.453624047073712,14.866068747318504,12.806248474865697,13.453624047073712,13.453624047073712,10.295630140987,10.295630140987,11.180339887498949,13.601470508735444,13.92838827718412,15.524174696260024,16.492422502470642,15.524174696260024,17.46424919657298,16.492422502470642,17.08800749063506,17.46424919657298,16.492422502470642,16.76305461424021,15.524174696260024,14.142135623730951,1697990076.331003
11.40175425099138,10.0,20.024984394500787,13.152946437965904,16.0312195418814,21.023796041628636,22.20360331117452,18.439088914585778,16.1245154965971,19.4164878389476,19.235384061671347,22.561028345356952,21.840329667841555,21.18962010041709,21.18962010041709,21.02379604162864,19.4164878389476,16.76305461424021,16.643316977093235,13.038404810405298,10.816653826391969,12.206555615733702,7.0710678118654755,13.038404810405298,5.8309518948453,8.54400374531753,8.06225774829855,9.433981132056603,10.63014581273465,17.0,11.6619037896906,15.811388300841896,14.866068747318504,12.041594578792296,16.401219466856727,13.601470508735444,10.295630140987,10.19803902718557,11.045361017187261,13.0,15.03329637837291,16.0312195418814,15.0,15.132745950421555,17.0,16.1245154965971,18.027756377319946,18.027756377319946,18.110770276274835,17.26267650163207,15.132745950421555,14.317821063276352,1697990076.339001
14.866068747318506,9.219544457292889,19.313207915827967,18.867962264113206,12.08304597359457,13.92838827718412,19.6468827043885,18.788294228055936,20.615528128088304,17.720045146669353,23.08679276123039,23.769728648009423,25.179356624028344,23.021728866442675,22.0,22.0,21.095023109728984,19.1049731745428,17.029386365926403,14.0356688476182,13.038404810405298,11.045361017187261,9.055385138137417,9.055385138137417,10.295630140987,9.433981132056603,9.219544457292887,11.180339887498949,12.649110640673518,13.601470508735444,13.92838827718412,16.492422502470642,17.0,16.76305461424021,16.55294535724685,14.7648230602334,12.08304597359457,12.36931687685298,13.038404810405298,15.132745950421555,15.297058540778355,16.278820596099706,18.439088914585778,17.11724276862369,20.223748416156685,16.278820596099706,19.1049731745428,20.09975124224178,19.026297590440446,19.1049731745428,16.0312195418814,14.317821063276352,1697990076.352489
12.041594578792296,12.206555615733702,14.142135623730951,14.866068747318506,19.697715603592208,11.045361017187261,18.973665961010276,18.788294228055936,17.88854381999832,21.633307652783937,19.723082923316017,24.413111231467404,20.615528128088304,21.2602916254693,22.022715545545243,24.08318915758459,19.209372712298546,18.867962264113206,17.4928556845359,13.416407864998739,12.529964086141668,10.63014581273465,10.0,8.485281374238571,8.06225774829855,8.246211251235321,9.219544457292889,8.06225774829855,10.04987562112089,11.6619037896906,12.649110640673518,14.560219778561038,15.524174696260024,14.866068747318506,14.560219778561038,12.649110640673518,10.295630140987,11.180339887498949,14.422205101855958,12.727922061357857,14.422205101855958,15.556349186104047,17.029386365926403,15.620499351813308,18.439088914585774,16.278820596099706,18.38477631085024,18.38477631085024,18.38477631085024,16.970562748477143,14.212670403551895,15.0,1697990076.36449
7.810249675906654,14.212670403551895,14.142135623730951,13.038404810405298,14.422205101855958,11.045361017187261,15.0,16.55294535724685,16.1245154965971,20.248456731316587,21.633307652783937,21.095023109728988,21.470910553583888,20.248456731316587,20.8806130178211,21.840329667841555,19.1049731745428,18.110770276274835,15.297058540778355,12.041594578792294,11.180339887498949,10.770329614269007,8.54400374531753,7.615773105863909,7.810249675906654,8.06225774829855,9.486832980505138,9.055385138137417,10.0,12.0,12.041594578792294,15.0,15.0,14.0,14.0356688476182,13.038404810405298,12.041594578792294,10.19803902718557,13.601470508735444,15.652475842498529,17.46424919657298,15.0,17.0,16.55294535724685,17.204650534085253,17.204650534085253,17.0,16.1245154965971,18.788294228055936,17.46424919657298,16.55294535724685,14.7648230602334,1697990076.3750782
10.0,13.038404810405298,15.652475842498529,15.652475842498529,17.08800749063506,12.206555615733702,17.69180601295413,19.723082923316017,18.35755975068582,19.235384061671343,20.12461179749811,22.360679774997898,21.540659228538015,21.840329667841555,20.615528128088304,21.377558326431952,19.235384061671347,17.11724276862369,15.0,12.041594578792294,11.180339887498949,10.44030650891055,8.54400374531753,7.810249675906654,8.06225774829855,8.602325267042627,9.219544457292889,10.19803902718557,11.045361017187261,13.038404810405298,12.0,15.03329637837291,15.03329637837291,16.0,16.0,14.0,12.041594578792294,13.341664064126334,13.601470508735444,15.231546211727817,16.15549442140351,16.55294535724685,17.88854381999832,17.0,18.35755975068582,18.35755975068582,19.235384061671343,19.235384061671343,19.235384061671343,17.88854381999832,17.0,15.811388300841896,1697990076.3871615
9.219544457292889,13.152946437965904,16.15549442140351,13.152946437965904,13.038404810405298,12.206555615733702,15.03329637837291,15.132745950421555,19.0,18.110770276274835,19.0,23.021728866442675,23.194827009486403,20.09975124224178,21.18962010041709,21.840329667841555,15.652475842498529,18.027756377319946,16.401219466856727,15.620499351813308,13.416407864998739,12.165525060596437,8.06225774829855,11.0,7.0710678118654755,8.602325267042627,10.770329614269007,10.63014581273465,11.045361017187261,14.142135623730951,13.038404810405298,12.727922061357857,16.401219466856727,14.212670403551895,13.601470508735444,12.206555615733702,10.0,11.40175425099138,13.416407864998739,14.7648230602334,15.652475842498529,15.231546211727817,17.88854381999832,17.46424919657298,17.88854381999832,17.88854381999832,18.867962264113206,18.35755975068582,18.867962264113206,17.4928556845359,16.1245154965971,15.231546211727817,1697990076.4037762
12.649110640673518,8.0,10.44030650891055,11.045361017187261,11.40175425099138,11.40175425099138,13.341664064126334,15.132745950421555,19.0,18.110770276274835,19.0,23.021728866442675,23.194827009486403,20.09975124224178,21.18962010041709,18.681541692269406,16.15549442140351,18.027756377319946,11.6619037896906,15.620499351813308,9.486832980505138,9.219544457292889,8.246211251235321,8.0,7.0710678118654755,7.615773105863909,7.615773105863909,8.485281374238571,9.899494936611665,14.142135623730951,10.0,12.727922061357857,12.806248474865697,14.212670403551895,12.041594578792296,10.0,8.485281374238571,9.219544457292887,11.40175425099138,10.816653826391969,11.6619037896906,15.231546211727817,13.92838827718412,17.46424919657298,17.88854381999832,17.88854381999832,18.867962264113206,14.317821063276352,18.867962264113206,13.601470508735444,12.08304597359457,15.231546211727817,1697990076.4225519
12.0,9.433981132056603,13.341664064126334,15.03329637837291,18.439088914585778,11.40175425099138,17.88854381999832,18.38477631085024,18.439088914585778,21.840329667841555,19.924858845171276,24.73863375370596,23.40939982143925,22.847319317591726,23.3238075793812,26.627053911388693,20.808652046684813,18.35755975068582,19.209372712298546,14.212670403551895,11.40175425099138,12.206555615733702,10.295630140987,12.165525060596437,7.0,8.06225774829855,9.433981132056603,8.602325267042627,12.041594578792296,13.601470508735444,11.6619037896906,13.453624047073712,15.0,12.08304597359457,12.806248474865697,14.422205101855958,12.206555615733702,13.892443989449806,13.341664064126334,13.416407864998739,15.524174696260024,14.317821063276352,18.439088914585778,17.26267650163207,16.76305461424021,16.492422502470642,18.681541692269406,16.492422502470642,18.38477631085024,16.492422502470642,15.297058540778355,15.03329637837291,1697990076.4341927
13.892443989449806,11.180339887498949,15.620499351813308,14.7648230602334,17.804493814764854,14.866068747318504,16.401219466856727,21.633307652783937,20.0,20.808652046684813,22.203603311174515,22.80350850198276,24.186773244895647,24.698178070456937,24.351591323771842,25.0,23.194827009486403,19.235384061671347,18.248287590894655,14.212670403551895,10.44030650891055,12.649110640673518,7.211102550927979,7.615773105863909,8.06225774829855,8.485281374238571,12.165525060596437,10.19803902718557,10.19803902718557,11.180339887498949,15.0,16.0312195418814,17.46424919657298,16.278820596099706,13.038404810405298,14.0356688476182,14.560219778561038,13.038404810405298,16.1245154965971,17.46424919657298,17.204650534085253,16.1245154965971,18.788294228055936,14.317821063276352,17.4928556845359,18.38477631085024,18.788294228055936,19.723082923316017,17.0,17.08800749063506,12.08304597359457,17.029386365926403,1697990076.4555326
8.94427190999916,6.0827625302982185,8.06225774829855,12.165525060596437,14.317821063276352,12.08304597359457,19.1049731745428,18.38477631085024,18.027756377319946,20.615528128088304,19.924858845171276,22.472205054244235,19.313207915827967,20.591260281974,21.633307652783937,22.203603311174515,18.60107523773827,17.69180601295413,15.556349186104047,12.041594578792296,10.63014581273465,10.0,8.602325267042627,7.615773105863909,8.246211251235321,8.0,8.06225774829855,10.44030650891055,11.180339887498949,11.6619037896906,11.180339887498949,13.892443989449806,15.652475842498529,14.7648230602334,14.7648230602334,12.206555615733702,10.63014581273465,12.727922061357857,12.041594578792296,15.264337522473749,15.620499351813308,13.892443989449806,17.4928556845359,14.7648230602334,17.204650534085253,15.264337522473749,17.029386365926403,17.804493814764854,17.204650534085253,17.0,14.7648230602334,14.317821063276352,1697990076.4645317
13.0,11.704699910719626,17.0,13.0,17.11724276862369,18.027756377319946,12.041594578792294,17.26267650163207,22.02271554554524,22.02271554554524,21.377558326431952,25.495097567963924,23.53720459187964,21.587033144922902,22.135943621178658,21.931712199461305,21.095023109728988,20.6155281280883,16.1245154965971,15.264337522473749,13.038404810405298,12.08304597359457,9.486832980505138,11.180339887498949,10.0,10.19803902718557,10.770329614269007,10.816653826391969,13.601470508735444,12.041594578792296,12.806248474865697,14.866068747318504,15.0,15.0,15.0,13.601470508735444,12.041594578792296,14.212670403551895,12.206555615733702,15.231546211727817,15.231546211727817,17.08800749063506,17.08800749063506,16.76305461424021,18.027756377319946,17.46424919657298,20.6155281280883,18.248287590894655,19.235384061671343,17.08800749063506,16.15549442140351,14.560219778561038,1697990076.472532
14.142135623730951,5.0,17.804493814764854,17.029386365926403,17.804493814764854,11.40175425099138,17.4928556845359,20.0,21.213203435596427,20.518284528683193,20.615528128088304,22.671568097509265,22.671568097509265,22.80350850198276,21.95449840010015,20.591260281974,19.697715603592208,17.4928556845359,14.560219778561038,14.317821063276352,11.6619037896906,12.206555615733702,9.219544457292887,10.63014581273465,9.433981132056603,9.848857801796104,10.19803902718557,12.041594578792294,11.180339887498949,13.152946437965904,14.142135623730951,15.297058540778355,18.248287590894655,15.03329637837291,13.152946437965904,13.341664064126334,11.40175425099138,13.92838827718412,13.416407864998739,13.601470508735444,17.204650534085253,17.029386365926403,19.1049731745428,17.69180601295413,19.1049731745428,19.1049731745428,19.849433241279208,18.439088914585774,18.439088914585774,17.69180601295413,16.970562748477143,15.620499351813308,1697990076.4813845
8.246211251235321,16.1245154965971,11.6619037896906,17.029386365926403,16.278820596099706,10.44030650891055,16.1245154965971,19.924858845171276,21.540659228538015,21.18962010041709,23.40939982143925,23.769728648009423,24.186773244895647,21.095023109728984,24.083189157584588,23.021728866442675,19.026297590440446,19.1049731745428,18.110770276274835,14.317821063276352,13.038404810405298,12.0,10.04987562112089,10.04987562112089,9.219544457292889,10.0,10.63014581273465,10.63014581273465,11.6619037896906,12.206555615733702,13.038404810405298,13.892443989449806,16.1245154965971,14.422205101855958,15.811388300841896,12.806248474865697,11.6619037896906,11.180339887498949,13.341664064126334,15.132745950421555,15.297058540778355,16.1245154965971,16.278820596099706,19.026297590440446,17.029386365926403,17.26267650163207,18.248287590894655,18.248287590894655,17.26267650163207,15.297058540778355,17.26267650163207,17.029386365926403,1697990076.4903848
13.341664064126334,14.422205101855958,19.1049731745428,15.264337522473749,12.649110640673518,15.811388300841896,22.472205054244235,24.69817807045694,20.0,21.95449840010015,22.472205054244235,26.0,24.351591323771842,21.840329667841555,22.80350850198276,22.360679774997898,19.235384061671347,19.235384061671347,16.0312195418814,16.0,12.041594578792294,12.165525060596437,12.36931687685298,11.704699910719626,10.770329614269007,10.0,10.0,11.40175425099138,11.180339887498949,12.08304597359457,13.416407864998739,16.15549442140351,15.231546211727817,15.811388300841896,15.0,12.08304597359457,13.92838827718412,11.6619037896906,15.811388300841898,14.0356688476182,16.492422502470642,16.0,19.1049731745428,18.027756377319946,18.110770276274835,18.110770276274835,19.4164878389476,19.235384061671347,18.027756377319946,15.297058540778355,17.46424919657298,14.0356688476182,1697990076.5003898
6.0827625302982185,12.08304597359457,21.18962010041709,18.439088914585778,16.1245154965971,13.038404810405298,20.248456731316587,19.697715603592208,18.973665961010276,18.681541692269406,21.540659228538015,23.40939982143925,23.08679276123039,24.515301344262525,23.086792761230395,22.20360331117452,18.110770276274835,22.0,18.027756377319946,11.045361017187261,11.0,11.180339887498949,6.708203932499369,10.0,11.40175425099138,10.0,11.704699910719626,10.19803902718557,12.165525060596437,11.180339887498949,11.0,15.297058540778355,14.866068747318506,15.03329637837291,15.524174696260024,12.041594578792294,11.180339887498949,12.649110640673518,15.524174696260024,14.7648230602334,16.15549442140351,17.08800749063506,20.248456731316587,17.4928556845359,17.46424919657298,17.88854381999832,18.38477631085024,18.38477631085024,18.38477631085024,17.46424919657298,15.652475842498529,14.212670403551895,1697990076.5158975
7.280109889280519,6.708203932499369,9.055385138137417,14.0,14.560219778561038,15.03329637837291,16.0312195418814,16.278820596099706,18.110770276274835,19.235384061671347,19.235384061671347,22.561028345356952,21.18962010041709,21.540659228538015,21.02379604162864,21.02379604162864,19.235384061671343,16.643316977093235,16.643316977093235,13.601470508735444,12.529964086141668,11.180339887498949,9.486832980505138,9.219544457292889,9.055385138137417,8.06225774829855,9.219544457292889,9.433981132056603,10.63014581273465,10.63014581273465,12.806248474865697,14.142135623730951,14.212670403551895,14.212670403551895,14.212670403551895,12.041594578792296,11.313708498984761,11.40175425099138,12.529964086141668,13.92838827718412,13.416407864998739,14.866068747318506,16.76305461424021,15.524174696260024,16.76305461424021,16.76305461424021,17.08800749063506,16.15549442140351,16.15549442140351,15.811388300841898,15.231546211727817,14.317821063276352,1697990076.5718303
9.848857801796104,8.602325267042627,14.866068747318504,15.620499351813308,14.212670403551895,11.40175425099138,18.867962264113206,18.439088914585774,19.209372712298546,19.209372712298546,21.400934559032695,23.3238075793812,22.825424421026653,21.931712199461305,21.540659228538015,21.840329667841555,19.4164878389476,17.26267650163207,16.492422502470642,14.142135623730951,12.165525060596437,11.40175425099138,9.486832980505138,10.295630140987,10.295630140987,9.899494936611665,10.816653826391969,11.180339887498949,11.40175425099138,11.40175425099138,14.0356688476182,14.142135623730951,15.524174696260024,14.317821063276352,14.866068747318506,12.36931687685298,11.180339887498949,12.0,13.038404810405298,15.03329637837291,15.03329637837291,15.297058540778355,17.26267650163207,16.492422502470642,17.26267650163207,17.46424919657298,17.26267650163207,17.11724276862369,17.26267650163207,16.278820596099706,15.132745950421555,13.601470508735444,1697990076.5898194
11.6619037896906,15.524174696260024,17.46424919657298,13.152946437965904,11.40175425099138,15.297058540778355,19.4164878389476,19.0,18.38477631085024,18.681541692269406,22.135943621178658,24.16609194718914,23.3238075793812,23.60084744241189,23.3452350598575,22.671568097509265,19.79898987322333,17.69180601295413,16.401219466856727,15.0,12.727922061357857,11.313708498984761,10.0,9.848857801796104,9.848857801796104,9.055385138137417,11.045361017187261,10.19803902718557,14.422205101855958,13.038404810405298,13.601470508735444,15.811388300841898,15.811388300841898,17.46424919657298,16.1245154965971,12.529964086141668,13.92838827718412,13.0,14.422205101855958,16.401219466856727,17.204650534085253,16.278820596099706,17.029386365926403,19.1049731745428,18.439088914585774,18.38477631085024,17.69180601295413,19.209372712298546,18.439088914585774,16.970562748477143,17.204650534085253,16.278820596099706,1697990076.597376
9.848857801796104,8.94427190999916,15.297058540778355,14.560219778561038,11.704699910719626,13.341664064126334,14.0,17.88854381999832,17.720045146669353,19.313207915827967,20.6155281280883,22.360679774997898,21.633307652783937,21.400934559032695,20.0,21.400934559032695,17.69180601295413,17.69180601295413,14.866068747318504,13.453624047073712,12.041594578792296,12.206555615733702,10.0,9.433981132056603,9.848857801796104,8.246211251235321,9.055385138137417,9.219544457292889,10.770329614269007,12.08304597359457,12.08304597359457,14.7648230602334,15.231546211727817,13.92838827718412,13.92838827718412,13.0,11.180339887498949,11.6619037896906,12.206555615733702,16.401219466856727,17.204650534085253,16.278820596099706,17.029386365926403,19.235384061671343,19.1049731745428,15.811388300841896,17.029386365926403,16.278820596099706,17.029386365926403,14.866068747318504,14.866068747318504,13.038404810405298,1697990076.614023
11.40175425099138,8.94427190999916,12.08304597359457,15.231546211727817,13.892443989449806,12.529964086141668,17.4928556845359,18.788294228055936,19.6468827043885,20.39607805437114,21.18962010041709,24.041630560342615,21.377558326431952,21.095023109728984,20.0,24.0,20.024984394500787,17.11724276862369,16.278820596099706,13.0,13.152946437965904,11.045361017187261,11.045361017187261,10.04987562112089,9.486832980505138,10.0,9.219544457292887,8.602325267042627,11.180339887498949,10.770329614269007,11.180339887498949,16.15549442140351,15.811388300841896,15.264337522473749,16.76305461424021,12.165525060596437,11.704699910719626,12.649110640673518,14.317821063276352,14.0,13.341664064126334,18.973665961010276,18.027756377319946,17.0,16.1245154965971,17.11724276862369,17.0,17.029386365926403,20.024984394500787,15.03329637837291,17.0,15.132745950421555,1697990076.6393862
18.38477631085024,15.811388300841896,10.295630140987,16.55294535724685,13.416407864998739,20.6155281280883,17.4928556845359,21.18962010041709,22.203603311174515,21.400934559032695,23.3238075793812,24.413111231467404,27.58622844826744,24.041630560342618,24.08318915758459,24.207436873820413,19.4164878389476,17.69180601295413,15.231546211727817,15.231546211727817,15.620499351813308,13.453624047073712,10.0,11.6619037896906,10.816653826391969,11.180339887498949,8.0,8.246211251235321,10.0,15.231546211727817,15.231546211727817,17.46424919657298,16.76305461424021,17.46424919657298,17.46424919657298,13.0,12.529964086141668,14.422205101855958,14.866068747318504,15.811388300841896,16.970562748477143,16.643316977093235,19.1049731745428,17.88854381999832,18.439088914585774,17.4928556845359,20.615528128088304,19.849433241279208,20.0,17.804493814764854,17.029386365926403,15.264337522473749,1697990076.6983955
8.602325267042627,13.038404810405298,13.892443989449806,19.313207915827967,20.248456731316587,19.235384061671343,17.4928556845359,23.769728648009426,21.931712199461305,23.259406699226012,24.698178070456937,26.570660511172843,26.92582403567252,26.68332812825267,25.317977802344327,26.1725046566048,22.0,21.0,19.0,17.0,15.03329637837291,13.152946437965904,12.165525060596437,11.704699910719626,11.180339887498949,10.63014581273465,10.63014581273465,11.180339887498949,13.0,13.601470508735444,15.811388300841898,17.720045146669353,19.313207915827967,18.38477631085024,17.46424919657298,15.231546211727817,14.560219778561038,14.317821063276352,15.03329637837291,17.029386365926403,17.029386365926403,18.110770276274835,20.09975124224178,19.235384061671347,20.223748416156685,20.223748416156685,21.023796041628636,20.024984394500787,20.09975124224178,19.1049731745428,18.027756377319946,16.278820596099706,1697990076.7073967
7.211102550927979,13.892443989449806,15.0,15.811388300841898,16.55294535724685,14.7648230602334,22.47220505424423,16.1245154965971,18.027756377319946,19.4164878389476,20.808652046684813,23.3452350598575,21.93171219946131,22.671568097509265,19.849433241279208,19.723082923316017,19.723082923316017,17.46424919657298,12.08304597359457,15.0,12.08304597359457,10.295630140987,9.433981132056603,9.219544457292887,9.433981132056603,8.54400374531753,10.04987562112089,9.055385138137417,11.045361017187261,10.44030650891055,14.0356688476182,13.152946437965904,15.132745950421555,13.0,14.0356688476182,11.180339887498949,10.19803902718557,11.40175425099138,13.0,12.206555615733702,14.7648230602334,15.0,16.643316977093235,14.212670403551895,16.401219466856727,16.278820596099706,15.811388300841896,16.1245154965971,16.643316977093235,15.264337522473749,13.416407864998739,12.806248474865697,1697990076.7242384
8.94427190999916,11.045361017187261,11.704699910719626,14.317821063276352,16.0,17.11724276862369,15.03329637837291,18.110770276274835,20.024984394500787,21.095023109728984,22.561028345356952,24.186773244895647,25.317977802344327,25.63201123595259,24.16609194718914,24.351591323771842,18.788294228055936,20.248456731316587,18.027756377319946,13.892443989449806,13.601470508735444,11.40175425099138,10.295630140987,10.19803902718557,10.0,9.219544457292889,8.06225774829855,10.295630140987,10.63014581273465,12.041594578792296,12.727922061357857,14.866068747318504,17.69180601295413,14.866068747318504,15.0,13.601470508735444,12.727922061357857,12.041594578792296,14.422205101855958,12.649110640673518,15.231546211727817,16.76305461424021,18.973665961010276,16.76305461424021,17.46424919657298,16.76305461424021,18.38477631085024,18.38477631085024,19.313207915827967,16.76305461424021,16.55294535724685,14.142135623730951,1697990076.73721
11.180339887498949,12.806248474865697,12.206555615733702,12.08304597359457,17.804493814764854,17.11724276862369,16.401219466856727,17.720045146669353,19.849433241279208,20.0,23.3452350598575,24.207436873820413,25.059928172283335,23.769728648009426,22.135943621178658,22.472205054244235,20.8806130178211,19.924858845171276,15.297058540778355,15.524174696260024,11.40175425099138,11.6619037896906,9.848857801796104,9.899494936611665,8.602325267042627,8.602325267042627,8.06225774829855,8.0,12.041594578792294,11.40175425099138,14.0,16.0312195418814,15.297058540778355,17.46424919657298,13.038404810405298,14.0356688476182,16.1245154965971,15.231546211727817,15.297058540778355,17.029386365926403,13.0,16.1245154965971,19.4164878389476,15.652475842498529,17.029386365926403,15.556349186104047,17.0,17.204650534085253,19.4164878389476,17.804493814764854,14.212670403551895,15.556349186104047,1697990076.7583313
12.041594578792296,4.47213595499958,18.788294228055936,17.029386365926403,17.029386365926403,17.69180601295413,14.212670403551895,17.204650534085253,22.671568097509265,20.518284528683193,23.021728866442675,24.16609194718914,23.769728648009426,23.08679276123039,21.18962010041709,24.041630560342615,19.6468827043885,19.6468827043885,17.11724276862369,14.142135623730951,13.341664064126334,11.40175425099138,11.180339887498949,6.324555320336759,10.816653826391969,10.63014581273465,10.0,8.94427190999916,10.04987562112089,12.041594578792294,12.041594578792294,15.0,15.297058540778355,14.142135623730951,14.142135623730951,13.152946437965904,11.045361017187261,10.04987562112089,11.180339887498949,11.704699910719626,15.811388300841898,15.811388300841898,19.924858845171276,15.652475842498529,17.720045146669353,17.08800749063506,18.38477631085024,17.08800749063506,17.08800749063506,15.811388300841898,15.652475842498529,13.038404810405298,1697990076.7693176
5.385164807134504,11.40175425099138,10.770329614269007,13.601470508735444,13.416407864998739,17.204650534085253,17.029386365926403,22.203603311174515,20.248456731316587,20.615528128088304,21.400934559032695,23.430749027719962,22.671568097509265,22.022715545545243,20.0,20.0,17.4928556845359,18.60107523773827,12.08304597359457,13.92838827718412,12.041594578792296,12.806248474865697,7.615773105863909,7.810249675906654,9.433981132056603,7.0710678118654755,8.246211251235321,9.486832980505138,10.295630140987,12.08304597359457,13.92838827718412,14.7648230602334,15.811388300841898,13.341664064126334,14.317821063276352,10.44030650891055,13.453624047073712,12.206555615733702,12.806248474865697,16.278820596099706,17.029386365926403,16.401219466856727,17.804493814764854,16.643316977093235,18.60107523773827,16.643316977093235,17.204650534085253,17.804493814764854,17.804493814764854,15.811388300841896,15.0,13.892443989449806,1697990076.7783182
10.0,13.601470508735444,17.204650534085253,17.204650534085253,12.041594578792296,17.204650534085253,22.847319317591726,22.203603311174515,21.633307652783937,23.3452350598575,23.60084744241189,25.0,24.413111231467404,24.186773244895647,21.02379604162864,25.059928172283335,19.313207915827967,20.6155281280883,18.38477631085024,14.317821063276352,15.264337522473749,11.704699910719626,11.313708498984761,9.219544457292887,9.433981132056603,8.54400374531753,10.04987562112089,11.180339887498949,10.19803902718557,13.601470508735444,14.317821063276352,17.720045146669353,18.248287590894655,15.524174696260024,16.76305461424021,15.524174696260024,14.7648230602334,14.317821063276352,14.317821063276352,15.0,15.620499351813308,17.69180601295413,20.518284528683193,17.029386365926403,19.4164878389476,18.60107523773827,18.38477631085024,19.849433241279208,18.60107523773827,19.1049731745428,15.620499351813308,15.811388300841896,1697990076.801636
10.63014581273465,12.649110640673518,12.36931687685298,13.038404810405298,15.652475842498529,15.524174696260024,14.317821063276352,16.492422502470642,22.360679774997898,18.788294228055936,22.47220505424423,23.021728866442675,23.853720883753127,22.671568097509265,21.93171219946131,22.022715545545243,19.79898987322333,17.204650534085253,15.264337522473749,12.206555615733702,15.652475842498529,10.0,11.180339887498949,11.6619037896906,9.219544457292889,9.219544457292889,10.0,9.219544457292889,10.770329614269007,13.416407864998739,12.649110640673518,15.231546211727817,14.866068747318506,15.231546211727817,17.0,12.206555615733702,14.866068747318506,12.206555615733702,15.620499351813308,14.142135623730951,12.041594578792296,17.804493814764854,17.029386365926403,15.264337522473749,17.69180601295413,17.0,21.2602916254693,21.470910553583888,20.808652046684813,15.620499351813308,17.69180601295413,13.892443989449806,1697990076.8096333
9.0,9.055385138137417,13.152946437965904,15.03329637837291,15.132745950421555,15.132745950421555,18.248287590894655,19.0,20.024984394500787,21.0,22.02271554554524,25.179356624028344,23.53720459187964,22.80350850198276,19.924858845171276,20.6155281280883,19.313207915827967,17.0,15.811388300841898,14.7648230602334,15.652475842498529,9.055385138137417,7.615773105863909,7.211102550927979,9.0,9.848857801796104,10.295630140987,10.44030650891055,10.63014581273465,10.63014581273465,14.142135623730951,15.620499351813308,16.278820596099706,16.970562748477143,13.453624047073712,13.038404810405298,11.313708498984761,9.899494936611665,13.038404810405298,13.416407864998739,14.866068747318506,14.866068747318506,16.76305461424021,15.811388300841898,16.55294535724685,16.76305461424021,17.720045146669353,16.492422502470642,17.720045146669353,15.811388300841898,16.15549442140351,13.341664064126334,1697990076.8189213
9.0,11.313708498984761,17.88854381999832,14.142135623730951,15.132745950421555,15.132745950421555,14.866068747318504,19.0,16.1245154965971,20.518284528683193,24.758836806279895,24.413111231467404,21.93171219946131,19.849433241279208,24.207436873820413,24.207436873820413,24.08318915758459,17.4928556845359,15.811388300841898,14.7648230602334,15.652475842498529,12.206555615733702,10.63014581273465,7.211102550927979,12.649110640673518,10.0,9.219544457292889,9.848857801796104,12.806248474865697,10.295630140987,14.212670403551895,17.204650534085253,15.811388300841896,13.453624047073712,18.027756377319946,13.453624047073712,11.313708498984761,15.264337522473749,12.08304597359457,17.204650534085253,14.422205101855958,18.973665961010276,16.15549442140351,15.524174696260024,17.46424919657298,18.110770276274835,17.720045146669353,18.439088914585778,15.811388300841898,17.029386365926403,16.0312195418814,14.0356688476182,1697990076.8269212
5.0,8.06225774829855,9.219544457292889,14.7648230602334,14.212670403551895,12.165525060596437,12.041594578792296,18.38477631085024,16.1245154965971,19.1049731745428,20.615528128088304,20.518284528683193,20.518284528683193,20.248456731316587,19.723082923316017,20.248456731316587,19.235384061671343,15.652475842498529,16.15549442140351,12.649110640673518,12.08304597359457,13.92838827718412,11.6619037896906,7.0710678118654755,13.038404810405298,7.615773105863909,7.615773105863909,9.0,10.04987562112089,12.0,12.0,17.204650534085253,15.03329637837291,14.142135623730951,11.0,9.219544457292889,11.40175425099138,10.19803902718557,10.44030650891055,13.416407864998739,11.704699910719626,13.038404810405298,16.1245154965971,14.7648230602334,14.422205101855958,14.422205101855958,16.15549442140351,15.652475842498529,15.231546211727817,13.892443989449806,13.0,13.601470508735444,1697990076.8370702
11.40175425099138,10.295630140987,12.727922061357857,17.029386365926403,16.278820596099706,19.209372712298546,19.849433241279208,22.80350850198276,23.021728866442675,23.853720883753127,25.059928172283335,28.23118842698621,24.698178070456937,24.041630560342615,21.377558326431952,23.53720459187964,21.023796041628636,18.439088914585778,16.0312195418814,14.0356688476182,12.041594578792294,12.649110640673518,10.44030650891055,10.770329614269007,9.219544457292887,9.219544457292887,11.704699910719626,12.36931687685298,11.180339887498949,15.132745950421555,15.524174696260024,18.248287590894655,17.46424919657298,17.26267650163207,15.811388300841898,14.0356688476182,16.0312195418814,16.1245154965971,17.11724276862369,15.132745950421555,16.1245154965971,18.027756377319946,19.6468827043885,19.924858845171276,19.924858845171276,18.027756377319946,20.615528128088304,20.39607805437114,18.973665961010276,18.681541692269406,18.973665961010276,16.1245154965971,1697990076.848298
10.816653826391969,14.0,11.40175425099138,13.601470508735444,17.029386365926403,18.0,15.297058540778355,20.024984394500787,19.4164878389476,21.840329667841555,23.08679276123039,24.698178070456937,24.596747752497688,24.186773244895647,23.021728866442675,22.47220505424423,20.808652046684813,20.0,14.142135623730951,14.866068747318504,12.041594578792296,12.206555615733702,9.433981132056603,9.848857801796104,9.219544457292889,9.0,9.219544457292889,10.295630140987,11.6619037896906,13.038404810405298,13.892443989449806,16.643316977093235,17.0,17.0,16.1245154965971,13.892443989449806,13.038404810405298,12.806248474865697,12.727922061357857,13.601470508735444,15.620499351813308,16.1245154965971,18.027756377319946,17.0,17.4928556845359,17.0,18.60107523773827,18.027756377319946,18.027756377319946,16.643316977093235,16.401219466856727,14.7648230602334,1697990076.8650954
9.848857801796104,11.40175425099138,14.142135623730951,15.620499351813308,17.029386365926403,18.60107523773827,19.849433241279208,20.808652046684813,21.633307652783937,20.591260281974,24.413111231467404,26.0,25.079872407968903,27.202941017470888,24.698178070456937,24.515301344262525,23.194827009486403,19.235384061671347,17.46424919657298,17.26267650163207,13.92838827718412,11.180339887498949,9.433981132056603,11.6619037896906,8.485281374238571,8.06225774829855,10.44030650891055,10.44030650891055,13.152946437965904,12.041594578792294,14.142135623730951,18.0,19.0,16.0,17.11724276862369,16.1245154965971,13.038404810405298,12.041594578792294,14.560219778561038,15.652475842498529,16.55294535724685,16.643316977093235,18.867962264113206,17.204650534085253,18.60107523773827,19.4164878389476,18.867962264113206,19.723082923316017,19.4164878389476,17.4928556845359,16.1245154965971,15.620499351813308,1697990076.8746343
8.602325267042627,10.0,12.727922061357857,15.556349186104047,13.453624047073712,16.278820596099706,19.1049731745428,19.79898987322333,19.849433241279208,21.2602916254693,22.671568097509265,25.612496949731394,24.186773244895647,24.186773244895647,20.248456731316587,22.847319317591726,21.840329667841555,17.46424919657298,17.720045146669353,13.92838827718412,12.36931687685298,14.866068747318506,9.848857801796104,7.280109889280519,7.810249675906654,7.615773105863909,8.54400374531753,11.0,13.152946437965904,11.40175425099138,12.0,15.03329637837291,17.029386365926403,17.029386365926403,15.0,13.038404810405298,12.0,12.041594578792294,13.601470508735444,13.416407864998739,14.317821063276352,13.892443989449806,18.867962264113206,16.643316977093235,17.4928556845359,17.204650534085253,18.867962264113206,15.0,19.697715603592208,17.4928556845359,17.46424919657298,12.041594578792296,1697990076.8896434
12.36931687685298,10.0,11.40175425099138,12.0,17.08800749063506,15.231546211727817,21.213203435596427,19.697715603592208,22.02271554554524,20.39607805437114,22.20360331117452,26.019223662515373,26.019223662515373,23.194827009486403,23.345235059857504,23.53720459187964,19.924858845171276,17.720045146669353,16.76305461424021,14.866068747318506,12.165525060596437,11.180339887498949,10.19803902718557,9.055385138137417,10.44030650891055,10.295630140987,8.602325267042627,10.63014581273465,11.6619037896906,12.529964086141668,13.892443989449806,17.46424919657298,17.204650534085253,15.264337522473749,16.643316977093235,13.892443989449806,13.416407864998739,13.92838827718412,13.341664064126334,15.03329637837291,17.0,17.029386365926403,18.027756377319946,15.03329637837291,18.110770276274835,16.0312195418814,18.027756377319946,16.0,16.0,18.027756377319946,15.132745950421555,13.341664064126334,1697990076.8986468
10.63014581273465,8.485281374238571,12.08304597359457,16.643316977093235,15.652475842498529,17.46424919657298,17.88854381999832,17.88854381999832,19.723082923316017,21.400934559032695,24.08318915758459,25.495097567963924,25.455844122715714,25.238858928247925,23.60084744241189,24.413111231467404,21.095023109728988,17.46424919657298,17.46424919657298,13.892443989449806,13.892443989449806,11.40175425099138,9.433981132056603,9.899494936611665,10.0,10.770329614269007,10.19803902718557,12.041594578792294,13.341664064126334,12.36931687685298,15.132745950421555,17.720045146669353,18.110770276274835,15.132745950421555,17.26267650163207,13.341664064126334,13.601470508735444,13.341664064126334,13.416407864998739,14.422205101855958,14.7648230602334,16.278820596099706,16.970562748477143,15.0,17.69180601295413,16.0312195418814,20.518284528683193,20.808652046684813,18.60107523773827,16.278820596099706,14.866068747318504,14.212670403551895,1697990076.916645
7.615773105863909,8.485281374238571,14.422205101855958,13.152946437965904,13.038404810405298,17.26267650163207,14.866068747318506,20.223748416156685,19.235384061671347,22.20360331117452,21.377558326431952,23.021728866442675,23.086792761230395,24.186773244895647,22.20360331117452,24.041630560342615,22.360679774997898,17.46424919657298,17.88854381999832,14.866068747318506,12.165525060596437,11.40175425099138,9.0,7.0710678118654755,10.0,8.485281374238571,9.433981132056603,9.486832980505138,10.44030650891055,14.317821063276352,9.848857801796104,16.1245154965971,16.15549442140351,18.60107523773827,13.601470508735444,13.341664064126334,12.529964086141668,11.045361017187261,12.041594578792294,12.649110640673518,13.341664064126334,14.317821063276352,15.652475842498529,13.892443989449806,15.264337522473749,15.264337522473749,17.0,15.652475842498529,16.1245154965971,15.264337522473749,14.7648230602334,13.453624047073712,1697990076.93862
17.029386365926403,11.045361017187261,13.416407864998739,14.7648230602334,13.416407864998739,14.317821063276352,18.38477631085024,17.88854381999832,19.723082923316017,19.723082923316017,22.203603311174515,24.207436873820413,23.3452350598575,22.671568097509265,21.400934559032695,22.203603311174515,19.235384061671343,15.264337522473749,14.7648230602334,13.416407864998739,11.6619037896906,11.40175425099138,9.899494936611665,10.0,8.602325267042627,7.615773105863909,9.0,10.44030650891055,12.165525060596437,11.40175425099138,14.317821063276352,16.492422502470642,19.6468827043885,15.132745950421555,16.0,10.44030650891055,12.165525060596437,11.180339887498949,12.08304597359457,14.422205101855958,15.231546211727817,15.811388300841896,17.204650534085253,15.620499351813308,16.401219466856727,16.278820596099706,17.804493814764854,18.027756377319946,17.804493814764854,16.401219466856727,15.264337522473749,14.142135623730951,1697990076.9466188
14.212670403551895,10.63014581273465,13.601470508735444,10.816653826391969,10.63014581273465,19.723082923316017,13.601470508735444,22.360679774997898,17.204650534085253,19.849433241279208,22.671568097509265,24.041630560342618,23.3452350598575,21.400934559032695,19.723082923316017,21.95449840010015,20.591260281974,17.0,14.317821063276352,14.317821063276352,11.180339887498949,10.816653826391969,9.433981132056603,8.485281374238571,7.810249675906654,7.615773105863909,8.06225774829855,8.06225774829855,11.40175425099138,11.180339887498949,12.36931687685298,15.811388300841898,15.524174696260024,13.601470508735444,15.297058540778355,12.36931687685298,11.704699910719626,11.180339887498949,12.806248474865697,12.206555615733702,13.601470508735444,13.601470508735444,14.212670403551895,15.0,17.804493814764854,14.422205101855958,16.401219466856727,14.866068747318504,17.029386365926403,14.212670403551895,14.212670403551895,12.529964086141668,1697990076.9556193
8.602325267042627,8.54400374531753,11.40175425099138,13.601470508735444,13.601470508735444,15.524174696260024,15.524174696260024,17.720045146669353,19.313207915827967,19.235384061671343,21.470910553583888,21.633307652783937,20.808652046684813,22.022715545545243,18.439088914585774,21.213203435596427,17.69180601295413,16.278820596099706,16.643316977093235,14.142135623730951,12.041594578792296,10.63014581273465,9.219544457292887,8.602325267042627,8.94427190999916,8.06225774829855,8.0,11.045361017187261,10.770329614269007,13.416407864998739,13.341664064126334,16.15549442140351,14.560219778561038,13.601470508735444,15.524174696260024,13.601470508735444,11.40175425099138,13.0,12.206555615733702,12.041594578792296,12.041594578792296,13.453624047073712,16.278820596099706,14.212670403551895,16.278820596099706,14.866068747318504,17.029386365926403,16.278820596099706,16.970562748477143,15.556349186104047,14.866068747318504,13.601470508735444,1697990076.971644
7.810249675906654,10.770329614269007,10.04987562112089,12.36931687685298,13.601470508735444,11.180339887498949,13.152946437965904,15.231546211727817,19.313207915827967,19.235384061671343,17.46424919657298,21.633307652783937,20.808652046684813,22.022715545545243,17.029386365926403,17.69180601295413,15.620499351813308,13.601470508735444,12.206555615733702,10.816653826391969,9.219544457292887,8.485281374238571,7.810249675906654,7.211102550927979,6.324555320336759,8.06225774829855,7.0710678118654755,7.280109889280519,8.94427190999916,8.94427190999916,9.848857801796104,12.529964086141668,14.560219778561038,13.601470508735444,13.0,10.295630140987,10.0,9.433981132056603,10.0,12.041594578792296,12.041594578792296,13.453624047073712,16.278820596099706,14.212670403551895,16.278820596099706,14.866068747318504,17.029386365926403,16.278820596099706,16.970562748477143,15.556349186104047,12.041594578792296,11.6619037896906,1697990076.9796417
10.04987562112089,10.770329614269007,13.152946437965904,9.433981132056603,14.866068747318506,11.180339887498949,22.360679774997898,16.76305461424021,19.313207915827967,17.029386365926403,17.804493814764854,20.808652046684813,20.808652046684813,22.022715545545243,20.09975124224178,25.0,15.620499351813308,14.142135623730951,19.0,10.816653826391969,9.219544457292887,8.485281374238571,8.06225774829855,7.280109889280519,8.54400374531753,8.06225774829855,8.485281374238571,7.280109889280519,11.6619037896906,12.649110640673518,12.0,12.529964086141668,20.09975124224178,13.601470508735444,13.601470508735444,10.04987562112089,12.806248474865697,10.0,12.206555615733702,12.041594578792296,13.453624047073712,13.601470508735444,14.212670403551895,14.212670403551895,15.811388300841896,14.866068747318504,17.029386365926403,17.46424919657298,18.867962264113206,15.652475842498529,12.041594578792296,14.0356688476182,1697990076.9961045
5.0,12.36931687685298,10.44030650891055,13.601470508735444,14.560219778561038,13.601470508735444,15.811388300841898,16.15549442140351,19.313207915827967,18.788294228055936,21.931712199461305,22.360679774997898,22.47220505424423,21.400934559032695,19.849433241279208,20.615528128088304,18.439088914585774,16.278820596099706,15.620499351813308,12.041594578792296,15.811388300841896,8.602325267042627,12.529964086141668,7.280109889280519,8.06225774829855,9.219544457292889,11.180339887498949,8.602325267042627,13.453624047073712,13.453624047073712,10.770329614269007,12.529964086141668,20.0,15.652475842498529,16.643316977093235,10.295630140987,11.40175425099138,11.313708498984761,13.92838827718412,12.08304597359457,16.15549442140351,16.55294535724685,18.027756377319946,16.492422502470642,17.46424919657298,16.278820596099706,18.681541692269406,18.027756377319946,17.720045146669353,17.46424919657298,16.76305461424021,15.0,1697990077.0147846
12.165525060596437,10.0,10.0,21.400934559032695,16.1245154965971,13.601470508735444,21.2602916254693,17.029386365926403,21.400934559032695,22.47220505424423,25.079872407968903,21.18962010041709,24.351591323771842,23.769728648009423,21.840329667841555,21.213203435596427,17.26267650163207,17.11724276862369,16.1245154965971,14.142135623730951,13.341664064126334,12.08304597359457,10.770329614269007,10.295630140987,9.899494936611665,10.0,9.486832980505138,10.19803902718557,12.0,14.0356688476182,16.0312195418814,16.0,15.0,17.11724276862369,15.132745950421555,14.317821063276352,13.038404810405298,12.041594578792294,12.08304597359457,13.892443989449806,13.0,13.038404810405298,15.0,17.029386365926403,17.029386365926403,15.620499351813308,17.804493814764854,18.439088914585774,17.804493814764854,14.866068747318504,17.029386365926403,14.866068747318504,1697990077.0257819
15.132745950421555,8.602325267042627,16.278820596099706,17.0,17.88854381999832,14.317821063276352,19.313207915827967,25.059928172283335,21.470910553583888,22.847319317591726,24.698178070456937,27.202941017470888,27.459060435491963,26.1725046566048,25.079872407968907,25.079872407968907,22.0,20.024984394500787,18.027756377319946,15.0,14.0356688476182,13.152946437965904,11.180339887498949,11.704699910719626,10.770329614269007,10.63014581273465,11.40175425099138,12.08304597359457,13.92838827718412,14.866068747318506,16.15549442140351,18.027756377319946,19.697715603592208,18.38477631085024,18.38477631085024,16.15549442140351,14.866068747318506,14.560219778561038,15.132745950421555,16.0,17.0,18.248287590894655,20.09975124224178,18.248287590894655,19.4164878389476,19.4164878389476,20.09975124224178,20.09975124224178,20.09975124224178,19.1049731745428,18.027756377319946,16.492422502470642,1697990077.0371246
10.0,7.211102550927979,12.08304597359457,14.422205101855958,16.401219466856727,14.317821063276352,15.231546211727817,22.627416997969522,18.439088914585774,24.69817807045694,24.207436873820413,25.238858928247925,25.059928172283335,24.698178070456937,25.079872407968907,20.615528128088304,15.811388300841898,17.26267650163207,18.248287590894655,16.278820596099706,9.848857801796104,13.152946437965904,11.704699910719626,10.44030650891055,10.0,10.0,11.6619037896906,11.40175425099138,13.0,15.297058540778355,17.0,19.4164878389476,18.973665961010276,15.231546211727817,18.973665961010276,10.44030650891055,14.0356688476182,13.341664064126334,13.152946437965904,15.524174696260024,15.524174696260024,17.46424919657298,16.15549442140351,15.811388300841898,20.248456731316587,17.08800749063506,22.135943621178658,20.09975124224178,16.55294535724685,18.027756377319946,15.811388300841898,15.652475842498529,1697990077.0461357
7.615773105863909,8.246211251235321,15.132745950421555,16.492422502470642,15.811388300841898,17.720045146669353,14.7648230602334,16.0312195418814,18.248287590894655,21.18962010041709,22.135943621178658,24.351591323771842,23.021728866442675,22.022715545545243,20.0,22.203603311174515,20.518284528683193,17.69180601295413,15.556349186104047,13.453624047073712,12.041594578792296,10.816653826391969,9.433981132056603,8.94427190999916,8.246211251235321,8.06225774829855,8.54400374531753,9.848857801796104,11.180339887498949,12.806248474865697,12.806248474865697,15.620499351813308,13.601470508735444,13.038404810405298,15.264337522473749,13.038404810405298,10.816653826391969,10.63014581273465,12.041594578792296,11.40175425099138,15.620499351813308,15.264337522473749,18.788294228055936,16.15549442140351,15.652475842498529,15.231546211727817,17.46424919657298,18.38477631085024,16.76305461424021,16.55294535724685,15.652475842498529,12.649110640673518,1697990077.0651891
10.63014581273465,9.899494936611665,12.806248474865697,12.206555615733702,15.811388300841898,13.152946437965904,14.7648230602334,18.248287590894655,20.248456731316587,18.867962264113206,21.95449840010015,22.80350850198276,22.671568097509265,20.615528128088304,21.2602916254693,21.213203435596427,18.867962264113206,17.204650534085253,15.652475842498529,14.142135623730951,8.602325267042627,14.866068747318504,8.246211251235321,11.6619037896906,9.0,8.94427190999916,12.0,9.219544457292889,9.848857801796104,13.892443989449806,13.892443989449806,15.297058540778355,14.866068747318506,16.1245154965971,13.341664064126334,14.560219778561038,10.816653826391969,11.180339887498949,11.6619037896906,13.038404810405298,13.92838827718412,15.264337522473749,17.69180601295413,17.029386365926403,16.401219466856727,18.38477631085024,19.79898987322333,18.027756377319946,19.849433241279208,19.1049731745428,19.849433241279208,14.422205101855958,1697990077.0792153
12.727922061357857,12.041594578792296,10.295630140987,11.045361017187261,13.416407864998739,20.615528128088304,14.7648230602334,17.4928556845359,18.35755975068582,18.788294228055936,19.697715603592208,21.540659228538015,23.08679276123039,22.561028345356952,20.223748416156685,22.20360331117452,18.027756377319946,16.0,16.0312195418814,13.0,11.045361017187261,9.219544457292889,8.54400374531753,6.708203932499369,10.0,7.810249675906654,8.94427190999916,10.19803902718557,11.704699910719626,15.0,11.704699910719626,12.36931687685298,17.26267650163207,15.03329637837291,18.248287590894655,13.601470508735444,11.0,12.165525060596437,10.04987562112089,14.560219778561038,13.0,13.92838827718412,16.15549442140351,16.1245154965971,16.55294535724685,17.0,17.46424919657298,16.55294535724685,17.46424919657298,15.231546211727817,15.652475842498529,14.422205101855958,1697990077.0881906
12.0,15.0,11.0,12.041594578792294,15.0,13.92838827718412,15.264337522473749,14.317821063276352,16.0,18.973665961010276,21.377558326431952,21.540659228538015,22.0,21.0,19.6468827043885,17.26267650163207,21.587033144922902,16.76305461424021,14.0356688476182,13.0,12.08304597359457,10.295630140987,11.0,10.44030650891055,11.704699910719626,8.54400374531753,7.211102550927979,8.06225774829855,8.54400374531753,10.0,16.1245154965971,17.0,15.0,14.866068747318504,12.041594578792296,13.601470508735444,11.0,11.40175425099138,10.770329614269007,13.601470508735444,14.422205101855958,15.811388300841898,15.297058540778355,15.03329637837291,15.132745950421555,16.0312195418814,16.0312195418814,17.720045146669353,16.492422502470642,15.231546211727817,14.0356688476182,14.0356688476182,1697990077.096189
12.041594578792296,12.806248474865697,12.165525060596437,18.248287590894655,14.0356688476182,17.46424919657298,20.09975124224178,18.110770276274835,20.615528128088304,20.39607805437114,22.80350850198276,25.298221281347036,24.596747752497688,23.853720883753127,23.021728866442675,23.853720883753127,20.615528128088304,20.0,18.38477631085024,15.620499351813308,13.601470508735444,12.206555615733702,11.180339887498949,10.770329614269007,10.770329614269007,10.04987562112089,11.045361017187261,11.704699910719626,12.529964086141668,13.038404810405298,13.416407864998739,16.1245154965971,17.46424919657298,15.231546211727817,15.652475842498529,16.643316977093235,14.317821063276352,12.529964086141668,13.453624047073712,14.212670403551895,16.278820596099706,16.401219466856727,17.804493814764854,15.811388300841896,17.4928556845359,17.0,18.60107523773827,17.804493814764854,18.60107523773827,17.204650534085253,16.278820596099706,15.264337522473749,1697990077.1051958
11.704699910719626,12.806248474865697,14.7648230602334,14.866068747318506,12.649110640673518,16.0,23.08679276123039,19.4164878389476,19.924858845171276,17.720045146669353,19.6468827043885,22.135943621178658,21.931712199461305,20.6155281280883,21.02379604162864,22.80350850198276,20.12461179749811,20.0,13.453624047073712,12.649110640673518,11.180339887498949,10.295630140987,6.4031242374328485,10.44030650891055,7.0,8.54400374531753,8.94427190999916,10.295630140987,14.422205101855958,12.727922061357857,14.866068747318504,12.806248474865697,14.422205101855958,15.556349186104047,15.620499351813308,12.041594578792296,12.806248474865697,13.416407864998739,11.6619037896906,13.92838827718412,13.92838827718412,16.492422502470642,15.524174696260024,16.278820596099706,16.492422502470642,16.278820596099706,18.439088914585778,17.720045146669353,18.248287590894655,17.11724276862369,15.297058540778355,14.0356688476182,1697990077.1162589
10.770329614269007,14.317821063276352,15.132745950421555,16.278820596099706,12.041594578792294,14.317821063276352,20.024984394500787,17.46424919657298,17.46424919657298,19.313207915827967,20.248456731316587,22.847319317591726,21.02379604162864,19.723082923316017,22.203603311174515,18.867962264113206,16.278820596099706,16.278820596099706,12.806248474865697,15.0,14.212670403551895,12.806248474865697,10.63014581273465,10.770329614269007,11.40175425099138,9.219544457292889,7.0,9.055385138137417,9.486832980505138,11.180339887498949,14.7648230602334,14.317821063276352,15.652475842498529,14.866068747318506,12.649110640673518,11.704699910719626,10.770329614269007,13.892443989449806,12.041594578792296,12.041594578792296,14.866068747318504,15.0,15.620499351813308,16.278820596099706,16.1245154965971,14.422205101855958,16.401219466856727,15.620499351813308,15.620499351813308,14.422205101855958,13.453624047073712,13.038404810405298,1697990077.125259
15.0,8.602325267042627,16.55294535724685,14.317821063276352,15.297058540778355,14.142135623730951,17.88854381999832,20.248456731316587,17.720045146669353,20.39607805437114,21.377558326431952,23.194827009486403,22.0,22.02271554554524,20.09975124224178,22.20360331117452,18.439088914585778,17.720045146669353,14.866068747318506,13.601470508735444,11.40175425099138,11.180339887498949,10.04987562112089,9.055385138137417,8.06225774829855,7.615773105863909,7.211102550927979,8.602325267042627,10.295630140987,12.08304597359457,11.180339887498949,14.317821063276352,14.7648230602334,14.7648230602334,13.892443989449806,12.206555615733702,11.180339887498949,9.848857801796104,12.165525060596437,14.0356688476182,14.142135623730951,14.0356688476182,16.0312195418814,16.0,17.0,17.029386365926403,18.027756377319946,17.0,17.029386365926403,16.0,16.0312195418814,13.038404810405298,1697990077.1342592
9.0,7.810249675906654,9.848857801796104,11.6619037896906,14.317821063276352,15.0,14.866068747318506,18.38477631085024,18.788294228055936,21.400934559032695,19.849433241279208,24.186773244895647,23.60084744241189,22.671568097509265,17.69180601295413,24.08318915758459,17.4928556845359,17.08800749063506,13.453624047073712,14.422205101855958,11.40175425099138,10.63014581273465,12.36931687685298,11.180339887498949,7.615773105863909,12.0,9.055385138137417,12.165525060596437,11.180339887498949,13.038404810405298,15.620499351813308,16.278820596099706,19.1049731745428,15.811388300841896,19.1049731745428,17.46424919657298,15.0,15.0,16.55294535724685,12.649110640673518,13.0,16.15549442140351,18.027756377319946,16.492422502470642,17.08800749063506,17.46424919657298,17.720045146669353,17.720045146669353,18.439088914585778,16.492422502470642,16.278820596099706,15.03329637837291,1697990077.1510642
7.280109889280519,5.0,13.038404810405298,11.40175425099138,10.816653826391969,13.416407864998739,14.7648230602334,14.317821063276352,19.723082923316017,18.38477631085024,19.4164878389476,23.259406699226012,20.8806130178211,22.135943621178658,21.587033144922902,20.39607805437114,18.110770276274835,17.26267650163207,14.0356688476182,13.152946437965904,12.165525060596437,11.180339887498949,9.848857801796104,7.280109889280519,9.219544457292887,7.810249675906654,8.06225774829855,7.280109889280519,8.54400374531753,11.40175425099138,10.19803902718557,12.165525060596437,14.866068747318506,15.811388300841896,15.524174696260024,14.560219778561038,13.341664064126334,9.219544457292887,13.601470508735444,12.649110640673518,12.165525060596437,14.317821063276352,14.560219778561038,13.92838827718412,15.231546211727817,15.231546211727817,15.524174696260024,14.866068747318506,14.560219778561038,13.92838827718412,13.92838827718412,13.416407864998739,1697990077.1600673
6.708203932499369,13.038404810405298,16.1245154965971,12.041594578792294,16.0,15.297058540778355,17.46424919657298,20.39607805437114,18.027756377319946,20.09975124224178,21.095023109728984,26.1725046566048,21.840329667841555,21.540659228538015,19.697715603592208,21.095023109728988,19.4164878389476,17.0,12.041594578792296,13.601470508735444,11.6619037896906,11.180339887498949,8.94427190999916,8.54400374531753,7.0710678118654755,8.06225774829855,8.246211251235321,9.433981132056603,12.041594578792296,12.806248474865697,12.727922061357857,15.556349186104047,17.029386365926403,15.556349186104047,15.811388300841896,12.806248474865697,12.041594578792296,12.727922061357857,13.601470508735444,13.92838827718412,13.038404810405298,15.231546211727817,16.55294535724685,15.811388300841898,15.811388300841898,16.492422502470642,18.38477631085024,17.88854381999832,17.08800749063506,17.08800749063506,15.652475842498529,13.601470508735444,1697990077.1721034
10.44030650891055,9.433981132056603,9.486832980505138,13.92838827718412,13.92838827718412,13.892443989449806,19.1049731745428,21.095023109728988,19.313207915827967,20.6155281280883,22.135943621178658,23.769728648009423,21.213203435596427,22.090722034374522,22.090722034374522,22.02271554554524,20.024984394500787,19.026297590440446,19.1049731745428,11.40175425099138,14.0,11.180339887498949,12.041594578792294,13.152946437965904,13.341664064126334,6.708203932499369,9.899494936611665,8.94427190999916,11.6619037896906,13.0,11.180339887498949,16.55294535724685,17.0,11.6619037896906,15.811388300841896,13.892443989449806,10.44030650891055,13.601470508735444,11.704699910719626,13.038404810405298,18.248287590894655,16.278820596099706,16.1245154965971,15.811388300841898,17.11724276862369,19.1049731745428,17.11724276862369,18.248287590894655,20.09975124224178,16.492422502470642,18.439088914585778,13.152946437965904,1697990077.1851122
15.297058540778355,13.892443989449806,14.866068747318506,18.35755975068582,13.892443989449806,14.317821063276352,19.697715603592208,22.135943621178658,20.248456731316587,21.840329667841555,19.313207915827967,21.587033144922902,25.317977802344327,23.0,24.0,24.020824298928627,18.248287590894655,17.029386365926403,13.152946437965904,14.142135623730951,12.041594578792294,13.0,10.04987562112089,10.770329614269007,10.44030650891055,10.0,9.219544457292887,10.816653826391969,12.36931687685298,13.92838827718412,15.811388300841898,16.76305461424021,19.235384061671343,18.027756377319946,16.55294535724685,14.866068747318506,14.560219778561038,12.649110640673518,16.1245154965971,15.132745950421555,15.03329637837291,16.278820596099706,19.0,15.811388300841898,17.11724276862369,19.026297590440446,20.024984394500787,22.02271554554524,21.0,16.492422502470642,18.439088914585778,16.0312195418814,1697990077.1941118
13.0,13.601470508735444,14.422205101855958,15.0,16.401219466856727,15.264337522473749,19.697715603592208,19.697715603592208,20.12461179749811,21.840329667841555,23.08679276123039,24.698178070456937,25.179356624028344,25.179356624028344,24.0,27.073972741361768,20.024984394500787,16.76305461424021,19.026297590440446,13.601470508735444,14.317821063276352,13.0,10.04987562112089,9.055385138137417,9.219544457292889,10.0,10.0,12.206555615733702,11.180339887498949,13.0,13.601470508735444,17.204650534085253,19.723082923316017,17.029386365926403,15.811388300841896,13.416407864998739,15.811388300841896,13.601470508735444,11.704699910719626,15.231546211727817,15.811388300841898,15.297058540778355,18.110770276274835,15.132745950421555,17.11724276862369,17.26267650163207,17.720045146669353,17.720045146669353,19.4164878389476,17.26267650163207,16.76305461424021,13.152946437965904,1697990077.2596667
12.165525060596437,12.08304597359457,12.08304597359457,12.529964086141668,14.866068747318506,17.4928556845359,16.15549442140351,21.18962010041709,20.248456731316587,22.135943621178658,23.08679276123039,23.08679276123039,24.186773244895647,24.020824298928627,21.0,23.0,19.1049731745428,17.46424919657298,16.492422502470642,13.341664064126334,12.0,11.045361017187261,11.045361017187261,10.04987562112089,10.44030650891055,8.602325267042627,9.433981132056603,11.180339887498949,13.0,13.0,13.92838827718412,17.46424919657298,17.88854381999832,16.15549442140351,18.867962264113206,15.652475842498529,13.92838827718412,12.08304597359457,11.40175425099138,16.0312195418814,17.26267650163207,17.029386365926403,18.0,17.029386365926403,18.027756377319946,17.11724276862369,18.0,18.0,18.027756377319946,17.029386365926403,16.0,14.142135623730951,1697990077.2730868
3.6055512754639896,9.055385138137417,13.038404810405298,13.152946437965904,14.0356688476182,18.248287590894655,20.39607805437114,19.697715603592208,18.110770276274835,20.615528128088304,20.248456731316587,25.0,23.769728648009426,22.360679774997898,20.248456731316587,23.3238075793812,20.0,19.209372712298546,12.806248474865697,14.866068747318504,11.40175425099138,11.180339887498949,8.94427190999916,10.44030650891055,10.19803902718557,9.055385138137417,9.848857801796104,8.485281374238571,10.63014581273465,13.601470508735444,14.142135623730951,15.556349186104047,15.620499351813308,14.866068747318504,17.029386365926403,13.453624047073712,11.40175425099138,11.40175425099138,15.0,15.231546211727817,14.7648230602334,19.235384061671347,18.38477631085024,15.297058540778355,18.681541692269406,21.023796041628636,18.973665961010276,17.720045146669353,18.439088914585778,18.439088914585778,16.492422502470642,15.132745950421555,1697990077.2889204
8.246211251235321,11.40175425099138,12.08304597359457,18.027756377319946,16.401219466856727,16.401219466856727,20.591260281974,25.0,21.633307652783937,23.3238075793812,26.832815729997478,27.51363298439521,25.298221281347036,25.96150997149434,24.73863375370596,23.345235059857504,22.090722034374522,20.024984394500787,19.235384061671347,17.0,13.152946437965904,14.317821063276352,11.180339887498949,11.180339887498949,11.180339887498949,10.63014581273465,9.899494936611665,11.704699910719626,12.649110640673518,15.524174696260024,15.524174696260024,16.492422502470642,18.681541692269406,19.4164878389476,17.08800749063506,11.704699910719626,15.132745950421555,12.0,15.0,17.029386365926403,13.152946437965904,17.11724276862369,17.26267650163207,18.439088914585778,19.4164878389476,18.439088914585778,19.4164878389476,19.235384061671347,19.4164878389476,18.248287590894655,17.26267650163207,16.76305461424021,1697990077.297919
11.40175425099138,12.806248474865697,12.041594578792296,19.209372712298546,18.439088914585774,14.212670403551895,15.811388300841896,18.439088914585774,22.671568097509265,23.430749027719962,23.3452350598575,26.870057685088806,25.80697580112788,24.69817807045694,25.059928172283335,24.596747752497688,21.540659228538015,20.248456731316587,17.720045146669353,15.524174696260024,13.601470508735444,13.0,11.180339887498949,10.816653826391969,10.816653826391969,9.433981132056603,9.848857801796104,10.19803902718557,12.165525060596437,14.0356688476182,14.0,16.0312195418814,18.027756377319946,18.027756377319946,16.0312195418814,14.0,12.041594578792294,13.038404810405298,13.152946437965904,14.866068747318506,16.76305461424021,16.15549442140351,18.027756377319946,17.46424919657298,19.4164878389476,17.46424919657298,18.027756377319946,19.697715603592208,19.313207915827967,18.38477631085024,19.313207915827967,16.1245154965971,1697990077.305923
8.06225774829855,11.6619037896906,18.38477631085024,14.422205101855958,20.0,19.235384061671343,22.090722034374522,24.596747752497688,21.095023109728988,24.186773244895647,26.076809620810597,26.627053911388693,26.248809496813372,25.455844122715714,25.495097567963924,25.495097567963924,23.60084744241189,20.808652046684813,20.248456731316587,17.204650534085253,14.212670403551895,13.453624047073712,10.63014581273465,11.40175425099138,10.816653826391969,10.44030650891055,10.04987562112089,11.180339887498949,13.416407864998739,14.317821063276352,14.866068747318506,18.38477631085024,18.973665961010276,16.15549442140351,16.492422502470642,14.317821063276352,14.317821063276352,13.892443989449806,15.0,17.029386365926403,15.556349186104047,16.278820596099706,19.849433241279208,19.79898987322333,18.60107523773827,16.401219466856727,19.1049731745428,19.1049731745428,18.439088914585774,17.204650534085253,18.439088914585774,16.55294535724685,1697990077.31458
10.0,9.433981132056603,13.416407864998739,14.7648230602334,14.7648230602334,15.652475842498529,17.46424919657298,17.88854381999832,19.235384061671343,21.400934559032695,23.021728866442675,24.413111231467404,22.671568097509265,23.430749027719962,22.627416997969522,23.60084744241189,19.1049731745428,18.439088914585774,15.264337522473749,17.204650534085253,14.422205101855958,11.6619037896906,9.848857801796104,8.94427190999916,9.219544457292887,8.0,7.615773105863909,12.36931687685298,9.219544457292889,17.204650534085253,16.15549442140351,18.38477631085024,18.110770276274835,17.720045146669353,15.524174696260024,14.866068747318506,14.317821063276352,10.44030650891055,13.038404810405298,15.811388300841896,16.278820596099706,16.278820596099706,19.1049731745428,17.029386365926403,18.38477631085024,17.029386365926403,19.1049731745428,16.970562748477143,19.1049731745428,17.804493814764854,17.69180601295413,15.0,1697990077.3235805
10.44030650891055,5.8309518948453,11.045361017187261,13.416407864998739,15.231546211727817,14.142135623730951,18.973665961010276,14.422205101855958,20.615528128088304,18.973665961010276,27.202941017470888,23.345235059857504,23.021728866442675,24.020824298928627,20.39607805437114,21.0,20.223748416156685,17.720045146669353,11.6619037896906,13.341664064126334,11.180339887498949,10.04987562112089,11.045361017187261,9.219544457292889,8.54400374531753,8.06225774829855,8.06225774829855,10.770329614269007,10.19803902718557,9.219544457292887,14.560219778561038,16.76305461424021,16.15549442140351,19.209372712298546,14.866068747318506,14.866068747318506,13.152946437965904,13.152946437965904,13.0,14.142135623730951,16.1245154965971,15.524174696260024,17.26267650163207,16.76305461424021,17.720045146669353,16.1245154965971,18.439088914585778,17.720045146669353,18.439088914585778,14.560219778561038,16.492422502470642,14.317821063276352,1697990077.3325827
9.486832980505138,11.0,11.40175425099138,12.806248474865697,14.142135623730951,14.142135623730951,17.11724276862369,18.110770276274835,20.39607805437114,21.840329667841555,22.135943621178658,26.248809496813376,22.360679774997898,23.853720883753127,24.207436873820413,24.186773244895647,19.1049731745428,20.518284528683193,14.212670403551895,16.278820596099706,10.63014581273465,11.40175425099138,9.219544457292887,11.40175425099138,14.560219778561038,9.219544457292889,13.038404810405298,10.19803902718557,12.36931687685298,13.601470508735444,18.248287590894655,16.1245154965971,20.39607805437114,18.248287590894655,17.11724276862369,16.278820596099706,15.231546211727817,13.92838827718412,14.866068747318506,15.0,17.4928556845359,17.88854381999832,18.60107523773827,15.0,18.027756377319946,18.027756377319946,20.591260281974,19.697715603592208,17.4928556845359,18.027756377319946,14.422205101855958,14.422205101855958,1697990077.3515666
9.219544457292889,10.0,11.0,14.560219778561038,15.132745950421555,11.180339887498949,15.03329637837291,19.4164878389476,19.235384061671347,21.095023109728984,22.090722034374522,23.021728866442675,24.083189157584588,23.345235059857504,22.561028345356952,22.561028345356952,21.18962010041709,18.027756377319946,17.46424919657298,15.231546211727817,13.92838827718412,11.704699910719626,10.19803902718557,10.04987562112089,10.04987562112089,9.486832980505138,11.6619037896906,10.0,10.63014581273465,14.212670403551895,16.278820596099706,14.422205101855958,16.278820596099706,14.212670403551895,16.278820596099706,14.212670403551895,14.212670403551895,12.206555615733702,13.892443989449806,15.231546211727817,14.317821063276352,15.231546211727817,15.524174696260024,15.524174696260024,16.76305461424021,15.297058540778355,17.08800749063506,17.720045146669353,16.76305461424021,16.76305461424021,16.492422502470642,13.038404810405298,1697990077.3595676
15.0,12.727922061357857,12.041594578792296,14.7648230602334,14.866068747318506,18.60107523773827,12.806248474865697,18.35755975068582,20.0,20.615528128088304,21.2602916254693,23.3452350598575,23.430749027719962,22.203603311174515,21.633307652783937,23.021728866442675,19.723082923316017,18.788294228055936,17.0,14.317821063276352,13.038404810405298,11.40175425099138,9.899494936611665,10.0,10.0,8.94427190999916,11.045361017187261,12.041594578792294,12.165525060596437,12.0,17.26267650163207,15.524174696260024,17.46424919657298,18.027756377319946,18.110770276274835,14.142135623730951,13.152946437965904,12.36931687685298,13.0,13.892443989449806,15.652475842498529,15.264337522473749,17.4928556845359,16.278820596099706,16.401219466856727,17.69180601295413,16.1245154965971,18.027756377319946,16.401219466856727,16.1245154965971,14.212670403551895,13.453624047073712,1697990077.3718
8.485281374238571,7.810249675906654,15.264337522473749,16.401219466856727,12.727922061357857,18.60107523773827,20.0,20.518284528683193,21.213203435596427,22.022715545545243,22.80350850198276,25.0,25.238858928247925,24.186773244895647,24.16609194718914,22.847319317591726,21.540659228538015,18.973665961010276,17.720045146669353,15.524174696260024,12.649110640673518,11.180339887498949,10.0,10.63014581273465,10.0,8.94427190999916,9.219544457292889,10.0,12.041594578792294,12.36931687685298,14.317821063276352,16.492422502470642,18.110770276274835,17.11724276862369,17.11724276862369,14.142135623730951,13.601470508735444,13.92838827718412,14.317821063276352,15.264337522473749,14.317821063276352,18.60107523773827,17.804493814764854,17.69180601295413,18.38477631085024,18.439088914585774,17.69180601295413,18.439088914585774,19.1049731745428,18.38477631085024,16.970562748477143,15.620499351813308,1697990077.3818014
11.180339887498949,6.324555320336759,11.0,12.041594578792294,13.152946437965904,14.0356688476182,16.1245154965971,18.439088914585778,21.095023109728984,20.223748416156685,21.213203435596427,23.345235059857504,23.769728648009423,23.08679276123039,22.472205054244235,21.931712199461305,20.12461179749811,17.88854381999832,16.1245154965971,14.7648230602334,12.529964086141668,11.704699910719626,10.44030650891055,10.19803902718557,10.0,9.219544457292889,8.94427190999916,10.0,10.63014581273465,12.041594578792296,12.041594578792296,14.866068747318504,15.556349186104047,15.556349186104047,16.278820596099706,13.453624047073712,12.041594578792296,12.206555615733702,13.038404810405298,14.317821063276352,14.7648230602334,14.866068747318504,15.524174696260024,15.524174696260024,15.297058540778355,16.1245154965971,16.492422502470642,16.278820596099706,16.492422502470642,15.297058540778355,15.524174696260024,14.0356688476182,1697990077.4021037
17.0,10.295630140987,16.1245154965971,13.453624047073712,16.401219466856727,16.970562748477143,20.248456731316587,24.758836806279895,21.2602916254693,22.203603311174515,23.60084744241189,26.627053911388693,26.419689627245813,25.079872407968903,24.351591323771842,25.298221281347036,20.615528128088304,20.39607805437114,18.248287590894655,15.297058540778355,14.317821063276352,12.649110640673518,11.704699910719626,10.295630140987,10.295630140987,10.63014581273465,13.92838827718412,13.341664064126334,13.341664064126334,12.165525060596437,15.297058540778355,17.029386365926403,17.26267650163207,16.278820596099706,17.46424919657298,9.219544457292889,14.142135623730951,13.038404810405298,14.0356688476182,15.297058540778355,16.0312195418814,16.492422502470642,17.720045146669353,16.15549442140351,18.681541692269406,17.08800749063506,18.681541692269406,19.235384061671347,19.4164878389476,17.720045146669353,17.46424919657298,16.15549442140351,1697990077.4101114
6.0827625302982185,7.0,10.19803902718557,13.453624047073712,13.601470508735444,16.76305461424021,21.587033144922902,24.758836806279895,18.973665961010276,21.095023109728984,19.1049731745428,21.095023109728984,22.02271554554524,19.026297590440446,18.110770276274835,22.0,19.4164878389476,20.39607805437114,15.231546211727817,15.652475842498529,15.524174696260024,12.041594578792294,11.704699910719626,8.54400374531753,9.899494936611665,10.63014581273465,8.602325267042627,7.211102550927979,9.219544457292889,11.180339887498949,12.529964086141668,14.317821063276352,14.560219778561038,14.866068747318506,13.416407864998739,14.7648230602334,13.601470508735444,14.317821063276352,12.649110640673518,13.038404810405298,14.317821063276352,13.038404810405298,17.46424919657298,16.278820596099706,16.1245154965971,15.132745950421555,19.4164878389476,14.317821063276352,19.4164878389476,16.0312195418814,16.278820596099706,14.560219778561038,1697990077.4315646
8.602325267042627,10.19803902718557,10.44030650891055,14.866068747318506,14.317821063276352,15.297058540778355,15.811388300841898,19.6468827043885,20.6155281280883,20.6155281280883,21.540659228538015,25.059928172283335,25.238858928247925,22.80350850198276,20.0,23.3452350598575,20.518284528683193,18.439088914585774,17.029386365926403,14.212670403551895,12.041594578792296,12.041594578792296,10.770329614269007,9.848857801796104,9.486832980505138,9.055385138137417,10.19803902718557,11.40175425099138,13.0,13.416407864998739,14.317821063276352,17.0,18.027756377319946,16.76305461424021,16.15549442140351,16.15549442140351,13.92838827718412,13.416407864998739,15.0,16.278820596099706,16.278820596099706,18.38477631085024,18.439088914585774,17.804493814764854,19.209372712298546,20.248456731316587,19.849433241279208,19.849433241279208,19.1049731745428,18.439088914585774,17.69180601295413,16.643316977093235,1697990077.4405618
4.123105625617661,12.727922061357857,12.041594578792296,14.866068747318504,15.556349186104047,16.278820596099706,19.1049731745428,19.849433241279208,21.400934559032695,22.203603311174515,22.203603311174515,26.076809620810597,26.832815729997478,25.495097567963924,22.847319317591726,24.041630560342615,21.587033144922902,18.681541692269406,18.248287590894655,15.03329637837291,14.560219778561038,12.041594578792296,13.0,11.6619037896906,9.899494936611665,10.63014581273465,11.180339887498949,9.848857801796104,12.041594578792294,14.142135623730951,14.142135623730951,17.029386365926403,17.46424919657298,17.720045146669353,17.46424919657298,15.132745950421555,16.0312195418814,13.038404810405298,15.03329637837291,14.142135623730951,17.029386365926403,18.38477631085024,20.615528128088304,19.697715603592208,20.248456731316587,18.027756377319946,19.924858845171276,19.924858845171276,18.973665961010276,18.38477631085024,16.76305461424021,15.652475842498529,1697990077.4485638
8.602325267042627,13.416407864998739,15.132745950421555,10.63014581273465,10.295630140987,12.041594578792296,13.416407864998739,13.601470508735444,20.615528128088304,19.849433241279208,21.2602916254693,21.93171219946131,19.1049731745428,23.021728866442675,21.02379604162864,23.3238075793812,14.7648230602334,17.08800749063506,14.7648230602334,15.231546211727817,12.529964086141668,12.041594578792296,9.219544457292887,8.602325267042627,8.246211251235321,7.280109889280519,9.219544457292889,12.0,12.041594578792294,11.704699910719626,14.142135623730951,14.317821063276352,17.11724276862369,15.132745950421555,16.278820596099706,15.0,12.041594578792294,14.560219778561038,14.7648230602334,12.206555615733702,15.524174696260024,16.1245154965971,17.204650534085253,16.401219466856727,17.804493814764854,17.804493814764854,17.204650534085253,17.804493814764854,17.4928556845359,16.401219466856727,16.643316977093235,14.866068747318504,1697990077.4651177
15.264337522473749,15.0,15.132745950421555,13.601470508735444,15.620499351813308,14.560219778561038,13.416407864998739,20.518284528683193,21.2602916254693,20.0,24.839484696748443,22.022715545545243,23.3238075793812,23.769728648009423,21.02379604162864,25.495097567963924,20.6155281280883,15.0,18.027756377319946,17.08800749063506,11.0,12.041594578792296,9.219544457292887,12.806248474865697,9.219544457292887,10.44030650891055,9.433981132056603,11.180339887498949,12.0,11.704699910719626,16.15549442140351,19.026297590440446,13.038404810405298,15.132745950421555,18.027756377319946,12.041594578792294,12.165525060596437,14.560219778561038,16.278820596099706,15.811388300841898,16.55294535724685,16.1245154965971,21.02379604162864,18.027756377319946,18.38477631085024,20.518284528683193,19.313207915827967,14.317821063276352,19.697715603592208,16.401219466856727,13.92838827718412,14.317821063276352,1697990077.4829361
4.0,13.601470508735444,13.341664064126334,14.142135623730951,17.11724276862369,13.341664064126334,21.587033144922902,16.76305461424021,21.213203435596427,22.20360331117452,23.086792761230395,25.0,23.021728866442675,23.086792761230395,21.587033144922902,23.53720459187964,19.924858845171276,16.15549442140351,16.15549442140351,17.08800749063506,13.601470508735444,12.165525060596437,11.045361017187261,11.0,10.19803902718557,10.44030650891055,10.816653826391969,10.63014581273465,11.313708498984761,11.313708498984761,14.866068747318504,16.1245154965971,17.204650534085253,17.029386365926403,16.278820596099706,14.212670403551895,14.422205101855958,13.601470508735444,14.7648230602334,16.76305461424021,14.560219778561038,15.524174696260024,17.26267650163207,16.1245154965971,18.110770276274835,16.1245154965971,17.26267650163207,18.439088914585778,18.248287590894655,16.278820596099706,15.524174696260024,15.0,1697990077.4975684
10.04987562112089,12.041594578792294,11.40175425099138,14.560219778561038,13.601470508735444,18.027756377319946,18.681541692269406,18.027756377319946,19.235384061671347,20.024984394500787,21.587033144922902,21.095023109728984,23.021728866442675,22.20360331117452,21.213203435596427,21.587033144922902,18.681541692269406,19.235384061671343,14.866068747318506,13.92838827718412,11.704699910719626,11.40175425099138,9.219544457292889,9.0,8.06225774829855,8.54400374531753,8.485281374238571,9.899494936611665,12.041594578792296,10.63014581273465,14.212670403551895,13.601470508735444,17.804493814764854,15.556349186104047,14.866068747318504,14.422205101855958,12.206555615733702,13.892443989449806,14.7648230602334,16.15549442140351,14.866068747318506,16.15549442140351,16.278820596099706,16.1245154965971,17.46424919657298,16.492422502470642,16.492422502470642,16.76305461424021,15.811388300841898,15.297058540778355,14.560219778561038,14.142135623730951,1697990077.5055716
9.219544457292889,13.0,13.152946437965904,19.924858845171276,13.0,18.027756377319946,17.46424919657298,19.026297590440446,21.213203435596427,22.80350850198276,24.041630560342615,27.51363298439521,25.079872407968903,24.186773244895647,23.853720883753127,23.853720883753127,21.400934559032695,19.209372712298546,15.0,14.866068747318504,14.212670403551895,13.038404810405298,11.180339887498949,10.770329614269007,11.180339887498949,9.055385138137417,10.44030650891055,9.848857801796104,12.806248474865697,12.806248474865697,15.620499351813308,15.620499351813308,18.439088914585774,17.029386365926403,17.204650534085253,13.601470508735444,15.620499351813308,14.142135623730951,15.620499351813308,16.15549442140351,16.1245154965971,17.46424919657298,18.38477631085024,18.027756377319946,19.313207915827967,16.76305461424021,19.313207915827967,18.38477631085024,18.38477631085024,18.973665961010276,17.46424919657298,15.524174696260024,1697990077.5289083
10.19803902718557,13.0,17.46424919657298,13.0,13.341664064126334,16.492422502470642,14.7648230602334,20.223748416156685,19.1049731745428,21.0,21.095023109728984,21.095023109728984,21.377558326431952,20.8806130178211,22.135943621178658,20.39607805437114,16.76305461424021,17.88854381999832,14.560219778561038,13.0,11.6619037896906,10.19803902718557,10.19803902718557,7.280109889280519,8.246211251235321,11.0,9.433981132056603,14.142135623730951,13.892443989449806,12.041594578792296,13.601470508735444,15.264337522473749,16.970562748477143,14.866068747318504,15.0,17.029386365926403,9.899494936611665,11.40175425099138,12.529964086141668,13.152946437965904,12.08304597359457,14.7648230602334,16.76305461424021,17.46424919657298,16.76305461424021,17.46424919657298,18.027756377319946,15.524174696260024,19.313207915827967,17.46424919657298,16.55294535724685,17.46424919657298,1697990077.536907
10.770329614269007,12.041594578792294,14.142135623730951,16.76305461424021,15.297058540778355,16.278820596099706,21.213203435596427,19.6468827043885,21.840329667841555,23.08679276123039,24.041630560342615,26.0,26.400757564888174,25.553864678361276,23.853720883753127,25.0,21.2602916254693,17.204650534085253,18.439088914585774,13.0,12.041594578792296,12.806248474865697,10.816653826391969,10.770329614269007,10.19803902718557,9.055385138137417,9.486832980505138,11.180339887498949,14.7648230602334,15.0,13.416407864998739,17.4928556845359,18.867962264113206,17.88854381999832,19.235384061671343,17.4928556845359,14.866068747318504,13.038404810405298,15.620499351813308,16.401219466856727,14.422205101855958,17.4928556845359,18.867962264113206,20.248456731316587,20.12461179749811,18.788294228055936,20.248456731316587,19.723082923316017,19.235384061671343,19.235384061671343,18.867962264113206,18.38477631085024,1697990077.5459106
9.899494936611665,6.324555320336759,10.770329614269007,16.55294535724685,14.866068747318506,15.524174696260024,16.492422502470642,20.248456731316587,20.591260281974,21.931712199461305,23.3238075793812,23.60084744241189,22.80350850198276,24.08318915758459,23.3452350598575,23.3452350598575,20.518284528683193,17.804493814764854,17.029386365926403,16.401219466856727,12.206555615733702,12.529964086141668,11.313708498984761,9.219544457292887,10.19803902718557,11.180339887498949,13.038404810405298,14.317821063276352,12.041594578792294,13.92838827718412,12.165525060596437,16.278820596099706,17.08800749063506,16.0312195418814,13.92838827718412,14.560219778561038,13.416407864998739,12.36931687685298,13.601470508735444,14.212670403551895,14.422205101855958,14.866068747318504,17.029386365926403,16.970562748477143,18.38477631085024,16.970562748477143,17.029386365926403,17.69180601295413,18.439088914585774,17.69180601295413,15.620499351813308,14.866068747318504,1697990077.5550697
8.54400374531753,7.0710678118654755,8.94427190999916,16.643316977093235,13.416407864998739,13.416407864998739,18.027756377319946,18.867962264113206,19.723082923316017,20.248456731316587,21.095023109728988,23.60084744241189,21.93171219946131,21.93171219946131,22.203603311174515,21.93171219946131,19.209372712298546,19.235384061671343,15.0,14.317821063276352,10.816653826391969,9.899494936611665,9.219544457292887,8.602325267042627,7.615773105863909,9.219544457292889,9.055385138137417,9.055385138137417,11.704699910719626,12.08304597359457,13.601470508735444,16.55294535724685,16.278820596099706,16.76305461424021,14.560219778561038,13.416407864998739,11.704699910719626,13.038404810405298,12.806248474865697,15.556349186104047,15.620499351813308,15.620499351813308,17.029386365926403,18.027756377319946,17.029386365926403,18.027756377319946,17.029386365926403,16.970562748477143,16.401219466856727,16.401219466856727,16.401219466856727,15.264337522473749,1697990077.5680783
9.486832980505138,15.264337522473749,13.453624047073712,11.704699910719626,14.422205101855958,14.317821063276352,13.453624047073712,22.022715545545243,18.867962264113206,21.02379604162864,21.02379604162864,22.847319317591726,20.8806130178211,20.615528128088304,20.39607805437114,23.769728648009423,18.027756377319946,16.278820596099706,13.601470508735444,13.038404810405298,12.0,11.40175425099138,10.19803902718557,7.615773105863909,7.615773105863909,9.219544457292887,11.704699910719626,14.142135623730951,11.6619037896906,12.08304597359457,12.649110640673518,13.601470508735444,14.142135623730951,17.08800749063506,15.524174696260024,13.92838827718412,12.041594578792294,13.038404810405298,13.038404810405298,13.341664064126334,14.317821063276352,13.601470508735444,17.08800749063506,15.811388300841898,19.6468827043885,16.492422502470642,18.439088914585778,17.46424919657298,17.46424919657298,16.76305461424021,14.317821063276352,13.92838827718412,1697990077.5801208
10.63014581273465,11.40175425099138,13.892443989449806,15.811388300841896,15.264337522473749,15.264337522473749,17.4928556845359,19.723082923316017,22.203603311174515,20.518284528683193,22.80350850198276,23.430749027719962,25.495097567963924,23.60084744241189,22.47220505424423,21.095023109728988,20.808652046684813,17.4928556845359,14.866068747318506,13.0,15.231546211727817,13.601470508735444,11.6619037896906,12.041594578792296,7.615773105863909,9.219544457292889,14.0,13.0,8.246211251235321,13.152946437965904,15.0,14.142135623730951,18.439088914585778,15.132745950421555,14.0356688476182,15.524174696260024,13.341664064126334,14.0356688476182,13.341664064126334,13.038404810405298,13.038404810405298,15.556349186104047,16.278820596099706,15.620499351813308,17.804493814764854,17.029386365926403,17.204650534085253,18.60107523773827,17.204650534085253,17.204650534085253,15.811388300841896,14.866068747318504,1697990077.5906892
8.0,13.601470508735444,12.806248474865697,13.038404810405298,16.0,17.0,20.615528128088304,18.60107523773827,21.095023109728988,18.027756377319946,21.377558326431952,25.495097567963924,25.553864678361276,27.16615541441225,25.709920264364882,25.495097567963924,20.808652046684813,17.4928556845359,18.35755975068582,13.0,13.892443989449806,13.601470508735444,10.0,11.180339887498949,12.165525060596437,11.180339887498949,10.63014581273465,12.529964086141668,13.92838827718412,11.180339887498949,13.152946437965904,14.142135623730951,18.439088914585778,11.704699910719626,14.0356688476182,10.44030650891055,13.341664064126334,14.0356688476182,15.231546211727817,13.416407864998739,16.15549442140351,16.643316977093235,19.4164878389476,17.204650534085253,17.804493814764854,17.804493814764854,19.4164878389476,19.4164878389476,19.209372712298546,17.029386365926403,18.027756377319946,16.278820596099706,1697990077.6007032
7.810249675906654,8.94427190999916,13.0,13.892443989449806,13.892443989449806,13.416407864998739,15.652475842498529,17.0,18.867962264113206,20.0,20.615528128088304,24.08318915758459,21.213203435596427,22.022715545545243,20.0,21.93171219946131,17.204650534085253,18.027756377319946,15.620499351813308,11.6619037896906,13.0,11.313708498984761,8.602325267042627,7.810249675906654,7.280109889280519,8.246211251235321,10.44030650891055,11.180339887498949,9.899494936611665,11.180339887498949,14.317821063276352,14.7648230602334,15.524174696260024,17.08800749063506,18.027756377319946,16.15549442140351,11.180339887498949,12.529964086141668,14.560219778561038,13.892443989449806,16.970562748477143,15.0,18.439088914585774,19.1049731745428,18.027756377319946,16.278820596099706,16.1245154965971,19.4164878389476,20.518284528683193,17.029386365926403,15.811388300841896,13.038404810405298,1697990077.6624675
12.727922061357857,7.211102550927979,13.0,13.92838827718412,12.529964086141668,12.649110640673518,17.08800749063506,18.973665961010276,21.02379604162864,20.808652046684813,19.697715603592208,22.671568097509265,23.3452350598575,22.671568097509265,21.2602916254693,22.022715545545243,19.209372712298546,14.422205101855958,14.212670403551895,14.212670403551895,11.40175425099138,12.041594578792296,9.219544457292887,10.295630140987,7.615773105863909,9.055385138137417,11.045361017187261,10.44030650891055,12.649110640673518,12.529964086141668,14.866068747318506,18.38477631085024,17.08800749063506,14.866068747318506,15.811388300841898,13.416407864998739,14.422205101855958,12.529964086141668,12.806248474865697,14.142135623730951,15.620499351813308,17.0,20.0,18.027756377319946,19.4164878389476,17.88854381999832,19.1049731745428,18.439088914585774,19.209372712298546,18.027756377319946,16.278820596099706,15.264337522473749,1697990077.6826096
7.810249675906654,11.313708498984761,13.601470508735444,15.620499351813308,13.453624047073712,16.278820596099706,17.69180601295413,18.439088914585774,21.2602916254693,18.027756377319946,21.2602916254693,22.022715545545243,22.472205054244235,21.931712199461305,20.8806130178211,22.80350850198276,23.194827009486403,17.26267650163207,13.341664064126334,14.7648230602334,8.246211251235321,13.453624047073712,12.206555615733702,10.295630140987,11.0,8.06225774829855,13.341664064126334,10.44030650891055,9.433981132056603,13.038404810405298,14.866068747318506,13.038404810405298,16.55294535724685,14.866068747318506,13.92838827718412,14.866068747318506,13.601470508735444,13.341664064126334,15.132745950421555,12.649110640673518,15.132745950421555,16.278820596099706,18.973665961010276,16.76305461424021,18.248287590894655,15.811388300841898,19.1049731745428,18.027756377319946,18.110770276274835,17.11724276862369,16.1245154965971,14.866068747318506,1697990077.6916203
9.0,12.36931687685298,13.0,21.023796041628636,14.142135623730951,14.0356688476182,17.720045146669353,17.720045146669353,20.223748416156685,19.1049731745428,21.023796041628636,24.083189157584588,23.0,23.194827009486403,21.377558326431952,22.360679774997898,19.6468827043885,16.76305461424021,16.76305461424021,15.811388300841898,12.36931687685298,12.36931687685298,9.055385138137417,12.041594578792294,9.486832980505138,10.295630140987,10.63014581273465,9.899494936611665,12.206555615733702,11.6619037896906,14.422205101855958,15.264337522473749,15.0,15.0,17.204650534085253,13.601470508735444,13.038404810405298,10.0,14.560219778561038,13.152946437965904,17.11724276862369,14.0356688476182,17.0,16.1245154965971,20.09975124224178,17.0,20.024984394500787,20.09975124224178,18.027756377319946,17.0,15.132745950421555,14.142135623730951,1697990077.7006295
10.04987562112089,11.40175425099138,14.866068747318506,16.1245154965971,16.278820596099706,16.278820596099706,19.235384061671347,20.223748416156685,22.02271554554524,22.02271554554524,23.021728866442675,24.331050121192874,24.73863375370596,25.709920264364882,23.769728648009423,25.96150997149434,20.248456731316587,19.4164878389476,15.524174696260024,15.811388300841898,13.601470508735444,14.142135623730951,13.92838827718412,11.40175425099138,13.892443989449806,10.295630140987,11.40175425099138,9.899494936611665,15.0,14.212670403551895,14.422205101855958,16.401219466856727,21.2602916254693,15.0,17.69180601295413,16.401219466856727,12.041594578792296,16.401219466856727,16.1245154965971,14.866068747318506,13.601470508735444,17.08800749063506,18.681541692269406,18.027756377319946,19.4164878389476,17.0,20.024984394500787,21.02379604162864,19.697715603592208,19.313207915827967,17.88854381999832,16.76305461424021,1697990077.7150939
9.486832980505138,11.180339887498949,14.0,15.132745950421555,16.0312195418814,16.1245154965971,20.0,19.1049731745428,21.587033144922902,21.587033144922902,22.80350850198276,25.298221281347036,22.825424421026653,24.596747752497688,21.470910553583888,21.95449840010015,19.849433241279208,19.1049731745428,18.027756377319946,14.422205101855958,10.63014581273465,11.704699910719626,10.770329614269007,9.848857801796104,10.04987562112089,9.055385138137417,10.44030650891055,10.295630140987,12.206555615733702,14.422205101855958,16.278820596099706,18.027756377319946,17.4928556845359,17.204650534085253,18.027756377319946,13.601470508735444,13.601470508735444,12.727922061357857,15.620499351813308,16.643316977093235,16.401219466856727,16.55294535724685,20.12461179749811,19.697715603592208,20.12461179749811,20.12461179749811,21.095023109728988,19.723082923316017,21.095023109728988,18.788294228055936,18.35755975068582,17.08800749063506,1697990077.728142
8.06225774829855,12.649110640673518,12.041594578792294,16.278820596099706,14.142135623730951,13.92838827718412,17.0,17.08800749063506,18.973665961010276,19.6468827043885,21.18962010041709,22.135943621178658,23.259406699226012,24.186773244895647,18.027756377319946,22.203603311174515,18.027756377319946,15.811388300841896,15.556349186104047,12.206555615733702,13.038404810405298,11.180339887498949,12.206555615733702,9.219544457292889,9.055385138137417,8.06225774829855,9.486832980505138,11.180339887498949,12.529964086141668,10.63014581273465,11.40175425099138,15.0,17.69180601295413,15.0,16.401219466856727,12.041594578792296,11.40175425099138,11.6619037896906,13.038404810405298,13.0,13.416407864998739,14.560219778561038,18.027756377319946,16.278820596099706,17.46424919657298,16.492422502470642,16.492422502470642,19.6468827043885,19.6468827043885,18.439088914585778,14.317821063276352,13.341664064126334,1697990077.7371016
8.602325267042627,6.0827625302982185,10.44030650891055,13.601470508735444,13.892443989449806,13.92838827718412,17.46424919657298,17.46424919657298,20.248456731316587,21.470910553583888,21.540659228538015,24.596747752497688,22.825424421026653,23.3238075793812,22.022715545545243,24.207436873820413,22.022715545545243,17.69180601295413,17.029386365926403,13.601470508735444,12.727922061357857,12.806248474865697,10.816653826391969,10.770329614269007,10.295630140987,10.04987562112089,11.045361017187261,12.165525060596437,12.649110640673518,13.416407864998739,13.0,14.866068747318506,18.973665961010276,15.811388300841898,18.027756377319946,13.601470508735444,13.416407864998739,13.416407864998739,14.212670403551895,14.866068747318504,15.620499351813308,16.970562748477143,18.439088914585774,17.204650534085253,17.69180601295413,17.804493814764854,19.1049731745428,19.1049731745428,18.38477631085024,17.69180601295413,17.029386365926403,15.0,1697990077.7477534
9.055385138137417,10.04987562112089,14.0356688476182,16.0312195418814,15.03329637837291,17.029386365926403,19.026297590440446,19.026297590440446,22.20360331117452,21.587033144922902,24.041630560342615,23.769728648009423,23.53720459187964,22.825424421026653,22.135943621178658,23.706539182259394,20.6155281280883,17.88854381999832,16.1245154965971,13.601470508735444,15.264337522473749,10.770329614269007,9.486832980505138,9.486832980505138,8.246211251235321,8.06225774829855,10.770329614269007,9.899494936611665,11.6619037896906,10.44030650891055,16.970562748477143,16.643316977093235,19.697715603592208,15.652475842498529,19.209372712298546,16.55294535724685,15.0,14.866068747318504,15.264337522473749,17.46424919657298,17.4928556845359,18.788294228055936,18.788294228055936,17.204650534085253,18.867962264113206,21.02379604162864,20.12461179749811,18.788294228055936,20.12461179749811,19.235384061671343,18.35755975068582,16.15549442140351,1697990077.7577636
10.44030650891055,10.63014581273465,12.806248474865697,17.029386365926403,16.643316977093235,15.811388300841896,18.38477631085024,15.0,22.825424421026653,22.47220505424423,21.470910553583888,24.596747752497688,23.40939982143925,22.80350850198276,24.73863375370596,23.345235059857504,22.360679774997898,18.027756377319946,19.026297590440446,15.132745950421555,13.341664064126334,12.36931687685298,10.44030650891055,10.770329614269007,10.0,11.313708498984761,10.295630140987,9.848857801796104,12.649110640673518,13.341664064126334,14.142135623730951,17.720045146669353,17.46424919657298,16.278820596099706,14.866068747318506,10.770329614269007,13.0,13.038404810405298,11.704699910719626,14.317821063276352,16.0312195418814,16.278820596099706,18.973665961010276,19.697715603592208,20.248456731316587,18.027756377319946,18.973665961010276,19.6468827043885,18.973665961010276,17.720045146669353,16.492422502470642,15.231546211727817,1697990077.7668333
8.06225774829855,11.0,12.36931687685298,17.0,19.1049731745428,17.720045146669353,20.615528128088304,23.0,23.021728866442675,22.02271554554524,25.317977802344327,28.0,25.317977802344327,25.495097567963924,21.840329667841555,25.709920264364882,21.213203435596427,19.924858845171276,18.973665961010276,14.560219778561038,14.142135623730951,13.92838827718412,13.341664064126334,12.36931687685298,14.317821063276352,11.40175425099138,10.295630140987,14.142135623730951,13.038404810405298,15.0,16.401219466856727,17.720045146669353,20.518284528683193,18.38477631085024,19.1049731745428,15.556349186104047,16.278820596099706,12.36931687685298,17.46424919657298,17.46424919657298,15.132745950421555,19.4164878389476,19.4164878389476,19.1049731745428,20.39607805437114,20.39607805437114,20.615528128088304,20.8806130178211,19.6468827043885,18.110770276274835,20.39607805437114,18.110770276274835,1697990077.7758448
7.810249675906654,10.295630140987,12.649110640673518,15.652475842498529,14.866068747318506,15.231546211727817,17.08800749063506,18.867962264113206,20.6155281280883,20.518284528683193,21.93171219946131,20.518284528683193,24.207436873820413,19.849433241279208,24.207436873820413,26.1725046566048,18.38477631085024,17.69180601295413,14.317821063276352,14.142135623730951,12.041594578792296,8.06225774829855,10.295630140987,12.041594578792294,12.206555615733702,10.0,7.615773105863909,14.7648230602334,9.848857801796104,10.63014581273465,16.401219466856727,17.720045146669353,15.811388300841896,17.88854381999832,15.0,13.601470508735444,14.142135623730951,9.899494936611665,11.180339887498949,13.0,15.652475842498529,14.142135623730951,15.652475842498529,14.560219778561038,16.15549442140351,14.866068747318506,16.76305461424021,17.46424919657298,16.15549442140351,17.08800749063506,14.317821063276352,14.317821063276352,1697990077.7848446
9.0,9.055385138137417,14.0356688476182,18.248287590894655,16.278820596099706,15.231546211727817,18.110770276274835,16.278820596099706,21.213203435596427,20.8806130178211,22.135943621178658,22.135943621178658,21.840329667841555,22.360679774997898,19.235384061671343,22.360679774997898,18.027756377319946,14.422205101855958,17.804493814764854,12.529964086141668,14.317821063276352,9.848857801796104,10.04987562112089,10.0,10.04987562112089,10.04987562112089,9.433981132056603,14.7648230602334,11.704699910719626,11.6619037896906,16.643316977093235,18.867962264113206,16.278820596099706,16.278820596099706,16.278820596099706,13.892443989449806,13.601470508735444,13.341664064126334,13.92838827718412,15.524174696260024,15.524174696260024,16.278820596099706,18.027756377319946,16.0312195418814,17.029386365926403,17.11724276862369,17.0,19.026297590440446,17.029386365926403,20.0,18.027756377319946,14.0356688476182,1697990077.8084347
12.529964086141668,12.041594578792296,16.278820596099706,16.401219466856727,16.401219466856727,17.029386365926403,21.2602916254693,23.3452350598575,25.495097567963924,23.60084744241189,23.706539182259394,23.259406699226012,23.08679276123039,24.041630560342615,24.041630560342615,25.0,22.360679774997898,19.924858845171276,18.248287590894655,16.1245154965971,13.341664064126334,13.0,12.08304597359457,11.6619037896906,11.40175425099138,10.63014581273465,8.94427190999916,11.704699910719626,13.341664064126334,13.038404810405298,14.317821063276352,18.248287590894655,18.439088914585778,16.278820596099706,17.46424919657298,15.132745950421555,13.152946437965904,13.038404810405298,12.041594578792294,13.152946437965904,16.0,16.15549442140351,18.38477631085024,17.88854381999832,18.38477631085024,16.15549442140351,17.46424919657298,19.026297590440446,21.540659228538015,19.026297590440446,17.46424919657298,14.317821063276352,1697990077.825121
9.219544457292889,10.0,13.038404810405298,16.0312195418814,16.0,16.0,17.029386365926403,19.026297590440446,20.024984394500787,20.223748416156685,22.360679774997898,23.345235059857504,22.80350850198276,22.472205054244235,21.540659228538015,22.847319317591726,20.12461179749811,17.4928556845359,16.1245154965971,13.892443989449806,12.08304597359457,11.704699910719626,10.44030650891055,9.055385138137417,10.0,9.219544457292889,9.848857801796104,10.0,12.041594578792296,12.727922061357857,14.142135623730951,16.278820596099706,16.970562748477143,15.556349186104047,15.620499351813308,12.727922061357857,12.041594578792296,12.206555615733702,12.529964086141668,14.866068747318506,14.317821063276352,15.524174696260024,17.46424919657298,16.278820596099706,16.492422502470642,16.278820596099706,17.46424919657298,17.720045146669353,17.46424919657298,16.492422502470642,15.811388300841898,14.142135623730951,1697990077.839161
15.0,6.0,12.165525060596437,15.0,17.46424919657298,16.1245154965971,17.204650534085253,17.4928556845359,20.0,20.615528128088304,21.2602916254693,23.3452350598575,22.671568097509265,22.203603311174515,20.808652046684813,22.203603311174515,18.35755975068582,17.4928556845359,15.652475842498529,13.416407864998739,11.6619037896906,11.40175425099138,10.63014581273465,9.219544457292887,9.433981132056603,8.246211251235321,10.04987562112089,11.045361017187261,11.180339887498949,12.649110640673518,13.341664064126334,16.76305461424021,17.11724276862369,15.132745950421555,17.26267650163207,15.132745950421555,11.704699910719626,12.08304597359457,13.038404810405298,14.422205101855958,15.811388300841896,15.620499351813308,18.38477631085024,16.278820596099706,17.69180601295413,17.029386365926403,18.439088914585774,17.69180601295413,19.1049731745428,16.970562748477143,16.401219466856727,14.212670403551895,1697990077.8521998
8.246211251235321,14.560219778561038,12.08304597359457,16.492422502470642,17.720045146669353,18.681541692269406,18.027756377319946,20.248456731316587,21.587033144922902,22.561028345356952,23.345235059857504,25.01999200639361,25.0,25.079872407968907,23.086792761230395,24.186773244895647,19.235384061671347,18.110770276274835,15.811388300841898,13.601470508735444,13.038404810405298,15.297058540778355,11.180339887498949,7.0,11.0,9.219544457292887,10.63014581273465,11.40175425099138,14.142135623730951,15.652475842498529,15.264337522473749,14.7648230602334,15.620499351813308,13.453624047073712,16.1245154965971,15.0,9.848857801796104,13.416407864998739,14.317821063276352,14.560219778561038,13.152946437965904,15.132745950421555,17.029386365926403,16.0,16.0312195418814,16.0,17.029386365926403,17.029386365926403,18.110770276274835,17.0,16.0312195418814,14.142135623730951,1697990077.86713
8.94427190999916,8.485281374238571,13.892443989449806,14.212670403551895,16.401219466856727,15.264337522473749,16.1245154965971,17.204650534085253,20.518284528683193,20.518284528683193,19.723082923316017,23.3452350598575,23.021728866442675,21.633307652783937,23.853720883753127,22.360679774997898,17.720045146669353,17.88854381999832,16.1245154965971,16.15549442140351,8.246211251235321,8.246211251235321,8.246211251235321,9.433981132056603,9.848857801796104,12.08304597359457,10.44030650891055,8.54400374531753,10.770329614269007,11.045361017187261,11.180339887498949,15.811388300841898,19.0,16.1245154965971,15.132745950421555,14.0,9.486832980505138,14.7648230602334,13.892443989449806,13.601470508735444,12.806248474865697,15.620499351813308,17.69180601295413,15.556349186104047,18.38477631085024,15.620499351813308,17.029386365926403,16.278820596099706,18.38477631085024,16.278820596099706,16.278820596099706,15.0,1697990077.8809197
15.524174696260024,12.206555615733702,14.317821063276352,12.529964086141668,17.26267650163207,15.0,19.924858845171276,21.470910553583888,20.6155281280883,21.18962010041709,21.840329667841555,23.769728648009423,22.561028345356952,23.086792761230395,21.023796041628636,23.0,18.110770276274835,17.0,13.038404810405298,12.0,11.045361017187261,14.0,9.055385138137417,9.055385138137417,8.54400374531753,8.602325267042627,9.219544457292887,10.816653826391969,10.816653826391969,12.08304597359457,11.180339887498949,15.0,17.4928556845359,13.892443989449806,13.892443989449806,13.038404810405298,11.6619037896906,10.19803902718557,12.36931687685298,14.0356688476182,13.0,15.0,15.0,15.03329637837291,17.0,16.0312195418814,16.0312195418814,17.0,16.0312195418814,16.0,15.03329637837291,14.0356688476182,1697990077.9035757
8.485281374238571,8.94427190999916,13.0,14.7648230602334,15.652475842498529,14.7648230602334,17.46424919657298,18.35755975068582,19.723082923316017,20.615528128088304,21.2602916254693,23.3452350598575,22.671568097509265,22.022715545545243,20.248456731316587,22.80350850198276,17.4928556845359,17.4928556845359,14.7648230602334,13.038404810405298,12.206555615733702,10.63014581273465,9.219544457292887,9.219544457292887,8.94427190999916,8.06225774829855,9.055385138137417,10.0,12.649110640673518,13.341664064126334,12.36931687685298,15.811388300841898,15.524174696260024,15.524174696260024,15.297058540778355,12.649110640673518,11.180339887498949,12.08304597359457,13.601470508735444,14.142135623730951,16.278820596099706,15.620499351813308,17.69180601295413,16.401219466856727,17.804493814764854,17.204650534085253,17.69180601295413,17.029386365926403,18.439088914585774,17.029386365926403,16.278820596099706,15.811388300841896,1697990077.9245434
9.219544457292887,6.4031242374328485,20.0,19.4164878389476,15.652475842498529,14.7648230602334,17.204650534085253,22.627416997969522,22.360679774997898,21.540659228538015,22.360679774997898,26.0,25.079872407968903,23.769728648009426,23.769728648009423,24.73863375370596,20.615528128088304,17.11724276862369,17.26267650163207,14.0356688476182,10.44030650891055,13.416407864998739,9.848857801796104,9.433981132056603,10.0,10.816653826391969,11.40175425099138,10.04987562112089,12.041594578792294,13.0,15.0,17.0,19.026297590440446,18.110770276274835,15.297058540778355,15.03329637837291,15.03329637837291,14.317821063276352,14.866068747318506,18.35755975068582,15.652475842498529,19.209372712298546,17.88854381999832,19.723082923316017,19.723082923316017,19.723082923316017,21.95449840010015,18.973665961010276,21.095023109728988,18.027756377319946,18.867962264113206,17.029386365926403,1697990077.9325423
3.6055512754639896,5.8309518948453,12.727922061357857,13.341664064126334,14.866068747318504,17.4928556845359,16.401219466856727,15.264337522473749,18.35755975068582,21.633307652783937,19.6468827043885,21.931712199461305,21.840329667841555,21.587033144922902,20.39607805437114,20.615528128088304,19.026297590440446,15.132745950421555,15.132745950421555,13.038404810405298,10.44030650891055,11.180339887498949,8.54400374531753,7.615773105863909,7.810249675906654,7.615773105863909,7.615773105863909,10.04987562112089,10.44030650891055,11.0,12.041594578792294,15.0,16.0312195418814,13.038404810405298,14.142135623730951,12.041594578792294,11.045361017187261,11.40175425099138,10.295630140987,13.892443989449806,14.317821063276352,13.0,15.652475842498529,15.811388300841896,16.1245154965971,16.643316977093235,17.0,16.1245154965971,16.1245154965971,15.811388300841896,16.401219466856727,15.0,1697990077.9479957
8.06225774829855,11.180339887498949,13.892443989449806,15.03329637837291,18.248287590894655,16.15549442140351,16.76305461424021,19.026297590440446,20.39607805437114,19.6468827043885,22.360679774997898,23.53720459187964,23.08679276123039,22.472205054244235,21.540659228538015,23.259406699226012,19.723082923316017,16.643316977093235,14.422205101855958,13.601470508735444,13.038404810405298,11.180339887498949,9.486832980505138,9.219544457292889,9.0,10.19803902718557,8.94427190999916,9.848857801796104,13.453624047073712,11.40175425099138,12.806248474865697,14.212670403551895,15.811388300841896,13.038404810405298,15.620499351813308,8.602325267042627,10.63014581273465,13.453624047073712,13.892443989449806,13.601470508735444,15.811388300841896,14.560219778561038,14.866068747318506,16.15549442140351,15.811388300841898,16.15549442140351,17.46424919657298,17.0,17.08800749063506,16.15549442140351,14.7648230602334,13.92838827718412,1697990077.956994
8.06225774829855,11.180339887498949,13.892443989449806,15.03329637837291,18.248287590894655,16.15549442140351,16.76305461424021,19.026297590440446,20.39607805437114,19.6468827043885,22.360679774997898,23.53720459187964,23.08679276123039,22.472205054244235,21.540659228538015,23.259406699226012,19.723082923316017,16.643316977093235,14.422205101855958,13.601470508735444,13.038404810405298,11.180339887498949,9.486832980505138,9.219544457292889,9.0,10.19803902718557,8.94427190999916,9.848857801796104,13.453624047073712,11.40175425099138,12.806248474865697,14.212670403551895,15.811388300841896,13.038404810405298,15.620499351813308,8.602325267042627,10.63014581273465,13.453624047073712,13.892443989449806,13.601470508735444,15.811388300841896,14.560219778561038,14.866068747318506,16.15549442140351,15.811388300841898,16.15549442140351,17.46424919657298,17.0,17.08800749063506,16.15549442140351,14.7648230602334,13.92838827718412,1697990077.9762182
8.06225774829855,12.041594578792294,15.524174696260024,15.524174696260024,15.03329637837291,18.110770276274835,16.76305461424021,15.03329637837291,23.021728866442675,24.0,24.0,26.076809620810597,24.515301344262525,25.0,25.298221281347036,25.63201123595259,19.723082923316017,21.377558326431952,13.416407864998739,13.038404810405298,13.038404810405298,15.03329637837291,9.486832980505138,9.055385138137417,9.219544457292889,11.180339887498949,12.08304597359457,11.40175425099138,13.453624047073712,16.278820596099706,14.212670403551895,15.620499351813308,20.0,16.643316977093235,17.804493814764854,15.264337522473749,13.601470508735444,12.206555615733702,13.416407864998739,14.317821063276352,17.08800749063506,16.76305461424021,20.248456731316587,18.973665961010276,18.973665961010276,20.248456731316587,19.697715603592208,19.313207915827967,20.6155281280883,19.313207915827967,18.38477631085024,16.492422502470642,1697990077.9852195
11.40175425099138,7.211102550927979,12.529964086141668,13.92838827718412,15.652475842498529,14.7648230602334,18.867962264113206,15.811388300841896,23.021728866442675,24.0,24.596747752497688,22.561028345356952,23.194827009486403,21.095023109728984,19.0,22.02271554554524,18.248287590894655,18.248287590894655,16.1245154965971,14.142135623730951,11.045361017187261,11.0,8.06225774829855,10.770329614269007,8.06225774829855,8.485281374238571,8.602325267042627,11.6619037896906,13.416407864998739,11.704699910719626,12.649110640673518,17.46424919657298,15.524174696260024,13.601470508735444,17.46424919657298,13.341664064126334,11.40175425099138,13.038404810405298,15.03329637837291,13.152946437965904,14.0356688476182,13.341664064126334,18.439088914585778,16.15549442140351,17.720045146669353,16.76305461424021,17.26267650163207,19.235384061671347,18.681541692269406,16.492422502470642,16.278820596099706,14.560219778561038,1697990077.9950814
8.0,13.0,14.142135623730951,15.03329637837291,16.278820596099706,14.317821063276352,20.223748416156685,21.0,22.02271554554524,22.090722034374522,24.083189157584588,25.0,24.331050121192874,23.08679276123039,24.041630560342615,24.041630560342615,20.591260281974,16.55294535724685,17.0,16.15549442140351,9.486832980505138,11.40175425099138,8.246211251235321,7.0710678118654755,7.615773105863909,10.770329614269007,10.816653826391969,9.433981132056603,12.206555615733702,12.529964086141668,14.866068747318504,17.46424919657298,17.029386365926403,15.620499351813308,17.69180601295413,16.278820596099706,13.038404810405298,13.416407864998739,17.08800749063506,16.492422502470642,17.720045146669353,17.11724276862369,19.235384061671347,18.110770276274835,19.235384061671347,19.026297590440446,20.39607805437114,19.235384061671347,20.39607805437114,18.248287590894655,18.248287590894655,16.0312195418814,1697990078.0050972
5.385164807134504,15.0,21.18962010041709,13.0,17.804493814764854,16.643316977093235,20.223748416156685,24.207436873820413,24.758836806279895,23.430749027719962,22.671568097509265,27.018512172212596,26.907248094147423,25.612496949731394,23.60084744241189,23.853720883753127,21.95449840010015,19.235384061671343,17.0,14.317821063276352,13.038404810405298,13.038404810405298,11.313708498984761,11.40175425099138,10.295630140987,9.486832980505138,13.152946437965904,13.038404810405298,14.0356688476182,13.341664064126334,16.492422502470642,17.11724276862369,17.46424919657298,17.26267650163207,16.492422502470642,16.76305461424021,13.341664064126334,14.866068747318506,16.55294535724685,15.811388300841896,16.401219466856727,20.0,19.209372712298546,16.970562748477143,18.439088914585774,19.209372712298546,20.808652046684813,18.60107523773827,19.79898987322333,19.209372712298546,17.029386365926403,17.69180601295413,1697990078.0130963
9.055385138137417,9.055385138137417,11.045361017187261,14.142135623730951,14.142135623730951,14.142135623730951,16.1245154965971,18.110770276274835,19.026297590440446,19.0,20.024984394500787,23.086792761230395,21.377558326431952,20.615528128088304,19.6468827043885,20.8806130178211,17.46424919657298,17.88854381999832,13.416407864998739,12.08304597359457,10.44030650891055,13.038404810405298,9.219544457292889,8.94427190999916,7.615773105863909,7.810249675906654,10.0,12.727922061357857,11.6619037896906,13.601470508735444,12.806248474865697,15.0,15.556349186104047,15.0,13.601470508735444,10.63014581273465,13.341664064126334,13.601470508735444,12.649110640673518,12.649110640673518,15.524174696260024,14.142135623730951,17.11724276862369,15.03329637837291,17.029386365926403,16.1245154965971,17.26267650163207,16.278820596099706,17.11724276862369,16.0312195418814,15.132745950421555,14.0,1697990078.02361
12.08304597359457,10.816653826391969,13.892443989449806,12.36931687685298,14.317821063276352,16.401219466856727,21.400934559032695,16.401219466856727,21.095023109728988,20.6155281280883,21.18962010041709,24.351591323771842,24.041630560342615,22.561028345356952,21.213203435596427,24.083189157584588,20.0,17.0,14.0356688476182,13.0,12.041594578792294,11.40175425099138,10.19803902718557,10.295630140987,10.295630140987,9.899494936611665,10.0,12.529964086141668,14.866068747318506,13.92838827718412,14.560219778561038,16.492422502470642,17.46424919657298,15.231546211727817,17.46424919657298,14.317821063276352,12.165525060596437,12.36931687685298,13.0,13.0,16.0312195418814,15.03329637837291,18.110770276274835,17.0,19.1049731745428,18.110770276274835,19.026297590440446,18.0,19.026297590440446,18.110770276274835,19.0,14.0356688476182,1697990078.031609
8.246211251235321,13.152946437965904,14.422205101855958,18.027756377319946,15.231546211727817,19.4164878389476,16.1245154965971,17.720045146669353,22.80350850198276,21.587033144922902,22.80350850198276,26.1725046566048,25.0,25.01999200639361,24.331050121192874,25.317977802344327,19.924858845171276,19.235384061671347,19.4164878389476,17.720045146669353,12.0,12.041594578792294,12.36931687685298,9.219544457292889,13.416407864998739,11.180339887498949,13.892443989449806,12.806248474865697,13.0,13.601470508735444,10.63014581273465,17.4928556845359,19.209372712298546,15.0,14.866068747318504,13.416407864998739,11.6619037896906,14.212670403551895,13.892443989449806,16.0,15.297058540778355,18.0,19.235384061671347,19.026297590440446,20.223748416156685,18.110770276274835,21.587033144922902,19.235384061671347,18.439088914585778,19.235384061671347,16.492422502470642,16.0,1697990078.0436432
16.55294535724685,10.0,13.152946437965904,14.142135623730951,13.038404810405298,17.0,17.0,23.345235059857504,19.235384061671347,21.377558326431952,21.377558326431952,21.840329667841555,21.540659228538015,21.02379604162864,19.723082923316017,20.591260281974,18.027756377319946,16.401219466856727,15.0,12.206555615733702,11.6619037896906,9.848857801796104,9.486832980505138,9.055385138137417,9.0,9.219544457292889,9.486832980505138,10.295630140987,12.206555615733702,12.806248474865697,13.601470508735444,15.620499351813308,16.643316977093235,15.264337522473749,15.264337522473749,13.892443989449806,12.806248474865697,13.453624047073712,13.601470508735444,15.264337522473749,15.811388300841896,16.643316977093235,18.35755975068582,17.4928556845359,18.867962264113206,17.4928556845359,18.867962264113206,18.027756377319946,18.867962264113206,17.4928556845359,15.811388300841896,14.7648230602334,1697990078.0620973
7.211102550927979,9.055385138137417,15.03329637837291,16.492422502470642,14.560219778561038,17.46424919657298,18.681541692269406,18.973665961010276,21.02379604162864,20.12461179749811,22.360679774997898,21.95449840010015,23.60084744241189,22.80350850198276,22.022715545545243,22.022715545545243,19.79898987322333,15.556349186104047,17.804493814764854,15.620499351813308,11.40175425099138,11.40175425099138,9.486832980505138,8.06225774829855,9.486832980505138,7.280109889280519,11.0,10.04987562112089,12.649110640673518,10.816653826391969,13.92838827718412,17.46424919657298,17.88854381999832,16.492422502470642,14.866068747318506,16.55294535724685,11.704699910719626,12.806248474865697,17.029386365926403,14.866068747318504,15.264337522473749,15.556349186104047,18.439088914585774,17.204650534085253,17.804493814764854,17.204650534085253,19.209372712298546,18.38477631085024,20.0,17.804493814764854,17.69180601295413,14.422205101855958,1697990078.070105
8.06225774829855,6.0827625302982185,12.529964086141668,17.720045146669353,15.811388300841896,17.4928556845359,19.697715603592208,17.88854381999832,20.0,21.2602916254693,21.2602916254693,24.041630560342618,22.671568097509265,21.400934559032695,21.633307652783937,22.47220505424423,19.235384061671343,17.88854381999832,15.652475842498529,14.317821063276352,12.529964086141668,10.816653826391969,10.0,8.485281374238571,9.433981132056603,8.246211251235321,10.04987562112089,10.04987562112089,12.165525060596437,13.341664064126334,13.152946437965904,16.278820596099706,17.11724276862369,16.0312195418814,15.03329637837291,13.152946437965904,12.36931687685298,11.704699910719626,13.416407864998739,15.0,16.1245154965971,16.401219466856727,18.60107523773827,17.029386365926403,17.804493814764854,17.029386365926403,18.027756377319946,18.027756377319946,18.60107523773827,17.204650534085253,16.643316977093235,14.866068747318504,1697990078.08688
13.416407864998739,12.165525060596437,13.038404810405298,17.720045146669353,16.0,15.03329637837291,17.11724276862369,20.615528128088304,23.194827009486403,22.561028345356952,25.0,25.298221281347036,25.63201123595259,23.769728648009426,23.259406699226012,25.059928172283335,21.095023109728988,18.867962264113206,17.4928556845359,16.1245154965971,13.416407864998739,12.649110640673518,10.770329614269007,11.045361017187261,10.04987562112089,10.19803902718557,12.206555615733702,11.6619037896906,10.63014581273465,13.601470508735444,16.278820596099706,16.278820596099706,17.804493814764854,17.029386365926403,17.029386365926403,12.206555615733702,12.727922061357857,13.453624047073712,13.038404810405298,14.560219778561038,17.46424919657298,18.38477631085024,18.973665961010276,18.681541692269406,20.615528128088304,18.681541692269406,19.6468827043885,19.924858845171276,19.924858845171276,18.681541692269406,16.76305461424021,16.278820596099706,1697990078.095854
8.54400374531753,9.055385138137417,13.0,13.038404810405298,15.03329637837291,18.027756377319946,16.1245154965971,18.973665961010276,18.439088914585778,18.681541692269406,21.213203435596427,20.591260281974,18.35755975068582,21.470910553583888,23.3238075793812,17.4928556845359,19.849433241279208,15.811388300841896,17.804493814764854,12.206555615733702,11.40175425099138,10.0,9.219544457292887,8.06225774829855,10.04987562112089,9.486832980505138,9.219544457292889,13.601470508735444,11.40175425099138,11.40175425099138,16.643316977093235,17.46424919657298,18.35755975068582,15.264337522473749,16.1245154965971,12.08304597359457,10.295630140987,11.40175425099138,10.63014581273465,16.278820596099706,17.204650534085253,16.643316977093235,18.60107523773827,18.027756377319946,17.204650534085253,17.029386365926403,19.209372712298546,18.439088914585774,18.439088914585774,17.029386365926403,15.620499351813308,15.264337522473749,1697990078.1058588
8.54400374531753,9.055385138137417,12.165525060596437,13.341664064126334,15.132745950421555,14.142135623730951,16.76305461424021,18.027756377319946,19.313207915827967,20.12461179749811,19.313207915827967,22.360679774997898,21.095023109728988,21.633307652783937,20.615528128088304,20.615528128088304,17.69180601295413,15.556349186104047,13.453624047073712,12.806248474865697,9.899494936611665,10.0,9.433981132056603,9.219544457292889,8.06225774829855,9.0,9.219544457292889,8.94427190999916,13.038404810405298,13.038404810405298,13.038404810405298,16.55294535724685,17.46424919657298,14.866068747318506,14.560219778561038,11.180339887498949,12.806248474865697,13.601470508735444,15.0,15.0,14.422205101855958,17.029386365926403,18.60107523773827,17.204650534085253,17.804493814764854,17.804493814764854,18.439088914585774,18.439088914585774,19.209372712298546,17.204650534085253,16.401219466856727,14.7648230602334,1697990078.1143627
10.0,18.681541692269406,14.142135623730951,13.601470508735444,16.492422502470642,16.76305461424021,18.973665961010276,18.973665961010276,21.540659228538015,20.591260281974,21.95449840010015,23.60084744241189,22.022715545545243,22.022715545545243,23.3452350598575,22.671568097509265,19.1049731745428,17.029386365926403,14.866068747318504,14.866068747318504,10.63014581273465,11.180339887498949,11.180339887498949,8.94427190999916,8.246211251235321,11.40175425099138,10.19803902718557,8.94427190999916,13.0,10.19803902718557,15.0,15.231546211727817,16.55294535724685,16.15549442140351,16.15549442140351,13.0,13.892443989449806,12.206555615733702,14.142135623730951,14.866068747318504,12.727922061357857,17.029386365926403,18.60107523773827,17.804493814764854,18.60107523773827,18.027756377319946,19.209372712298546,17.804493814764854,18.60107523773827,17.029386365926403,16.278820596099706,14.7648230602334,1697990078.1227756
8.54400374531753,18.681541692269406,11.0,18.60107523773827,15.231546211727817,16.643316977093235,17.204650534085253,17.0,21.02379604162864,20.615528128088304,24.041630560342615,25.0,24.331050121192874,23.086792761230395,23.021728866442675,23.021728866442675,20.024984394500787,18.027756377319946,16.0312195418814,14.0,13.0,12.041594578792294,11.0,10.44030650891055,10.295630140987,9.219544457292887,10.63014581273465,12.08304597359457,13.0,13.601470508735444,14.866068747318506,16.55294535724685,18.867962264113206,14.317821063276352,17.204650534085253,13.92838827718412,13.0,11.704699910719626,16.278820596099706,16.0312195418814,19.1049731745428,17.029386365926403,19.0,18.027756377319946,18.0,17.029386365926403,20.024984394500787,18.110770276274835,20.09975124224178,18.027756377319946,17.11724276862369,15.03329637837291,1697990078.1307757
6.4031242374328485,11.40175425099138,17.0,13.601470508735444,16.643316977093235,17.0,13.892443989449806,14.7648230602334,19.723082923316017,19.1049731745428,19.235384061671343,21.213203435596427,22.022715545545243,21.2602916254693,21.2602916254693,21.2602916254693,18.867962264113206,16.1245154965971,13.601470508735444,12.08304597359457,13.892443989449806,10.63014581273465,9.219544457292887,7.810249675906654,5.8309518948453,9.219544457292887,9.219544457292889,13.038404810405298,11.0,13.341664064126334,13.341664064126334,17.11724276862369,18.248287590894655,15.132745950421555,15.524174696260024,12.041594578792294,12.649110640673518,15.231546211727817,16.55294535724685,14.142135623730951,16.643316977093235,15.556349186104047,18.60107523773827,16.278820596099706,18.0,14.866068747318504,18.867962264113206,19.235384061671343,18.439088914585774,16.970562748477143,16.970562748477143,14.866068747318504,1697990078.1442053
10.770329614269007,12.529964086141668,15.264337522473749,17.0,16.55294535724685,17.46424919657298,18.35755975068582,20.6155281280883,21.18962010041709,22.135943621178658,22.847319317591726,25.0,23.53720459187964,23.194827009486403,23.021728866442675,23.0,21.095023109728984,19.235384061671347,17.029386365926403,14.0356688476182,13.152946437965904,13.152946437965904,12.165525060596437,10.0,13.892443989449806,12.041594578792296,9.219544457292889,9.848857801796104,14.7648230602334,13.416407864998739,13.892443989449806,20.12461179749811,20.0,17.4928556845359,18.027756377319946,15.652475842498529,12.649110640673518,15.811388300841898,16.278820596099706,17.11724276862369,19.4164878389476,18.0,20.0,19.0,20.024984394500787,19.026297590440446,20.09975124224178,20.09975124224178,20.0,19.0,18.027756377319946,16.0312195418814,1697990078.163428
10.0,12.36931687685298,13.92838827718412,15.524174696260024,16.492422502470642,17.720045146669353,17.46424919657298,19.235384061671347,21.023796041628636,23.021728866442675,23.086792761230395,23.021728866442675,25.495097567963924,23.194827009486403,24.041630560342615,22.135943621178658,21.840329667841555,19.235384061671347,16.1245154965971,15.811388300841898,13.601470508735444,13.152946437965904,13.038404810405298,8.246211251235321,10.770329614269007,11.40175425099138,11.6619037896906,12.08304597359457,15.556349186104047,15.556349186104047,14.866068747318504,19.849433241279208,18.027756377319946,18.027756377319946,15.620499351813308,16.401219466856727,12.649110640673518,15.811388300841898,15.811388300841898,14.317821063276352,11.6619037896906,18.788294228055936,18.38477631085024,17.08800749063506,18.38477631085024,18.027756377319946,18.788294228055936,19.697715603592208,19.697715603592208,16.55294535724685,15.264337522473749,16.15549442140351,1697990078.17509
10.816653826391969,13.0,14.866068747318506,16.55294535724685,17.46424919657298,18.027756377319946,20.248456731316587,21.931712199461305,22.825424421026653,23.3238075793812,24.69817807045694,28.0178514522438,26.1725046566048,25.455844122715714,24.08318915758459,24.08318915758459,20.808652046684813,19.4164878389476,17.204650534085253,15.0,14.212670403551895,12.041594578792296,12.041594578792296,10.816653826391969,10.44030650891055,10.04987562112089,10.19803902718557,13.601470508735444,15.556349186104047,14.317821063276352,18.027756377319946,20.12461179749811,20.8806130178211,18.439088914585778,18.681541692269406,16.492422502470642,15.231546211727817,15.652475842498529,17.4928556845359,14.422205101855958,17.4928556845359,18.439088914585774,18.38477631085024,20.518284528683193,19.79898987322333,20.518284528683193,20.518284528683193,21.213203435596427,21.93171219946131,19.79898987322333,18.38477631085024,17.804493814764854,1697990078.190733
14.0356688476182,10.04987562112089,16.15549442140351,19.026297590440446,16.76305461424021,19.6468827043885,15.652475842498529,17.46424919657298,20.39607805437114,23.345235059857504,23.194827009486403,25.079872407968907,24.020824298928627,23.194827009486403,23.345235059857504,23.194827009486403,19.4164878389476,19.4164878389476,14.317821063276352,15.811388300841898,13.341664064126334,13.152946437965904,11.045361017187261,11.0,10.19803902718557,10.770329614269007,10.816653826391969,10.63014581273465,13.453624047073712,12.806248474865697,16.1245154965971,18.439088914585774,17.69180601295413,16.401219466856727,17.029386365926403,14.142135623730951,12.806248474865697,13.892443989449806,14.317821063276352,15.297058540778355,16.55294535724685,16.492422502470642,18.681541692269406,16.492422502470642,18.973665961010276,16.76305461424021,18.439088914585778,17.720045146669353,18.439088914585778,16.492422502470642,15.524174696260024,15.132745950421555,1697990078.1997485
13.453624047073712,11.704699910719626,17.08800749063506,10.63014581273465,14.866068747318504,17.46424919657298,17.029386365926403,17.0,20.0,23.345235059857504,23.194827009486403,26.248809496813372,25.238858928247925,21.633307652783937,20.591260281974,21.095023109728988,18.788294228055936,18.38477631085024,14.317821063276352,13.92838827718412,12.08304597359457,10.816653826391969,10.0,7.810249675906654,9.848857801796104,9.848857801796104,11.180339887498949,11.045361017187261,13.038404810405298,13.0,16.0,17.0,18.027756377319946,17.26267650163207,17.26267650163207,15.132745950421555,11.045361017187261,14.142135623730951,13.341664064126334,14.560219778561038,16.492422502470642,16.76305461424021,18.38477631085024,17.46424919657298,17.46424919657298,17.0,17.46424919657298,18.38477631085024,18.027756377319946,17.46424919657298,16.76305461424021,14.7648230602334,1697990078.2077472
4.0,13.038404810405298,13.038404810405298,19.697715603592208,19.0,13.0,15.811388300841898,16.15549442140351,21.18962010041709,21.931712199461305,22.847319317591726,24.16609194718914,24.413111231467404,23.430749027719962,22.80350850198276,22.80350850198276,19.1049731745428,17.029386365926403,15.620499351813308,12.806248474865697,13.453624047073712,11.40175425099138,12.206555615733702,10.770329614269007,8.602325267042627,11.180339887498949,10.0,10.44030650891055,13.601470508735444,17.08800749063506,12.36931687685298,17.46424919657298,18.681541692269406,17.46424919657298,17.46424919657298,15.811388300841898,13.601470508735444,14.317821063276352,15.264337522473749,15.264337522473749,18.027756377319946,17.029386365926403,18.439088914585774,18.439088914585774,19.1049731745428,18.439088914585774,20.0,19.209372712298546,20.0,17.804493814764854,17.204650534085253,15.556349186104047,1697990078.2162578
14.866068747318504,12.041594578792296,16.492422502470642,20.8806130178211,17.46424919657298,13.92838827718412,23.259406699226012,18.38477631085024,21.470910553583888,21.470910553583888,23.706539182259394,26.076809620810597,24.207436873820413,23.3452350598575,21.93171219946131,23.3452350598575,21.400934559032695,18.027756377319946,17.204650534085253,16.401219466856727,13.601470508735444,12.041594578792296,11.40175425099138,11.180339887498949,13.0,12.165525060596437,13.038404810405298,13.038404810405298,16.278820596099706,16.76305461424021,16.278820596099706,17.720045146669353,18.681541692269406,18.110770276274835,17.029386365926403,13.601470508735444,15.811388300841898,14.866068747318506,16.55294535724685,17.204650534085253,16.55294535724685,18.60107523773827,18.867962264113206,18.60107523773827,19.4164878389476,18.439088914585774,20.808652046684813,19.723082923316017,20.248456731316587,18.027756377319946,18.35755975068582,16.401219466856727,1697990078.227132
13.038404810405298,15.03329637837291,14.142135623730951,20.8806130178211,16.0312195418814,15.03329637837291,19.026297590440446,21.023796041628636,21.023796041628636,21.023796041628636,22.090722034374522,23.345235059857504,21.840329667841555,21.840329667841555,23.40939982143925,21.931712199461305,18.38477631085024,16.15549442140351,15.652475842498529,13.892443989449806,11.180339887498949,11.704699910719626,10.44030650891055,12.041594578792294,10.04987562112089,10.04987562112089,9.848857801796104,13.416407864998739,12.206555615733702,13.038404810405298,13.892443989449806,16.401219466856727,16.1245154965971,15.811388300841896,15.231546211727817,14.560219778561038,12.041594578792296,12.727922061357857,13.453624047073712,14.422205101855958,15.0,15.264337522473749,18.35755975068582,16.1245154965971,17.4928556845359,18.35755975068582,16.643316977093235,17.204650534085253,18.027756377319946,16.1245154965971,15.0,14.317821063276352,1697990078.235129
5.8309518948453,7.615773105863909,15.297058540778355,18.867962264113206,17.08800749063506,14.866068747318506,19.235384061671347,22.135943621178658,20.248456731316587,21.931712199461305,22.847319317591726,24.186773244895647,23.853720883753127,22.47220505424423,21.400934559032695,23.021728866442675,19.849433241279208,20.518284528683193,16.643316977093235,15.0,12.041594578792296,9.433981132056603,11.180339887498949,10.19803902718557,10.04987562112089,9.0,13.601470508735444,13.0,13.601470508735444,13.038404810405298,14.866068747318506,15.264337522473749,16.55294535724685,15.811388300841896,14.7648230602334,14.7648230602334,13.601470508735444,13.038404810405298,11.313708498984761,12.529964086141668,14.317821063276352,15.652475842498529,15.231546211727817,18.788294228055936,16.55294535724685,20.223748416156685,22.825424421026653,18.38477631085024,19.313207915827967,14.560219778561038,16.15549442140351,15.297058540778355,1697990078.2431304
11.180339887498949,12.206555615733702,14.866068747318504,15.0,16.401219466856727,16.278820596099706,17.204650534085253,20.615528128088304,21.633307652783937,20.12461179749811,22.825424421026653,24.16609194718914,21.18962010041709,23.40939982143925,23.53720459187964,21.840329667841555,19.235384061671347,19.0,18.439088914585778,14.142135623730951,11.704699910719626,11.704699910719626,9.486832980505138,9.219544457292887,10.63014581273465,11.6619037896906,12.529964086141668,10.770329614269007,12.041594578792294,16.1245154965971,17.11724276862369,16.492422502470642,14.317821063276352,15.811388300841898,17.46424919657298,13.341664064126334,13.152946437965904,11.0,13.0,14.866068747318506,17.720045146669353,16.76305461424021,18.027756377319946,17.08800749063506,18.35755975068582,17.46424919657298,15.652475842498529,21.02379604162864,20.09975124224178,17.0,15.811388300841898,15.264337522473749,1697990078.261131
11.40175425099138,11.180339887498949,18.027756377319946,15.0,18.973665961010276,15.264337522473749,20.248456731316587,19.4164878389476,22.561028345356952,24.331050121192874,25.317977802344327,27.073972741361768,24.020824298928627,25.079872407968907,23.53720459187964,26.476404589747453,20.8806130178211,18.788294228055936,19.313207915827967,13.601470508735444,13.601470508735444,12.36931687685298,10.0,10.0,13.416407864998739,9.219544457292889,13.92838827718412,10.770329614269007,15.0,16.1245154965971,12.806248474865697,16.492422502470642,19.849433241279208,18.60107523773827,18.35755975068582,13.341664064126334,14.866068747318504,13.453624047073712,14.212670403551895,15.811388300841896,16.278820596099706,16.1245154965971,19.723082923316017,18.788294228055936,18.35755975068582,18.788294228055936,19.723082923316017,19.4164878389476,18.60107523773827,18.027756377319946,18.60107523773827,16.55294535724685,1697990078.2691293
11.704699910719626,8.06225774829855,9.219544457292887,21.023796041628636,18.973665961010276,20.09975124224178,20.223748416156685,23.53720459187964,23.345235059857504,23.345235059857504,24.041630560342615,25.63201123595259,25.495097567963924,25.942243542145697,24.69817807045694,23.853720883753127,20.808652046684813,20.0,17.804493814764854,15.620499351813308,14.422205101855958,13.416407864998739,10.770329614269007,12.649110640673518,12.165525060596437,12.041594578792294,13.341664064126334,11.704699910719626,13.92838827718412,15.652475842498529,17.08800749063506,19.235384061671343,18.027756377319946,19.313207915827967,19.235384061671347,17.720045146669353,15.231546211727817,14.422205101855958,15.0,15.556349186104047,15.811388300841896,17.69180601295413,19.1049731745428,19.1049731745428,19.1049731745428,19.1049731745428,19.849433241279208,21.2602916254693,19.79898987322333,18.38477631085024,17.69180601295413,16.401219466856727,1697990078.300123
15.03329637837291,8.06225774829855,16.1245154965971,21.18962010041709,14.0356688476182,16.76305461424021,17.0,19.6468827043885,22.360679774997898,23.53720459187964,25.709920264364882,26.92582403567252,26.248809496813376,26.0,23.769728648009426,24.69817807045694,21.633307652783937,17.4928556845359,20.0,17.0,15.0,13.416407864998739,9.486832980505138,10.19803902718557,9.055385138137417,10.19803902718557,10.19803902718557,13.416407864998739,13.892443989449806,14.142135623730951,17.204650534085253,19.1049731745428,20.12461179749811,17.0,17.029386365926403,15.556349186104047,12.806248474865697,13.453624047073712,14.7648230602334,17.46424919657298,15.264337522473749,17.88854381999832,18.027756377319946,18.027756377319946,18.973665961010276,18.38477631085024,18.973665961010276,18.38477631085024,18.973665961010276,17.720045146669353,15.811388300841898,15.132745950421555,1697990078.313117
7.615773105863909,17.204650534085253,16.0312195418814,18.439088914585778,20.248456731316587,14.0356688476182,19.4164878389476,18.788294228055936,21.540659228538015,24.186773244895647,24.413111231467404,22.203603311174515,26.248809496813376,24.08318915758459,24.207436873820413,26.907248094147423,23.60084744241189,17.804493814764854,15.811388300841896,13.453624047073712,14.866068747318504,11.313708498984761,10.295630140987,11.704699910719626,10.770329614269007,12.0,10.19803902718557,12.165525060596437,13.92838827718412,15.03329637837291,17.204650534085253,19.1049731745428,18.681541692269406,17.11724276862369,13.152946437965904,12.529964086141668,12.649110640673518,14.7648230602334,13.601470508735444,14.422205101855958,15.264337522473749,15.264337522473749,19.1049731745428,16.970562748477143,19.849433241279208,17.69180601295413,20.615528128088304,18.439088914585774,19.209372712298546,17.029386365926403,16.401219466856727,14.866068747318504,1697990078.3216293
14.866068747318506,15.264337522473749,13.601470508735444,14.212670403551895,14.212670403551895,20.615528128088304,18.60107523773827,18.788294228055936,22.47220505424423,24.69817807045694,25.553864678361276,28.23118842698621,25.63201123595259,25.0,25.709920264364882,23.769728648009423,22.360679774997898,21.095023109728984,18.110770276274835,17.0,14.142135623730951,12.165525060596437,9.848857801796104,11.180339887498949,11.40175425099138,10.0,11.6619037896906,12.165525060596437,14.866068747318506,15.132745950421555,16.76305461424021,18.027756377319946,17.08800749063506,16.15549442140351,16.76305461424021,13.601470508735444,13.152946437965904,13.038404810405298,16.1245154965971,16.492422502470642,16.1245154965971,18.439088914585778,17.720045146669353,18.027756377319946,18.973665961010276,18.027756377319946,19.6468827043885,19.6468827043885,18.681541692269406,18.027756377319946,16.76305461424021,15.652475842498529,1697990078.3301826
11.045361017187261,14.422205101855958,14.317821063276352,14.212670403551895,19.4164878389476,20.615528128088304,18.60107523773827,23.021728866442675,24.186773244895647,25.079872407968903,27.313000567495326,28.23118842698621,27.892651361962706,26.68332812825267,25.179356624028344,27.16615541441225,23.021728866442675,22.02271554554524,18.027756377319946,18.027756377319946,15.132745950421555,13.152946437965904,11.045361017187261,13.0,13.416407864998739,12.206555615733702,11.313708498984761,14.212670403551895,14.866068747318506,17.08800749063506,16.76305461424021,20.12461179749811,20.615528128088304,17.204650534085253,18.439088914585774,13.601470508735444,14.7648230602334,16.1245154965971,16.76305461424021,15.132745950421555,18.38477631085024,17.26267650163207,19.6468827043885,18.248287590894655,18.973665961010276,18.110770276274835,18.439088914585778,19.4164878389476,20.615528128088304,19.1049731745428,15.811388300841898,17.029386365926403,1697990078.339194
11.6619037896906,11.704699910719626,14.7648230602334,13.92838827718412,14.560219778561038,16.1245154965971,17.46424919657298,21.587033144922902,20.8806130178211,22.472205054244235,23.769728648009426,24.596747752497688,22.203603311174515,24.413111231467404,24.186773244895647,22.80350850198276,19.209372712298546,21.213203435596427,13.453624047073712,14.212670403551895,11.40175425099138,8.94427190999916,8.06225774829855,6.708203932499369,10.19803902718557,10.19803902718557,10.770329614269007,13.0,11.6619037896906,13.0,15.264337522473749,14.7648230602334,17.0,15.231546211727817,16.15549442140351,11.704699910719626,12.041594578792296,13.038404810405298,13.453624047073712,13.453624047073712,16.401219466856727,17.46424919657298,17.204650534085253,15.264337522473749,16.1245154965971,15.264337522473749,15.264337522473749,16.1245154965971,16.643316977093235,15.264337522473749,14.422205101855958,13.0,1697990078.352983
12.206555615733702,15.620499351813308,13.601470508735444,17.69180601295413,19.849433241279208,17.204650534085253,20.518284528683193,23.430749027719962,23.430749027719962,22.472205054244235,23.60084744241189,27.29468812791236,26.0,24.413111231467404,22.80350850198276,26.248809496813376,22.847319317591726,19.4164878389476,15.0,15.524174696260024,13.601470508735444,11.704699910719626,11.704699910719626,9.486832980505138,10.0,10.816653826391969,13.038404810405298,11.180339887498949,10.04987562112089,15.132745950421555,14.142135623730951,18.027756377319946,19.026297590440446,15.231546211727817,17.46424919657298,16.1245154965971,11.40175425099138,16.0312195418814,13.0,17.029386365926403,19.235384061671347,17.46424919657298,21.540659228538015,17.88854381999832,19.697715603592208,18.35755975068582,19.924858845171276,20.6155281280883,19.697715603592208,15.652475842498529,19.313207915827967,17.0,1697990078.3794692
7.0710678118654755,13.341664064126334,13.038404810405298,15.297058540778355,16.1245154965971,16.0312195418814,21.377558326431952,17.11724276862369,22.80350850198276,22.472205054244235,23.40939982143925,26.0,25.553864678361276,23.853720883753127,20.808652046684813,23.60084744241189,18.439088914585774,17.029386365926403,20.518284528683193,13.453624047073712,12.806248474865697,10.295630140987,11.40175425099138,10.770329614269007,11.180339887498949,9.219544457292889,13.038404810405298,15.297058540778355,13.416407864998739,13.0,13.892443989449806,18.788294228055936,18.439088914585778,16.492422502470642,17.88854381999832,15.811388300841898,12.206555615733702,14.317821063276352,15.620499351813308,14.7648230602334,16.643316977093235,16.278820596099706,19.1049731745428,17.204650534085253,18.439088914585774,17.204650534085253,19.1049731745428,18.38477631085024,19.1049731745428,18.027756377319946,17.69180601295413,16.1245154965971,1697990078.3884692
10.63014581273465,12.206555615733702,14.7648230602334,17.204650534085253,17.029386365926403,17.204650534085253,18.867962264113206,20.615528128088304,21.93171219946131,21.93171219946131,22.671568097509265,27.018512172212596,25.238858928247925,24.186773244895647,23.706539182259394,24.16609194718914,21.18962010041709,16.76305461424021,16.76305461424021,15.811388300841898,11.704699910719626,12.36931687685298,13.92838827718412,10.770329614269007,11.180339887498949,12.649110640673518,11.704699910719626,11.40175425099138,13.038404810405298,13.152946437965904,14.0356688476182,19.0,17.26267650163207,18.248287590894655,16.278820596099706,13.152946437965904,12.041594578792294,13.152946437965904,16.76305461424021,16.278820596099706,14.560219778561038,14.560219778561038,17.46424919657298,17.88854381999832,18.788294228055936,17.88854381999832,19.313207915827967,18.973665961010276,18.38477631085024,18.38477631085024,17.46424919657298,16.1245154965971,1697990078.401074
9.848857801796104,9.486832980505138,12.165525060596437,13.601470508735444,14.866068747318506,13.601470508735444,17.720045146669353,17.46424919657298,18.973665961010276,19.235384061671343,22.472205054244235,24.69817807045694,20.808652046684813,23.021728866442675,21.2602916254693,21.2602916254693,17.69180601295413,19.849433241279208,14.866068747318504,13.601470508735444,11.40175425099138,8.94427190999916,10.295630140987,10.770329614269007,7.615773105863909,8.246211251235321,8.06225774829855,13.341664064126334,8.54400374531753,13.341664064126334,16.492422502470642,17.804493814764854,16.15549442140351,16.1245154965971,14.317821063276352,13.416407864998739,12.529964086141668,11.180339887498949,10.63014581273465,14.866068747318504,16.55294535724685,17.029386365926403,17.0,17.46424919657298,16.55294535724685,15.652475842498529,16.401219466856727,18.38477631085024,18.35755975068582,17.720045146669353,17.88854381999832,13.0,1697990078.412727
14.212670403551895,12.806248474865697,16.15549442140351,11.40175425099138,10.816653826391969,15.652475842498529,17.029386365926403,19.723082923316017,19.209372712298546,20.615528128088304,19.79898987322333,20.518284528683193,23.3452350598575,21.400934559032695,18.439088914585774,20.808652046684813,18.788294228055936,14.7648230602334,16.1245154965971,15.231546211727817,12.529964086141668,11.40175425099138,8.602325267042627,7.280109889280519,8.0,8.54400374531753,12.08304597359457,13.341664064126334,13.341664064126334,13.341664064126334,16.492422502470642,14.0356688476182,17.0,17.11724276862369,15.03329637837291,11.045361017187261,11.180339887498949,12.165525060596437,13.601470508735444,18.027756377319946,14.317821063276352,13.92838827718412,14.317821063276352,14.7648230602334,16.643316977093235,16.401219466856727,16.643316977093235,17.88854381999832,16.643316977093235,17.0,15.652475842498529,12.041594578792296,1697990078.423238
6.0827625302982185,9.219544457292887,15.524174696260024,14.142135623730951,14.0356688476182,15.03329637837291,15.297058540778355,19.026297590440446,19.924858845171276,21.18962010041709,22.472205054244235,22.472205054244235,23.706539182259394,23.021728866442675,21.400934559032695,22.80350850198276,19.209372712298546,19.849433241279208,15.556349186104047,14.212670403551895,11.313708498984761,10.63014581273465,10.816653826391969,9.486832980505138,9.055385138137417,10.04987562112089,11.045361017187261,12.649110640673518,11.180339887498949,12.529964086141668,14.7648230602334,17.0,17.08800749063506,15.652475842498529,15.524174696260024,13.416407864998739,14.212670403551895,13.416407864998739,14.142135623730951,16.278820596099706,17.69180601295413,14.212670403551895,17.804493814764854,15.811388300841896,15.620499351813308,16.1245154965971,17.029386365926403,20.808652046684813,20.518284528683193,17.204650534085253,16.278820596099706,14.422205101855958,1697990078.4369905
11.704699910719626,13.038404810405298,18.027756377319946,19.849433241279208,19.4164878389476,16.401219466856727,17.804493814764854,16.278820596099706,20.615528128088304,21.470910553583888,21.470910553583888,23.259406699226012,22.472205054244235,21.18962010041709,19.924858845171276,21.840329667841555,18.248287590894655,16.278820596099706,15.132745950421555,13.152946437965904,11.180339887498949,9.848857801796104,8.94427190999916,9.219544457292887,9.899494936611665,9.433981132056603,10.770329614269007,11.40175425099138,12.165525060596437,14.0356688476182,14.142135623730951,17.11724276862369,17.26267650163207,16.278820596099706,16.278820596099706,13.152946437965904,13.0,13.0,14.0356688476182,15.524174696260024,15.297058540778355,15.811388300841898,18.027756377319946,17.46424919657298,17.46424919657298,17.88854381999832,18.38477631085024,18.38477631085024,19.313207915827967,17.08800749063506,16.278820596099706,17.0,1697990078.4511178
9.219544457292887,10.0,14.422205101855958,15.0,15.0,14.212670403551895,16.643316977093235,18.60107523773827,20.615528128088304,21.213203435596427,22.627416997969522,24.08318915758459,23.021728866442675,21.633307652783937,20.591260281974,23.3238075793812,18.788294228055936,17.46424919657298,16.15549442140351,13.92838827718412,12.08304597359457,10.816653826391969,10.0,9.219544457292887,9.433981132056603,9.486832980505138,10.19803902718557,11.0,12.165525060596437,14.142135623730951,14.142135623730951,16.278820596099706,18.027756377319946,16.0312195418814,16.0,17.11724276862369,11.704699910719626,12.649110640673518,13.416407864998739,13.892443989449806,15.652475842498529,15.0,17.029386365926403,15.620499351813308,17.029386365926403,16.278820596099706,18.60107523773827,17.804493814764854,17.804493814764854,16.401219466856727,15.811388300841896,14.866068747318504,1697990078.4710045
9.899494936611665,10.816653826391969,13.892443989449806,15.264337522473749,15.264337522473749,15.652475842498529,17.46424919657298,18.867962264113206,20.808652046684813,21.2602916254693,23.430749027719962,24.041630560342618,22.80350850198276,22.47220505424423,21.633307652783937,22.203603311174515,17.4928556845359,20.12461179749811,16.15549442140351,13.0,11.6619037896906,10.816653826391969,11.40175425099138,10.816653826391969,9.486832980505138,8.54400374531753,10.04987562112089,11.180339887498949,13.601470508735444,12.649110640673518,14.317821063276352,16.76305461424021,18.110770276274835,17.11724276862369,17.029386365926403,12.165525060596437,12.36931687685298,13.92838827718412,13.416407864998739,15.264337522473749,14.422205101855958,15.620499351813308,17.029386365926403,16.278820596099706,16.278820596099706,16.970562748477143,17.69180601295413,19.209372712298546,17.804493814764854,18.38477631085024,15.620499351813308,14.212670403551895,1697990078.4840033
12.529964086141668,13.152946437965904,13.892443989449806,15.811388300841896,17.0,13.0,16.401219466856727,16.643316977093235,20.591260281974,21.2602916254693,21.93171219946131,22.80350850198276,22.80350850198276,22.203603311174515,21.95449840010015,20.248456731316587,18.788294228055936,17.4928556845359,13.92838827718412,13.038404810405298,12.206555615733702,9.219544457292887,13.038404810405298,13.038404810405298,11.6619037896906,10.44030650891055,10.04987562112089,10.04987562112089,15.132745950421555,12.165525060596437,14.0356688476182,16.76305461424021,19.1049731745428,16.1245154965971,16.1245154965971,14.317821063276352,11.704699910719626,14.7648230602334,17.46424919657298,15.811388300841896,15.811388300841896,18.439088914585774,17.69180601295413,17.69180601295413,17.69180601295413,17.804493814764854,20.518284528683193,19.1049731745428,19.79898987322333,17.69180601295413,17.69180601295413,15.811388300841896,1697990078.4930036
3.6055512754639896,13.152946437965904,13.601470508735444,10.0,17.4928556845359,13.0,12.36931687685298,17.26267650163207,19.235384061671347,21.023796041628636,21.213203435596427,23.021728866442675,23.021728866442675,21.840329667841555,23.08679276123039,21.587033144922902,15.652475842498529,18.788294228055936,12.529964086141668,14.7648230602334,12.36931687685298,9.219544457292889,10.44030650891055,6.324555320336759,12.165525060596437,9.433981132056603,10.770329614269007,14.212670403551895,11.6619037896906,14.866068747318504,12.041594578792296,19.849433241279208,19.1049731745428,17.0,15.0,11.40175425099138,10.63014581273465,14.7648230602334,11.313708498984761,17.08800749063506,16.55294535724685,15.652475842498529,19.697715603592208,17.08800749063506,18.35755975068582,15.811388300841898,19.4164878389476,21.02379604162864,18.867962264113206,18.027756377319946,16.1245154965971,15.524174696260024,1697990078.5032134
12.649110640673518,18.681541692269406,13.892443989449806,14.317821063276352,18.248287590894655,15.811388300841898,19.697715603592208,20.8806130178211,23.345235059857504,24.020824298928627,24.0,27.0,26.1725046566048,25.495097567963924,22.80350850198276,25.0,19.6468827043885,19.313207915827967,15.652475842498529,15.231546211727817,12.649110640673518,13.341664064126334,11.40175425099138,11.045361017187261,11.045361017187261,10.44030650891055,11.6619037896906,11.40175425099138,15.556349186104047,15.620499351813308,14.142135623730951,18.027756377319946,18.60107523773827,17.804493814764854,18.867962264113206,14.212670403551895,13.453624047073712,12.806248474865697,15.0,15.811388300841896,18.35755975068582,16.1245154965971,18.788294228055936,17.08800749063506,18.38477631085024,18.027756377319946,19.697715603592208,18.35755975068582,20.12461179749811,17.88854381999832,17.4928556845359,15.811388300841898,1697990078.5204003
10.63014581273465,14.866068747318506,17.4928556845359,14.212670403551895,13.892443989449806,16.1245154965971,19.209372712298546,17.204650534085253,20.0,20.808652046684813,20.808652046684813,23.3238075793812,21.95449840010015,23.259406699226012,19.235384061671347,21.540659228538015,17.08800749063506,18.38477631085024,14.317821063276352,12.649110640673518,11.180339887498949,9.433981132056603,9.219544457292887,10.63014581273465,10.63014581273465,7.615773105863909,12.041594578792294,12.041594578792294,13.0,10.04987562112089,13.341664064126334,18.681541692269406,19.026297590440446,17.11724276862369,18.0,16.1245154965971,10.770329614269007,12.806248474865697,16.55294535724685,14.7648230602334,14.7648230602334,16.643316977093235,18.38477631085024,16.970562748477143,17.69180601295413,14.866068747318504,18.38477631085024,17.69180601295413,19.1049731745428,16.278820596099706,16.278820596099706,15.811388300841896,1697990078.5354
14.0356688476182,11.40175425099138,18.439088914585778,17.720045146669353,18.681541692269406,19.1049731745428,16.1245154965971,23.08679276123039,20.39607805437114,22.02271554554524,21.095023109728984,25.01999200639361,24.083189157584588,23.345235059857504,22.360679774997898,22.360679774997898,18.681541692269406,18.027756377319946,16.492422502470642,13.92838827718412,12.041594578792294,10.19803902718557,8.0,10.44030650891055,9.219544457292889,9.848857801796104,11.40175425099138,10.63014581273465,13.416407864998739,13.416407864998739,15.264337522473749,17.88854381999832,17.204650534085253,16.643316977093235,17.0,13.92838827718412,12.529964086141668,15.297058540778355,13.341664064126334,17.029386365926403,19.026297590440446,18.0,19.0,18.0,19.235384061671347,16.278820596099706,19.1049731745428,20.024984394500787,18.110770276274835,18.027756377319946,17.029386365926403,14.317821063276352,1697990078.543398
11.6619037896906,10.816653826391969,10.295630140987,19.79898987322333,19.4164878389476,15.264337522473749,15.652475842498529,19.723082923316017,21.470910553583888,23.259406699226012,21.02379604162864,23.40939982143925,23.769728648009423,22.360679774997898,21.095023109728984,23.194827009486403,18.0,18.027756377319946,16.1245154965971,14.0356688476182,11.045361017187261,12.36931687685298,10.44030650891055,9.848857801796104,10.295630140987,10.0,10.816653826391969,12.649110640673518,13.601470508735444,15.524174696260024,14.560219778561038,18.027756377319946,19.924858845171276,16.15549442140351,15.652475842498529,13.341664064126334,12.165525060596437,13.152946437965904,14.0356688476182,14.0356688476182,17.26267650163207,15.524174696260024,21.377558326431952,18.681541692269406,18.973665961010276,18.681541692269406,20.223748416156685,20.09975124224178,21.213203435596427,17.46424919657298,18.439088914585778,15.231546211727817,1697990078.5653977
9.219544457292887,11.180339887498949,13.92838827718412,15.652475842498529,16.55294535724685,16.55294535724685,18.38477631085024,20.12461179749811,21.95449840010015,22.80350850198276,22.80350850198276,24.839484696748443,23.3452350598575,24.08318915758459,22.022715545545243,23.430749027719962,19.4164878389476,18.027756377319946,16.643316977093235,14.422205101855958,12.806248474865697,12.041594578792296,10.63014581273465,10.816653826391969,10.770329614269007,10.19803902718557,12.041594578792294,12.36931687685298,13.601470508735444,14.866068747318506,15.811388300841898,18.38477631085024,18.681541692269406,17.720045146669353,17.46424919657298,14.560219778561038,13.92838827718412,13.892443989449806,14.422205101855958,16.278820596099706,17.804493814764854,16.970562748477143,19.1049731745428,17.029386365926403,19.209372712298546,18.60107523773827,20.518284528683193,19.849433241279208,20.518284528683193,19.1049731745428,17.69180601295413,15.811388300841896,1697990078.574399
15.231546211727817,16.15549442140351,18.027756377319946,13.0,13.601470508735444,16.76305461424021,18.973665961010276,19.1049731745428,17.46424919657298,18.38477631085024,24.186773244895647,23.3238075793812,22.203603311174515,23.430749027719962,21.213203435596427,22.627416997969522,18.439088914585774,18.439088914585774,14.866068747318504,14.866068747318504,12.206555615733702,11.40175425099138,10.63014581273465,9.433981132056603,10.770329614269007,9.055385138137417,10.0,13.0,13.341664064126334,13.92838827718412,14.560219778561038,16.492422502470642,17.26267650163207,16.1245154965971,17.26267650163207,13.152946437965904,12.36931687685298,13.601470508735444,15.264337522473749,13.038404810405298,16.1245154965971,16.278820596099706,18.60107523773827,17.029386365926403,16.401219466856727,17.69180601295413,17.4928556845359,18.867962264113206,18.35755975068582,15.264337522473749,15.652475842498529,14.142135623730951,1697990078.5873978
14.0356688476182,13.038404810405298,11.704699910719626,15.231546211727817,15.231546211727817,14.560219778561038,18.027756377319946,20.248456731316587,20.6155281280883,21.540659228538015,22.847319317591726,24.596747752497688,24.186773244895647,23.853720883753127,22.022715545545243,22.80350850198276,19.849433241279208,18.38477631085024,16.278820596099706,14.142135623730951,12.041594578792296,11.40175425099138,9.433981132056603,9.219544457292889,9.055385138137417,9.055385138137417,10.44030650891055,10.295630140987,11.6619037896906,12.727922061357857,14.422205101855958,16.401219466856727,17.4928556845359,15.264337522473749,15.811388300841896,14.317821063276352,11.313708498984761,12.806248474865697,13.892443989449806,15.652475842498529,13.92838827718412,17.26267650163207,20.8806130178211,15.524174696260024,18.439088914585778,16.492422502470642,18.973665961010276,18.027756377319946,18.681541692269406,17.46424919657298,16.76305461424021,15.132745950421555,1697990078.596398
9.433981132056603,9.848857801796104,14.866068747318506,15.652475842498529,16.55294535724685,16.15549442140351,19.313207915827967,21.02379604162864,21.470910553583888,22.47220505424423,23.60084744241189,24.69817807045694,23.60084744241189,24.08318915758459,21.213203435596427,23.3452350598575,20.0,19.4164878389476,16.643316977093235,14.422205101855958,12.041594578792296,12.727922061357857,9.219544457292887,9.899494936611665,11.045361017187261,12.0,10.295630140987,12.36931687685298,15.652475842498529,12.727922061357857,15.132745950421555,18.027756377319946,18.027756377319946,16.76305461424021,17.720045146669353,14.866068747318506,13.0,13.038404810405298,14.212670403551895,16.278820596099706,14.866068747318504,16.970562748477143,19.849433241279208,17.204650534085253,18.60107523773827,18.35755975068582,20.615528128088304,19.849433241279208,19.849433241279208,18.439088914585774,17.69180601295413,15.264337522473749,1697990078.611403
7.211102550927979,8.94427190999916,11.704699910719626,13.0,13.416407864998739,14.317821063276352,16.15549442140351,17.46424919657298,19.235384061671343,18.60107523773827,20.615528128088304,20.615528128088304,19.849433241279208,20.615528128088304,19.1049731745428,19.79898987322333,17.804493814764854,15.811388300841896,13.038404810405298,12.529964086141668,12.041594578792296,9.219544457292887,8.485281374238571,8.485281374238571,6.0827625302982185,8.246211251235321,7.280109889280519,9.0,13.601470508735444,12.649110640673518,10.770329614269007,13.601470508735444,14.866068747318506,14.7648230602334,14.0356688476182,11.180339887498949,10.295630140987,10.816653826391969,12.041594578792296,13.453624047073712,12.806248474865697,14.142135623730951,16.401219466856727,15.264337522473749,14.7648230602334,16.1245154965971,17.204650534085253,16.643316977093235,16.401219466856727,15.811388300841896,15.0,13.416407864998739,1697990078.619913
10.19803902718557,11.045361017187261,13.341664064126334,15.03329637837291,14.0,16.0312195418814,19.026297590440446,16.1245154965971,20.223748416156685,19.6468827043885,22.561028345356952,24.351591323771842,21.540659228538015,21.02379604162864,18.867962264113206,18.027756377319946,19.209372712298546,16.401219466856727,17.029386365926403,14.422205101855958,12.206555615733702,11.6619037896906,9.848857801796104,10.04987562112089,11.045361017187261,10.0,12.165525060596437,12.649110640673518,13.892443989449806,12.041594578792296,12.806248474865697,13.038404810405298,17.0,16.55294535724685,14.317821063276352,12.529964086141668,11.6619037896906,14.422205101855958,13.601470508735444,15.620499351813308,14.142135623730951,17.029386365926403,17.204650534085253,17.204650534085253,16.401219466856727,15.811388300841896,17.804493814764854,16.278820596099706,14.866068747318504,15.264337522473749,18.439088914585774,14.317821063276352,1697990078.6289132
13.0,11.180339887498949,17.69180601295413,16.278820596099706,18.60107523773827,15.811388300841896,17.69180601295413,20.615528128088304,21.95449840010015,21.470910553583888,22.825424421026653,25.059928172283335,24.596747752497688,21.18962010041709,23.345235059857504,21.840329667841555,18.60107523773827,20.024984394500787,17.029386365926403,16.0312195418814,13.152946437965904,12.36931687685298,9.219544457292889,9.433981132056603,10.63014581273465,9.899494936611665,10.770329614269007,10.770329614269007,12.36931687685298,14.0356688476182,14.317821063276352,17.11724276862369,17.46424919657298,16.492422502470642,16.492422502470642,13.341664064126334,12.041594578792294,12.041594578792294,14.142135623730951,14.560219778561038,14.866068747318506,14.866068747318506,17.0,17.4928556845359,18.38477631085024,17.0,19.313207915827967,18.027756377319946,18.38477631085024,16.55294535724685,16.15549442140351,15.264337522473749,1697990078.6369133
9.055385138137417,10.295630140987,13.038404810405298,16.55294535724685,15.264337522473749,13.892443989449806,20.12461179749811,17.88854381999832,20.248456731316587,20.8806130178211,23.769728648009426,25.298221281347036,24.73863375370596,23.194827009486403,22.20360331117452,23.021728866442675,19.0,18.027756377319946,17.11724276862369,14.0356688476182,12.041594578792294,13.038404810405298,9.055385138137417,8.54400374531753,8.94427190999916,8.485281374238571,10.816653826391969,11.6619037896906,12.041594578792294,12.165525060596437,14.866068747318506,16.278820596099706,17.46424919657298,15.231546211727817,12.649110640673518,12.041594578792294,12.0,13.038404810405298,15.0,14.0356688476182,15.297058540778355,15.297058540778355,18.788294228055936,17.08800749063506,18.38477631085024,17.46424919657298,19.6468827043885,17.46424919657298,18.38477631085024,16.15549442140351,15.811388300841898,14.317821063276352,1697990078.6559346
7.211102550927979,13.416407864998739,13.341664064126334,13.601470508735444,11.6619037896906,15.811388300841896,17.804493814764854,19.723082923316017,20.518284528683193,19.79898987322333,20.518284528683193,22.671568097509265,22.80350850198276,22.203603311174515,20.248456731316587,22.360679774997898,19.4164878389476,14.317821063276352,14.560219778561038,14.866068747318504,12.041594578792296,11.6619037896906,7.211102550927979,13.416407864998739,10.770329614269007,9.055385138137417,9.055385138137417,11.045361017187261,11.180339887498949,14.0356688476182,16.0312195418814,16.76305461424021,16.1245154965971,15.03329637837291,19.4164878389476,12.165525060596437,14.317821063276352,12.165525060596437,12.806248474865697,13.892443989449806,15.231546211727817,15.811388300841896,18.027756377319946,16.401219466856727,18.60107523773827,17.804493814764854,18.027756377319946,18.35755975068582,18.027756377319946,17.204650534085253,16.1245154965971,14.866068747318504,1697990078.6649425
9.433981132056603,14.866068747318504,20.248456731316587,11.180339887498949,11.6619037896906,21.2602916254693,17.804493814764854,18.027756377319946,18.027756377319946,17.204650534085253,20.615528128088304,23.3452350598575,19.1049731745428,19.4164878389476,17.88854381999832,20.12461179749811,17.88854381999832,14.7648230602334,17.0,11.704699910719626,9.433981132056603,11.40175425099138,6.4031242374328485,7.211102550927979,10.770329614269007,8.06225774829855,9.433981132056603,8.94427190999916,10.295630140987,13.0,15.556349186104047,16.278820596099706,16.15549442140351,15.231546211727817,14.142135623730951,11.704699910719626,13.038404810405298,10.63014581273465,14.212670403551895,13.892443989449806,14.866068747318504,14.866068747318504,17.804493814764854,16.1245154965971,16.643316977093235,17.204650534085253,19.209372712298546,17.69180601295413,17.804493814764854,17.029386365926403,17.029386365926403,13.416407864998739,1697990078.6749594
9.219544457292889,8.06225774829855,17.11724276862369,16.76305461424021,19.924858845171276,18.027756377319946,18.38477631085024,18.027756377319946,21.540659228538015,17.204650534085253,25.298221281347036,26.400757564888174,26.419689627245813,24.413111231467404,23.430749027719962,24.08318915758459,21.213203435596427,19.849433241279208,17.029386365926403,15.620499351813308,14.142135623730951,10.0,9.433981132056603,9.486832980505138,9.219544457292889,10.19803902718557,11.40175425099138,10.770329614269007,13.892443989449806,12.727922061357857,16.1245154965971,18.60107523773827,16.15549442140351,18.38477631085024,17.46424919657298,16.1245154965971,13.601470508735444,14.212670403551895,16.401219466856727,15.652475842498529,16.55294535724685,18.867962264113206,18.867962264113206,19.313207915827967,21.095023109728988,17.204650534085253,21.95449840010015,20.591260281974,21.095023109728988,18.788294228055936,18.788294228055936,16.15549442140351,1697990078.6831682
6.708203932499369,12.041594578792296,9.433981132056603,13.892443989449806,14.422205101855958,13.601470508735444,13.416407864998739,17.46424919657298,19.723082923316017,19.209372712298546,21.400934559032695,22.022715545545243,21.213203435596427,20.615528128088304,20.518284528683193,20.808652046684813,16.643316977093235,16.643316977093235,16.1245154965971,12.206555615733702,11.180339887498949,10.0,8.602325267042627,7.810249675906654,7.615773105863909,8.06225774829855,9.055385138137417,8.54400374531753,10.04987562112089,9.486832980505138,12.649110640673518,14.866068747318506,14.317821063276352,13.341664064126334,14.866068747318506,12.041594578792294,11.180339887498949,11.180339887498949,12.806248474865697,12.727922061357857,12.727922061357857,13.453624047073712,15.620499351813308,15.0,14.866068747318504,15.0,16.278820596099706,14.866068747318504,16.278820596099706,14.212670403551895,13.453624047073712,13.038404810405298,1697990078.6931722
8.0,7.810249675906654,12.36931687685298,15.524174696260024,14.560219778561038,18.027756377319946,19.4164878389476,18.248287590894655,19.4164878389476,22.02271554554524,24.0,26.1725046566048,24.020824298928627,23.021728866442675,21.377558326431952,24.331050121192874,19.6468827043885,18.681541692269406,15.524174696260024,13.601470508735444,12.649110640673518,11.180339887498949,9.055385138137417,10.19803902718557,8.54400374531753,8.485281374238571,11.40175425099138,11.180339887498949,12.08304597359457,13.92838827718412,14.866068747318506,16.55294535724685,15.811388300841896,16.55294535724685,14.7648230602334,12.529964086141668,11.180339887498949,12.36931687685298,12.165525060596437,13.0,16.0,14.142135623730951,16.278820596099706,18.248287590894655,15.03329637837291,17.08800749063506,18.027756377319946,18.110770276274835,17.029386365926403,18.110770276274835,19.1049731745428,15.297058540778355,1697990078.7076342
13.152946437965904,9.219544457292889,12.36931687685298,17.720045146669353,14.142135623730951,13.0,19.0,19.026297590440446,22.360679774997898,20.024984394500787,21.377558326431952,27.202941017470888,24.351591323771842,23.769728648009426,23.259406699226012,24.186773244895647,21.095023109728988,20.0,16.1245154965971,13.892443989449806,12.529964086141668,12.649110640673518,8.54400374531753,10.19803902718557,10.04987562112089,10.19803902718557,11.180339887498949,10.295630140987,12.806248474865697,13.453624047073712,15.556349186104047,17.69180601295413,19.849433241279208,16.970562748477143,17.804493814764854,13.038404810405298,12.727922061357857,13.038404810405298,13.416407864998739,15.231546211727817,16.643316977093235,15.524174696260024,19.6468827043885,17.26267650163207,18.439088914585778,16.492422502470642,19.924858845171276,16.76305461424021,19.6468827043885,16.492422502470642,17.08800749063506,18.110770276274835,1697990078.7161498
9.0,10.19803902718557,13.341664064126334,14.142135623730951,14.142135623730951,16.1245154965971,17.11724276862369,19.0,20.024984394500787,20.09975124224178,20.09975124224178,23.345235059857504,22.135943621178658,21.18962010041709,18.788294228055936,24.186773244895647,21.095023109728988,19.1049731745428,17.69180601295413,13.892443989449806,11.180339887498949,9.899494936611665,9.848857801796104,10.44030650891055,10.44030650891055,8.06225774829855,10.0,10.19803902718557,10.63014581273465,13.038404810405298,11.704699910719626,15.231546211727817,16.15549442140351,15.231546211727817,14.317821063276352,13.341664064126334,13.0,11.40175425099138,13.453624047073712,14.866068747318504,15.556349186104047,13.453624047073712,16.970562748477143,16.278820596099706,16.970562748477143,16.278820596099706,17.804493814764854,17.029386365926403,17.029386365926403,15.620499351813308,15.0,14.142135623730951,1697990078.7251515
16.278820596099706,16.76305461424021,14.317821063276352,12.08304597359457,16.0312195418814,18.439088914585778,17.11724276862369,18.439088914585778,19.1049731745428,22.20360331117452,23.345235059857504,23.769728648009423,21.840329667841555,24.351591323771842,25.0,20.8806130178211,20.12461179749811,17.26267650163207,14.317821063276352,13.892443989449806,11.180339887498949,13.341664064126334,8.94427190999916,10.04987562112089,8.54400374531753,8.94427190999916,11.180339887498949,8.602325267042627,10.816653826391969,14.212670403551895,12.727922061357857,16.970562748477143,16.278820596099706,19.1049731745428,14.422205101855958,15.811388300841896,12.806248474865697,9.219544457292887,13.341664064126334,17.46424919657298,14.866068747318506,19.0,17.029386365926403,16.1245154965971,18.248287590894655,16.0,15.811388300841898,19.235384061671347,16.492422502470642,19.4164878389476,16.76305461424021,14.0356688476182,1697990078.7333796
13.892443989449806,12.649110640673518,17.08800749063506,17.08800749063506,18.027756377319946,17.0,21.377558326431952,19.1049731745428,23.53720459187964,23.345235059857504,22.360679774997898,26.1725046566048,24.73863375370596,26.248809496813376,23.769728648009426,25.079872407968903,21.95449840010015,19.235384061671343,18.60107523773827,16.401219466856727,13.416407864998739,13.416407864998739,10.770329614269007,9.219544457292889,11.0,9.219544457292889,10.44030650891055,9.219544457292887,11.40175425099138,13.453624047073712,14.142135623730951,16.401219466856727,17.804493814764854,15.811388300841896,16.643316977093235,12.806248474865697,12.727922061357857,13.601470508735444,11.180339887498949,14.560219778561038,14.560219778561038,15.524174696260024,17.720045146669353,16.278820596099706,17.26267650163207,16.278820596099706,18.681541692269406,16.76305461424021,16.278820596099706,16.278820596099706,15.524174696260024,14.0,1697990078.7471247
9.848857801796104,14.560219778561038,11.313708498984761,17.804493814764854,17.69180601295413,17.4928556845359,19.723082923316017,21.540659228538015,22.472205054244235,21.931712199461305,24.186773244895647,24.596747752497688,25.0,25.298221281347036,21.587033144922902,24.331050121192874,20.223748416156685,19.235384061671343,18.110770276274835,14.0356688476182,15.297058540778355,14.0,10.770329614269007,12.206555615733702,10.63014581273465,9.219544457292887,9.899494936611665,9.486832980505138,10.44030650891055,13.0,15.132745950421555,18.0,14.560219778561038,15.811388300841898,17.26267650163207,13.0,13.038404810405298,12.165525060596437,13.152946437965904,14.317821063276352,13.0,15.231546211727817,15.652475842498529,16.76305461424021,17.26267650163207,14.7648230602334,18.35755975068582,18.973665961010276,15.264337522473749,17.204650534085253,16.1245154965971,14.422205101855958,1697990078.759145
6.4031242374328485,8.602325267042627,13.038404810405298,17.69180601295413,19.209372712298546,18.027756377319946,19.209372712298546,19.849433241279208,22.022715545545243,23.430749027719962,21.93171219946131,24.839484696748443,25.0,25.238858928247925,22.80350850198276,24.413111231467404,20.591260281974,20.591260281974,17.08800749063506,16.55294535724685,13.892443989449806,10.816653826391969,9.433981132056603,9.219544457292887,10.0,8.54400374531753,10.19803902718557,10.0,9.219544457292889,13.92838827718412,12.649110640673518,16.76305461424021,15.524174696260024,15.132745950421555,15.132745950421555,12.165525060596437,11.704699910719626,9.848857801796104,12.806248474865697,12.806248474865697,15.556349186104047,13.601470508735444,17.029386365926403,15.0,16.643316977093235,17.204650534085253,16.1245154965971,18.867962264113206,17.029386365926403,17.029386365926403,15.0,13.892443989449806,1697990078.768128
7.0710678118654755,11.40175425099138,9.219544457292889,21.213203435596427,11.180339887498949,19.1049731745428,18.027756377319946,20.223748416156685,20.6155281280883,20.248456731316587,23.08679276123039,24.041630560342615,24.16609194718914,22.825424421026653,21.95449840010015,22.47220505424423,20.0,18.027756377319946,17.804493814764854,14.212670403551895,12.806248474865697,10.816653826391969,9.848857801796104,8.246211251235321,10.04987562112089,10.04987562112089,11.40175425099138,10.295630140987,12.206555615733702,14.212670403551895,15.811388300841896,17.029386365926403,18.35755975068582,15.811388300841896,14.7648230602334,12.206555615733702,12.041594578792296,14.212670403551895,13.892443989449806,14.317821063276352,13.416407864998739,15.652475842498529,16.55294535724685,16.76305461424021,18.027756377319946,16.76305461424021,17.46424919657298,17.46424919657298,18.38477631085024,15.231546211727817,16.55294535724685,14.560219778561038,1697990078.7840827
9.0,8.246211251235321,9.055385138137417,17.26267650163207,14.317821063276352,15.652475842498529,14.0356688476182,18.681541692269406,18.439088914585778,19.026297590440446,21.0,23.021728866442675,21.095023109728984,21.377558326431952,20.39607805437114,21.377558326431952,18.681541692269406,15.297058540778355,15.811388300841898,12.649110640673518,11.704699910719626,10.19803902718557,9.219544457292889,8.0,9.219544457292889,7.615773105863909,8.602325267042627,8.602325267042627,10.0,10.295630140987,12.806248474865697,13.038404810405298,14.212670403551895,13.601470508735444,13.601470508735444,11.40175425099138,9.848857801796104,11.180339887498949,11.704699910719626,12.041594578792294,13.0,15.652475842498529,14.0,16.76305461424021,15.0,14.142135623730951,16.0312195418814,15.0,16.0,15.0,13.038404810405298,14.560219778561038,1697990078.8037386
12.649110640673518,9.0,13.601470508735444,16.1245154965971,16.0312195418814,15.0,17.11724276862369,19.4164878389476,19.026297590440446,22.20360331117452,20.09975124224178,21.840329667841555,21.540659228538015,22.472205054244235,21.02379604162864,21.470910553583888,19.723082923316017,17.0,13.892443989449806,14.422205101855958,10.295630140987,11.180339887498949,8.06225774829855,10.19803902718557,8.0,8.246211251235321,9.848857801796104,7.615773105863909,9.219544457292887,11.40175425099138,12.041594578792296,15.620499351813308,15.0,14.422205101855958,13.038404810405298,12.041594578792296,10.0,12.206555615733702,10.0,13.601470508735444,13.0,15.524174696260024,16.76305461424021,14.560219778561038,15.811388300841898,15.811388300841898,14.866068747318506,15.231546211727817,15.231546211727817,16.492422502470642,12.649110640673518,12.165525060596437,1697990078.8127372
8.246211251235321,9.219544457292889,18.439088914585778,18.0,13.341664064126334,14.317821063276352,14.560219778561038,18.110770276274835,20.024984394500787,19.0,21.095023109728984,23.194827009486403,19.235384061671347,18.681541692269406,19.1049731745428,22.135943621178658,18.439088914585778,19.4164878389476,13.152946437965904,13.0,11.180339887498949,10.19803902718557,8.54400374531753,8.246211251235321,11.40175425099138,7.615773105863909,6.708203932499369,8.246211251235321,9.219544457292887,11.045361017187261,13.341664064126334,15.132745950421555,16.55294535724685,13.601470508735444,13.892443989449806,11.180339887498949,10.0,11.704699910719626,10.04987562112089,12.041594578792294,12.165525060596437,13.0,16.76305461424021,13.416407864998739,15.231546211727817,14.317821063276352,15.811388300841898,15.231546211727817,14.317821063276352,13.416407864998739,12.649110640673518,12.529964086141668,1697990078.8251786
14.422205101855958,12.0,15.132745950421555,17.0,15.132745950421555,14.142135623730951,19.235384061671347,18.248287590894655,18.248287590894655,22.847319317591726,23.769728648009426,24.698178070456937,21.931712199461305,21.633307652783937,20.0,23.021728866442675,17.69180601295413,16.970562748477143,15.0,14.866068747318504,10.63014581273465,9.899494936611665,9.433981132056603,9.848857801796104,13.92838827718412,8.06225774829855,12.36931687685298,8.54400374531753,11.704699910719626,12.206555615733702,13.341664064126334,16.55294535724685,16.278820596099706,14.0356688476182,13.92838827718412,12.08304597359457,11.180339887498949,10.63014581273465,9.433981132056603,17.029386365926403,15.811388300841896,15.0,17.69180601295413,17.029386365926403,17.804493814764854,17.204650534085253,18.38477631085024,16.970562748477143,17.029386365926403,16.278820596099706,14.866068747318504,12.529964086141668,1697990078.8341777
10.04987562112089,11.0,21.023796041628636,16.278820596099706,15.0,16.278820596099706,15.132745950421555,23.194827009486403,20.223748416156685,21.377558326431952,21.587033144922902,22.80350850198276,24.698178070456937,21.540659228538015,21.540659228538015,21.470910553583888,19.235384061671343,18.027756377319946,15.264337522473749,14.422205101855958,11.313708498984761,11.180339887498949,10.19803902718557,9.055385138137417,10.0,10.04987562112089,10.770329614269007,10.63014581273465,12.041594578792296,13.453624047073712,12.806248474865697,14.866068747318504,15.620499351813308,15.811388300841896,14.422205101855958,15.0,11.313708498984761,13.038404810405298,13.92838827718412,13.92838827718412,13.0,15.231546211727817,16.76305461424021,14.560219778561038,16.76305461424021,15.811388300841898,17.08800749063506,17.46424919657298,18.027756377319946,15.811388300841898,14.866068747318506,14.317821063276352,1697990078.842179
8.54400374531753,10.44030650891055,14.142135623730951,15.524174696260024,16.1245154965971,16.492422502470642,17.26267650163207,14.317821063276352,18.439088914585778,20.6155281280883,18.439088914585778,24.16609194718914,20.12461179749811,22.47220505424423,22.203603311174515,20.0,19.79898987322333,14.866068747318504,16.970562748477143,15.811388300841896,12.727922061357857,10.295630140987,8.54400374531753,10.04987562112089,8.246211251235321,9.0,9.486832980505138,9.848857801796104,9.433981132056603,13.453624047073712,12.806248474865697,13.601470508735444,14.212670403551895,12.806248474865697,12.206555615733702,10.0,9.219544457292887,11.40175425099138,14.317821063276352,11.704699910719626,13.601470508735444,16.15549442140351,15.524174696260024,15.297058540778355,15.524174696260024,15.297058540778355,16.76305461424021,17.46424919657298,18.027756377319946,13.341664064126334,16.0312195418814,16.278820596099706,1697990078.8511796
12.36931687685298,7.0,18.027756377319946,19.1049731745428,17.26267650163207,18.027756377319946,18.248287590894655,22.20360331117452,21.023796041628636,22.090722034374522,23.194827009486403,24.515301344262525,24.041630560342615,23.40939982143925,22.472205054244235,23.08679276123039,20.6155281280883,18.788294228055936,17.0,16.1245154965971,13.0,12.36931687685298,10.19803902718557,10.04987562112089,10.0,9.219544457292889,11.180339887498949,10.0,14.142135623730951,14.866068747318504,14.866068747318504,19.209372712298546,16.278820596099706,15.620499351813308,16.278820596099706,12.727922061357857,12.206555615733702,12.529964086141668,11.180339887498949,12.36931687685298,14.560219778561038,15.132745950421555,17.46424919657298,15.132745950421555,16.0312195418814,17.029386365926403,17.26267650163207,16.1245154965971,17.46424919657298,14.317821063276352,15.132745950421555,13.038404810405298,1697990078.871154
5.0,11.40175425099138,11.6619037896906,19.849433241279208,18.60107523773827,17.804493814764854,19.849433241279208,22.20360331117452,21.2602916254693,22.022715545545243,21.400934559032695,23.021728866442675,20.615528128088304,23.259406699226012,20.615528128088304,21.18962010041709,20.248456731316587,17.204650534085253,13.152946437965904,16.1245154965971,14.866068747318504,11.40175425099138,12.206555615733702,10.295630140987,7.810249675906654,7.0710678118654755,8.602325267042627,10.0,14.0,13.152946437965904,14.866068747318504,17.26267650163207,16.492422502470642,16.1245154965971,14.0356688476182,13.038404810405298,12.206555615733702,13.152946437965904,13.0,13.92838827718412,13.0,16.76305461424021,17.0,14.7648230602334,15.652475842498529,17.08800749063506,17.720045146669353,16.76305461424021,17.26267650163207,16.492422502470642,15.231546211727817,17.88854381999832,1697990078.8831847
10.19803902718557,7.280109889280519,13.892443989449806,17.11724276862369,16.0312195418814,15.132745950421555,20.615528128088304,18.110770276274835,19.235384061671347,20.09975124224178,21.095023109728984,22.02271554554524,22.02271554554524,21.095023109728984,20.223748416156685,21.213203435596427,18.439088914585778,17.46424919657298,15.524174696260024,13.601470508735444,11.180339887498949,10.0,9.055385138137417,8.246211251235321,8.54400374531753,8.602325267042627,9.899494936611665,10.0,11.180339887498949,13.0,13.416407864998739,15.231546211727817,16.1245154965971,13.892443989449806,13.892443989449806,12.529964086141668,11.40175425099138,11.180339887498949,13.038404810405298,14.0356688476182,15.03329637837291,15.132745950421555,17.26267650163207,16.278820596099706,18.248287590894655,17.26267650163207,18.248287590894655,17.11724276862369,17.11724276862369,16.278820596099706,15.297058540778355,13.601470508735444,1697990078.893134
12.041594578792294,18.681541692269406,17.26267650163207,13.038404810405298,16.492422502470642,17.46424919657298,18.973665961010276,16.76305461424021,19.026297590440446,20.39607805437114,20.024984394500787,21.0,22.090722034374522,21.377558326431952,20.615528128088304,21.377558326431952,17.720045146669353,16.76305461424021,14.866068747318506,13.416407864998739,11.704699910719626,10.19803902718557,8.06225774829855,9.0,9.055385138137417,8.54400374531753,8.602325267042627,8.485281374238571,10.63014581273465,11.40175425099138,12.041594578792296,14.422205101855958,15.620499351813308,14.866068747318504,12.727922061357857,11.313708498984761,10.0,8.94427190999916,13.0,13.152946437965904,14.560219778561038,14.142135623730951,16.76305461424021,16.0312195418814,15.297058540778355,15.297058540778355,17.46424919657298,16.278820596099706,17.720045146669353,15.297058540778355,12.36931687685298,13.341664064126334,1697990078.9072335
8.0,9.899494936611665,13.892443989449806,19.1049731745428,16.401219466856727,16.970562748477143,19.209372712298546,22.203603311174515,21.93171219946131,21.93171219946131,23.430749027719962,25.495097567963924,25.612496949731394,27.459060435491963,23.3238075793812,24.596747752497688,17.720045146669353,19.697715603592208,17.46424919657298,18.027756377319946,13.416407864998739,12.206555615733702,10.63014581273465,9.219544457292887,10.295630140987,9.486832980505138,11.045361017187261,11.045361017187261,10.19803902718557,12.649110640673518,14.560219778561038,15.264337522473749,16.492422502470642,15.297058540778355,15.524174696260024,12.649110640673518,11.180339887498949,12.206555615733702,13.453624047073712,15.0,14.866068747318504,16.643316977093235,18.60107523773827,16.643316977093235,20.0,17.0,17.204650534085253,17.08800749063506,18.60107523773827,16.278820596099706,16.643316977093235,14.866068747318506,1697990078.9162762
8.06225774829855,8.602325267042627,16.55294535724685,13.892443989449806,18.027756377319946,19.209372712298546,17.69180601295413,17.88854381999832,21.93171219946131,21.93171219946131,24.041630560342618,24.758836806279895,25.80697580112788,23.853720883753127,25.238858928247925,22.47220505424423,19.924858845171276,21.02379604162864,13.92838827718412,18.027756377319946,14.866068747318506,11.313708498984761,8.602325267042627,13.453624047073712,10.295630140987,7.810249675906654,12.08304597359457,12.041594578792294,9.848857801796104,13.341664064126334,15.297058540778355,12.08304597359457,16.0312195418814,13.152946437965904,15.297058540778355,12.165525060596437,9.433981132056603,12.08304597359457,14.560219778561038,16.1245154965971,15.264337522473749,15.811388300841896,18.60107523773827,16.401219466856727,18.027756377319946,17.204650534085253,18.867962264113206,17.4928556845359,18.027756377319946,17.204650534085253,15.811388300841896,14.866068747318504,1697990078.9680831
8.485281374238571,9.433981132056603,12.529964086141668,13.601470508735444,13.892443989449806,14.7648230602334,17.88854381999832,18.35755975068582,19.4164878389476,18.60107523773827,20.615528128088304,22.022715545545243,21.2602916254693,21.2602916254693,23.021728866442675,20.0,18.867962264113206,14.866068747318506,14.422205101855958,13.038404810405298,12.041594578792296,12.041594578792296,9.219544457292887,6.708203932499369,7.211102550927979,8.06225774829855,10.44030650891055,12.041594578792294,10.44030650891055,13.341664064126334,11.40175425099138,14.317821063276352,15.297058540778355,14.317821063276352,13.92838827718412,14.142135623730951,9.219544457292887,13.453624047073712,12.041594578792296,13.892443989449806,12.529964086141668,15.264337522473749,16.1245154965971,14.7648230602334,17.46424919657298,17.88854381999832,17.0,16.1245154965971,15.231546211727817,15.231546211727817,14.7648230602334,13.601470508735444,1697990078.9890275
7.810249675906654,13.892443989449806,12.529964086141668,16.970562748477143,17.08800749063506,13.92838827718412,18.788294228055936,21.02379604162864,22.671568097509265,21.2602916254693,24.69817807045694,25.612496949731394,24.041630560342618,24.839484696748443,24.207436873820413,24.207436873820413,21.95449840010015,21.095023109728988,18.788294228055936,14.317821063276352,12.206555615733702,11.40175425099138,9.899494936611665,10.0,8.602325267042627,8.06225774829855,12.0,10.0,14.142135623730951,13.92838827718412,14.317821063276352,15.811388300841898,16.492422502470642,15.297058540778355,15.297058540778355,12.165525060596437,12.08304597359457,13.601470508735444,14.142135623730951,15.0,15.0,16.278820596099706,16.401219466856727,17.204650534085253,17.804493814764854,17.804493814764854,18.38477631085024,19.209372712298546,18.867962264113206,16.278820596099706,15.620499351813308,15.652475842498529,1697990078.9971137
12.165525060596437,8.246211251235321,14.0,16.1245154965971,13.341664064126334,15.297058540778355,15.132745950421555,18.027756377319946,18.248287590894655,24.083189157584588,23.086792761230395,23.53720459187964,25.709920264364882,25.709920264364882,22.561028345356952,25.079872407968903,20.6155281280883,20.6155281280883,12.649110640673518,12.08304597359457,14.422205101855958,10.63014581273465,7.280109889280519,9.055385138137417,11.045361017187261,8.94427190999916,10.770329614269007,9.899494936611665,11.6619037896906,11.40175425099138,11.40175425099138,16.278820596099706,17.029386365926403,16.401219466856727,14.866068747318504,13.038404810405298,12.806248474865697,9.486832980505138,11.704699910719626,16.278820596099706,14.866068747318506,16.278820596099706,18.110770276274835,15.0,17.029386365926403,15.0,18.110770276274835,16.492422502470642,15.811388300841898,17.11724276862369,16.0312195418814,12.165525060596437,1697990079.0206335
9.433981132056603,9.899494936611665,12.041594578792296,13.453624047073712,14.142135623730951,14.212670403551895,18.439088914585774,17.69180601295413,21.2602916254693,21.095023109728988,19.849433241279208,21.095023109728988,19.235384061671343,24.351591323771842,17.46424919657298,23.08679276123039,22.847319317591726,20.8806130178211,15.03329637837291,16.492422502470642,13.0,9.433981132056603,7.0710678118654755,8.06225774829855,7.810249675906654,8.94427190999916,13.152946437965904,7.0710678118654755,11.6619037896906,10.0,13.341664064126334,17.46424919657298,18.248287590894655,13.038404810405298,15.132745950421555,15.03329637837291,10.0,9.486832980505138,14.317821063276352,12.806248474865697,15.231546211727817,15.620499351813308,17.4928556845359,16.643316977093235,17.204650534085253,17.204650534085253,17.804493814764854,17.204650534085253,18.60107523773827,16.401219466856727,15.811388300841896,13.453624047073712,1697990079.030633
6.0827625302982185,9.055385138137417,11.180339887498949,14.0,12.0,14.0356688476182,18.110770276274835,21.023796041628636,22.02271554554524,22.20360331117452,23.345235059857504,24.73863375370596,24.041630560342615,23.40939982143925,21.540659228538015,23.40939982143925,18.788294228055936,17.88854381999832,15.264337522473749,13.892443989449806,11.704699910719626,11.704699910719626,11.40175425099138,10.0,11.045361017187261,10.44030650891055,12.529964086141668,10.63014581273465,11.6619037896906,10.0,12.806248474865697,15.0,17.69180601295413,15.556349186104047,15.556349186104047,12.727922061357857,12.041594578792296,12.206555615733702,13.601470508735444,13.341664064126334,16.76305461424021,15.132745950421555,18.248287590894655,16.0312195418814,18.027756377319946,17.029386365926403,18.248287590894655,18.110770276274835,18.248287590894655,17.11724276862369,15.297058540778355,14.0356688476182,1697990079.0411432
15.811388300841898,12.041594578792294,19.4164878389476,18.867962264113206,14.212670403551895,14.422205101855958,19.4164878389476,17.4928556845359,21.18962010041709,22.80350850198276,22.561028345356952,25.495097567963924,25.179356624028344,24.0,21.095023109728984,24.0,20.09975124224178,20.0,15.03329637837291,14.0356688476182,15.0,14.0,9.055385138137417,10.770329614269007,11.40175425099138,8.06225774829855,12.727922061357857,10.295630140987,15.524174696260024,12.649110640673518,15.811388300841896,15.0,18.38477631085024,18.788294228055936,17.204650534085253,15.231546211727817,10.770329614269007,15.652475842498529,14.317821063276352,16.0312195418814,16.1245154965971,17.029386365926403,20.09975124224178,17.11724276862369,19.235384061671347,17.46424919657298,20.0,18.027756377319946,19.026297590440446,18.027756377319946,17.029386365926403,15.297058540778355,1697990079.0709622
11.180339887498949,12.529964086141668,13.038404810405298,15.811388300841898,12.165525060596437,11.0,17.029386365926403,16.278820596099706,21.0,22.090722034374522,22.20360331117452,23.345235059857504,22.80350850198276,21.840329667841555,21.18962010041709,21.18962010041709,18.788294228055936,17.46424919657298,15.652475842498529,13.416407864998739,12.08304597359457,10.44030650891055,10.04987562112089,9.0,9.055385138137417,9.486832980505138,10.295630140987,10.63014581273465,12.041594578792296,12.727922061357857,14.142135623730951,15.620499351813308,17.69180601295413,14.866068747318504,14.142135623730951,12.041594578792296,11.313708498984761,11.40175425099138,12.08304597359457,13.601470508735444,14.560219778561038,15.297058540778355,16.278820596099706,15.132745950421555,16.278820596099706,17.11724276862369,17.46424919657298,16.492422502470642,16.76305461424021,16.278820596099706,15.297058540778355,13.038404810405298,1697990079.0789583
10.0,11.6619037896906,11.180339887498949,17.804493814764854,14.422205101855958,17.4928556845359,17.204650534085253,20.0,20.615528128088304,22.627416997969522,22.671568097509265,23.430749027719962,23.430749027719962,22.80350850198276,21.095023109728988,20.808652046684813,20.12461179749811,17.88854381999832,17.46424919657298,14.866068747318506,12.529964086141668,11.6619037896906,10.63014581273465,9.899494936611665,9.848857801796104,9.486832980505138,10.19803902718557,11.0,14.0356688476182,13.152946437965904,14.0356688476182,16.0312195418814,18.0,16.0,16.0312195418814,12.165525060596437,12.36931687685298,13.341664064126334,13.92838827718412,13.416407864998739,13.892443989449806,16.1245154965971,16.401219466856727,15.264337522473749,17.204650534085253,17.029386365926403,17.204650534085253,17.4928556845359,16.643316977093235,17.4928556845359,15.264337522473749,14.142135623730951,1697990079.0879605
8.06225774829855,10.0,8.246211251235321,17.88854381999832,14.422205101855958,13.92838827718412,18.35755975068582,17.88854381999832,19.313207915827967,21.587033144922902,20.09975124224178,23.769728648009423,24.0,23.53720459187964,22.360679774997898,25.317977802344327,19.026297590440446,20.615528128088304,20.223748416156685,15.03329637837291,9.055385138137417,12.0,9.055385138137417,8.06225774829855,14.142135623730951,9.219544457292887,6.708203932499369,12.806248474865697,14.0356688476182,13.152946437965904,16.55294535724685,16.492422502470642,19.697715603592208,16.0,17.204650534085253,14.317821063276352,11.40175425099138,10.0,15.524174696260024,11.045361017187261,15.0,13.601470508735444,19.235384061671347,15.297058540778355,18.110770276274835,17.26267650163207,18.027756377319946,17.029386365926403,21.095023109728984,17.4928556845359,17.029386365926403,13.341664064126334,1697990079.0986207
11.6619037896906,14.142135623730951,14.0356688476182,19.1049731745428,16.0,12.041594578792294,21.023796041628636,23.194827009486403,21.023796041628636,21.213203435596427,23.53720459187964,23.769728648009423,23.40939982143925,22.847319317591726,21.931712199461305,23.706539182259394,20.12461179749811,17.4928556845359,17.204650534085253,15.0,11.6619037896906,10.295630140987,9.486832980505138,9.486832980505138,9.055385138137417,8.54400374531753,11.180339887498949,10.816653826391969,11.40175425099138,14.142135623730951,17.029386365926403,17.804493814764854,18.35755975068582,16.643316977093235,16.1245154965971,14.7648230602334,10.816653826391969,10.0,14.422205101855958,13.892443989449806,14.317821063276352,16.15549442140351,18.38477631085024,17.08800749063506,17.08800749063506,16.76305461424021,20.12461179749811,18.788294228055936,17.88854381999832,16.55294535724685,15.652475842498529,15.524174696260024,1697990079.1209188
8.06225774829855,6.0827625302982185,18.439088914585778,10.04987562112089,16.0,15.03329637837291,15.03329637837291,18.248287590894655,18.248287590894655,20.8806130178211,20.615528128088304,22.472205054244235,20.12461179749811,19.4164878389476,21.633307652783937,20.615528128088304,18.60107523773827,15.620499351813308,17.69180601295413,14.7648230602334,9.219544457292887,7.810249675906654,7.810249675906654,6.324555320336759,11.180339887498949,8.06225774829855,10.04987562112089,8.54400374531753,10.295630140987,11.313708498984761,10.816653826391969,15.264337522473749,15.0,15.264337522473749,14.7648230602334,9.486832980505138,9.433981132056603,10.63014581273465,12.206555615733702,13.892443989449806,13.892443989449806,13.92838827718412,16.15549442140351,14.866068747318506,15.524174696260024,16.492422502470642,17.46424919657298,16.55294535724685,16.15549442140351,14.866068747318506,14.866068747318506,13.341664064126334,1697990079.1370847
12.165525060596437,16.278820596099706,8.0,15.03329637837291,15.297058540778355,15.132745950421555,17.46424919657298,15.652475842498529,18.681541692269406,19.1049731745428,21.095023109728984,24.331050121192874,21.095023109728984,19.0,20.024984394500787,24.186773244895647,16.278820596099706,16.492422502470642,13.92838827718412,13.341664064126334,11.180339887498949,10.04987562112089,10.0,8.246211251235321,10.04987562112089,9.219544457292887,9.433981132056603,9.433981132056603,12.08304597359457,12.649110640673518,13.0,17.88854381999832,16.1245154965971,13.416407864998739,12.529964086141668,10.816653826391969,11.180339887498949,10.19803902718557,13.152946437965904,11.045361017187261,12.0,14.142135623730951,16.1245154965971,14.560219778561038,15.297058540778355,14.866068747318506,17.46424919657298,17.11724276862369,16.0312195418814,15.132745950421555,15.132745950421555,12.36931687685298,1697990079.1460934
7.0710678118654755,12.806248474865697,15.556349186104047,13.601470508735444,13.601470508735444,14.422205101855958,14.422205101855958,19.1049731745428,20.808652046684813,19.1049731745428,21.93171219946131,24.839484696748443,21.400934559032695,20.248456731316587,20.8806130178211,21.02379604162864,17.46424919657298,14.317821063276352,15.297058540778355,14.0356688476182,13.416407864998739,9.433981132056603,9.219544457292887,8.06225774829855,10.04987562112089,8.54400374531753,10.63014581273465,11.6619037896906,13.341664064126334,15.0,11.045361017187261,18.110770276274835,15.811388300841898,15.811388300841898,17.26267650163207,11.704699910719626,9.0,9.0,13.038404810405298,11.045361017187261,16.0312195418814,16.278820596099706,18.248287590894655,16.492422502470642,18.439088914585778,17.46424919657298,19.026297590440446,18.027756377319946,19.026297590440446,17.029386365926403,16.0,14.142135623730951,1697990079.1614454
9.219544457292889,10.295630140987,21.377558326431952,17.0,19.697715603592208,17.0,21.18962010041709,21.470910553583888,22.472205054244235,21.840329667841555,24.041630560342615,25.495097567963924,25.317977802344327,26.019223662515373,24.020824298928627,23.0,23.194827009486403,19.6468827043885,17.11724276862369,16.278820596099706,13.152946437965904,13.152946437965904,11.704699910719626,8.54400374531753,9.219544457292889,8.06225774829855,10.63014581273465,13.038404810405298,14.866068747318504,16.401219466856727,13.453624047073712,17.69180601295413,19.849433241279208,18.439088914585774,15.620499351813308,14.422205101855958,10.63014581273465,13.601470508735444,15.264337522473749,18.35755975068582,19.235384061671343,18.35755975068582,19.697715603592208,17.46424919657298,20.6155281280883,19.697715603592208,21.095023109728988,20.0,20.248456731316587,17.029386365926403,19.723082923316017,16.15549442140351,1697990079.1771016
5.656854249492381,17.46424919657298,13.152946437965904,13.92838827718412,20.12461179749811,19.6468827043885,21.540659228538015,21.470910553583888,22.472205054244235,22.847319317591726,24.16609194718914,26.419689627245813,26.076809620810597,25.0,25.495097567963924,26.1725046566048,22.627416997969522,20.615528128088304,18.60107523773827,16.278820596099706,14.142135623730951,11.40175425099138,10.816653826391969,6.4031242374328485,10.0,11.045361017187261,10.63014581273465,13.038404810405298,13.341664064126334,16.278820596099706,15.811388300841898,18.973665961010276,18.248287590894655,18.248287590894655,17.11724276862369,14.317821063276352,13.601470508735444,14.317821063276352,16.1245154965971,18.35755975068582,19.235384061671343,20.12461179749811,20.518284528683193,19.849433241279208,20.0,19.849433241279208,20.0,19.4164878389476,19.4164878389476,18.60107523773827,17.204650534085253,16.278820596099706,1697990079.186109
12.806248474865697,17.46424919657298,12.041594578792296,18.973665961010276,11.704699910719626,16.492422502470642,21.02379604162864,19.235384061671343,24.186773244895647,24.207436873820413,26.076809620810597,28.0178514522438,26.907248094147423,24.758836806279895,24.041630560342618,26.1725046566048,22.671568097509265,17.08800749063506,17.204650534085253,17.88854381999832,14.422205101855958,12.727922061357857,12.041594578792296,10.295630140987,11.045361017187261,12.649110640673518,11.180339887498949,12.041594578792294,14.142135623730951,14.317821063276352,16.278820596099706,17.26267650163207,19.1049731745428,17.029386365926403,18.027756377319946,15.132745950421555,14.317821063276352,13.0,15.231546211727817,16.643316977093235,16.643316977093235,15.811388300841896,19.4164878389476,17.029386365926403,18.439088914585774,17.804493814764854,19.723082923316017,19.4164878389476,19.4164878389476,17.804493814764854,17.204650534085253,15.556349186104047,1697990079.2174954
14.0356688476182,7.0710678118654755,14.317821063276352,12.36931687685298,16.0312195418814,13.341664064126334,20.09975124224178,20.024984394500787,19.026297590440446,20.223748416156685,22.02271554554524,24.331050121192874,21.213203435596427,22.561028345356952,20.39607805437114,21.587033144922902,18.027756377319946,17.0,17.0,14.866068747318506,12.649110640673518,11.40175425099138,10.04987562112089,12.041594578792294,12.165525060596437,10.295630140987,12.529964086141668,13.601470508735444,13.038404810405298,16.401219466856727,16.401219466856727,16.278820596099706,17.0,14.866068747318504,16.643316977093235,14.212670403551895,12.041594578792296,10.295630140987,11.704699910719626,13.0,15.811388300841898,14.866068747318506,16.492422502470642,14.560219778561038,17.46424919657298,17.26267650163207,17.720045146669353,17.720045146669353,15.811388300841898,16.76305461424021,14.866068747318506,13.341664064126334,1697990079.2288883
11.40175425099138,6.4031242374328485,11.180339887498949,14.7648230602334,14.212670403551895,17.804493814764854,21.400934559032695,21.095023109728988,21.633307652783937,22.825424421026653,23.706539182259394,24.596747752497688,24.698178070456937,23.08679276123039,23.08679276123039,25.0,21.587033144922902,19.235384061671347,17.11724276862369,15.132745950421555,13.341664064126334,11.704699910719626,11.180339887498949,9.433981132056603,10.63014581273465,10.0,11.180339887498949,11.40175425099138,13.152946437965904,14.0356688476182,14.142135623730951,17.029386365926403,18.248287590894655,17.26267650163207,15.297058540778355,14.0,12.0,13.038404810405298,14.317821063276352,14.866068747318506,16.15549442140351,16.55294535724685,18.788294228055936,16.1245154965971,18.35755975068582,18.027756377319946,19.235384061671343,18.788294228055936,18.788294228055936,17.4928556845359,16.55294535724685,15.0,1697990079.2378862
15.620499351813308,12.0,10.19803902718557,19.235384061671347,18.110770276274835,17.26267650163207,18.110770276274835,20.248456731316587,22.135943621178658,22.135943621178658,22.135943621178658,24.698178070456937,23.259406699226012,24.186773244895647,22.80350850198276,24.207436873820413,21.213203435596427,19.1049731745428,17.029386365926403,15.0,13.453624047073712,11.40175425099138,10.295630140987,10.770329614269007,10.44030650891055,10.0,12.041594578792294,12.041594578792294,12.649110640673518,13.92838827718412,15.231546211727817,16.15549442140351,18.439088914585778,17.46424919657298,16.492422502470642,14.142135623730951,11.704699910719626,12.529964086141668,15.0,16.401219466856727,15.811388300841896,16.401219466856727,18.439088914585774,17.69180601295413,18.38477631085024,19.1049731745428,19.849433241279208,19.4164878389476,20.0,17.029386365926403,17.804493814764854,15.556349186104047,1697990079.2458868
13.92838827718412,9.848857801796104,18.681541692269406,18.38477631085024,18.027756377319946,20.024984394500787,19.4164878389476,20.223748416156685,22.80350850198276,23.769728648009426,24.186773244895647,26.832815729997478,25.238858928247925,24.413111231467404,23.021728866442675,25.238858928247925,21.2602916254693,18.439088914585774,18.38477631085024,14.866068747318504,12.041594578792296,12.529964086141668,11.40175425099138,9.848857801796104,11.40175425099138,10.04987562112089,11.045361017187261,11.180339887498949,13.416407864998739,14.422205101855958,14.317821063276352,18.35755975068582,18.027756377319946,17.08800749063506,17.46424919657298,14.866068747318506,13.416407864998739,13.416407864998739,14.212670403551895,14.142135623730951,17.029386365926403,17.804493814764854,19.209372712298546,18.027756377319946,18.867962264113206,17.4928556845359,20.0,19.209372712298546,19.849433241279208,17.804493814764854,16.278820596099706,15.264337522473749,1697990079.2640991
5.0,11.40175425099138,16.401219466856727,13.92838827718412,15.231546211727817,15.132745950421555,17.4928556845359,16.15549442140351,19.4164878389476,20.615528128088304,22.20360331117452,21.213203435596427,21.0,20.024984394500787,19.026297590440446,19.1049731745428,18.248287590894655,15.524174696260024,13.601470508735444,12.165525060596437,10.19803902718557,10.0,9.0,8.246211251235321,8.54400374531753,9.219544457292887,10.63014581273465,9.433981132056603,10.816653826391969,12.206555615733702,13.453624047073712,15.811388300841896,17.204650534085253,17.029386365926403,13.453624047073712,12.08304597359457,12.529964086141668,12.08304597359457,12.649110640673518,13.341664064126334,15.811388300841898,15.297058540778355,16.278820596099706,16.278820596099706,17.11724276862369,17.029386365926403,17.26267650163207,17.46424919657298,18.439088914585778,15.297058540778355,15.297058540778355,14.0,1697990079.273099
5.0,17.029386365926403,16.76305461424021,13.92838827718412,18.973665961010276,18.35755975068582,21.587033144922902,21.18962010041709,21.02379604162864,22.360679774997898,23.769728648009426,25.059928172283335,22.47220505424423,22.203603311174515,19.723082923316017,24.839484696748443,19.79898987322333,17.804493814764854,17.204650534085253,13.453624047073712,10.816653826391969,10.816653826391969,10.295630140987,9.219544457292889,11.045361017187261,13.038404810405298,11.180339887498949,12.08304597359457,13.92838827718412,16.401219466856727,13.453624047073712,17.204650534085253,19.235384061671343,17.69180601295413,18.027756377319946,15.0,12.041594578792296,14.142135623730951,14.7648230602334,16.55294535724685,16.55294535724685,18.027756377319946,18.681541692269406,18.439088914585778,19.6468827043885,18.439088914585778,22.135943621178658,21.840329667841555,19.4164878389476,19.313207915827967,18.027756377319946,15.297058540778355,1697990079.287122
6.708203932499369,8.602325267042627,15.231546211727817,14.142135623730951,16.1245154965971,13.453624047073712,15.264337522473749,18.867962264113206,19.209372712298546,21.213203435596427,22.022715545545243,24.758836806279895,23.3452350598575,21.93171219946131,20.615528128088304,22.80350850198276,21.095023109728988,17.804493814764854,15.811388300841898,13.0,13.453624047073712,10.816653826391969,12.806248474865697,7.211102550927979,8.0,7.280109889280519,9.055385138137417,10.19803902718557,11.40175425099138,13.416407864998739,15.652475842498529,15.264337522473749,15.231546211727817,16.643316977093235,15.231546211727817,12.649110640673518,11.6619037896906,13.0,11.40175425099138,11.40175425099138,14.212670403551895,15.652475842498529,16.643316977093235,15.652475842498529,16.1245154965971,17.08800749063506,17.204650534085253,17.4928556845359,17.4928556845359,15.652475842498529,15.264337522473749,13.92838827718412,1697990079.2991295
8.602325267042627,8.602325267042627,10.295630140987,16.643316977093235,14.866068747318504,15.0,16.278820596099706,17.69180601295413,20.615528128088304,18.60107523773827,20.0,23.706539182259394,21.470910553583888,19.723082923316017,22.825424421026653,21.540659228538015,18.0,14.866068747318506,15.811388300841898,12.649110640673518,10.770329614269007,10.295630140987,10.63014581273465,9.219544457292887,9.219544457292887,8.94427190999916,10.04987562112089,10.04987562112089,11.045361017187261,12.165525060596437,11.180339887498949,16.76305461424021,17.26267650163207,15.03329637837291,15.03329637837291,10.0,10.19803902718557,10.770329614269007,12.206555615733702,14.212670403551895,13.038404810405298,15.620499351813308,15.620499351813308,14.866068747318504,16.970562748477143,16.278820596099706,17.029386365926403,17.204650534085253,15.620499351813308,14.866068747318504,14.866068747318504,13.038404810405298,1697990079.3071337
10.04987562112089,8.602325267042627,14.422205101855958,16.1245154965971,18.027756377319946,19.723082923316017,18.027756377319946,17.4928556845359,21.095023109728988,19.697715603592208,18.973665961010276,25.495097567963924,24.73863375370596,22.80350850198276,20.39607805437114,23.345235059857504,20.0,16.15549442140351,16.0,12.649110640673518,8.246211251235321,9.486832980505138,7.810249675906654,8.602325267042627,13.453624047073712,8.485281374238571,9.848857801796104,10.770329614269007,12.165525060596437,14.0356688476182,14.0,17.029386365926403,17.029386365926403,18.027756377319946,14.0356688476182,16.1245154965971,10.44030650891055,11.6619037896906,11.704699910719626,15.0,14.422205101855958,16.1245154965971,18.35755975068582,17.4928556845359,20.0,16.643316977093235,17.029386365926403,17.204650534085253,18.38477631085024,17.029386365926403,17.804493814764854,14.212670403551895,1697990079.3251262
11.180339887498949,10.44030650891055,14.142135623730951,13.341664064126334,13.92838827718412,14.866068747318506,16.1245154965971,18.973665961010276,19.313207915827967,17.4928556845359,18.788294228055936,25.495097567963924,18.867962264113206,19.235384061671343,22.203603311174515,20.0,16.401219466856727,16.970562748477143,14.866068747318504,14.866068747318504,10.63014581273465,10.816653826391969,10.295630140987,8.06225774829855,10.44030650891055,9.055385138137417,10.19803902718557,10.770329614269007,10.63014581273465,11.313708498984761,13.416407864998739,17.204650534085253,16.55294535724685,15.652475842498529,18.38477631085024,10.295630140987,12.08304597359457,12.041594578792296,13.892443989449806,12.806248474865697,14.212670403551895,13.601470508735444,16.643316977093235,17.0,14.7648230602334,17.204650534085253,19.79898987322333,19.1049731745428,17.029386365926403,15.620499351813308,13.892443989449806,13.92838827718412,1697990079.334129
10.04987562112089,12.041594578792294,14.0356688476182,16.0,16.0312195418814,16.1245154965971,18.0,20.024984394500787,20.09975124224178,21.095023109728984,21.095023109728984,21.377558326431952,22.360679774997898,21.840329667841555,20.8806130178211,21.540659228538015,16.401219466856727,16.55294535724685,15.231546211727817,14.7648230602334,11.40175425099138,11.40175425099138,10.04987562112089,8.06225774829855,9.055385138137417,9.486832980505138,11.180339887498949,8.602325267042627,10.816653826391969,13.038404810405298,14.212670403551895,17.69180601295413,17.029386365926403,16.278820596099706,16.401219466856727,12.206555615733702,10.816653826391969,12.529964086141668,12.36931687685298,14.866068747318506,14.560219778561038,15.297058540778355,17.26267650163207,16.278820596099706,16.278820596099706,17.26267650163207,17.26267650163207,17.720045146669353,17.46424919657298,17.11724276862369,16.278820596099706,14.0,1697990079.3421245
3.6055512754639896,5.656854249492381,13.416407864998739,15.297058540778355,14.422205101855958,18.027756377319946,16.76305461424021,17.88854381999832,19.723082923316017,19.849433241279208,21.2602916254693,21.93171219946131,21.2602916254693,21.400934559032695,20.0,22.022715545545243,17.0,15.811388300841896,15.811388300841896,14.7648230602334,11.180339887498949,12.206555615733702,10.816653826391969,10.0,7.810249675906654,7.280109889280519,10.04987562112089,9.055385138137417,10.19803902718557,13.601470508735444,13.341664064126334,15.297058540778355,17.11724276862369,16.0312195418814,16.0312195418814,13.038404810405298,11.180339887498949,9.848857801796104,12.649110640673518,13.038404810405298,15.264337522473749,15.0,18.027756377319946,16.278820596099706,17.029386365926403,17.029386365926403,17.4928556845359,20.808652046684813,20.615528128088304,14.866068747318504,15.264337522473749,13.453624047073712,1697990079.3600323
6.708203932499369,9.219544457292887,13.038404810405298,12.041594578792296,16.643316977093235,13.038404810405298,18.788294228055936,18.788294228055936,19.697715603592208,18.027756377319946,19.313207915827967,20.39607805437114,22.80350850198276,20.39607805437114,18.110770276274835,18.110770276274835,19.1049731745428,18.248287590894655,15.297058540778355,14.0356688476182,11.40175425099138,8.0,9.055385138137417,7.211102550927979,7.211102550927979,12.806248474865697,8.54400374531753,11.045361017187261,10.44030650891055,11.40175425099138,15.811388300841898,16.15549442140351,17.88854381999832,16.15549442140351,13.892443989449806,13.92838827718412,12.649110640673518,10.19803902718557,12.0,14.0,16.0,16.0312195418814,17.11724276862369,16.278820596099706,17.26267650163207,17.26267650163207,17.11724276862369,17.11724276862369,17.029386365926403,13.92838827718412,18.248287590894655,17.08800749063506,1697990079.373891
11.40175425099138,10.19803902718557,16.55294535724685,14.422205101855958,15.652475842498529,16.278820596099706,20.615528128088304,18.027756377319946,19.723082923316017,19.849433241279208,22.203603311174515,22.022715545545243,22.671568097509265,21.93171219946131,19.849433241279208,22.80350850198276,18.60107523773827,17.4928556845359,15.264337522473749,13.038404810405298,11.40175425099138,11.313708498984761,10.63014581273465,9.219544457292887,8.54400374531753,9.055385138137417,11.045361017187261,12.165525060596437,11.704699910719626,13.92838827718412,15.524174696260024,15.811388300841898,17.46424919657298,16.278820596099706,15.524174696260024,14.560219778561038,12.08304597359457,13.416407864998739,15.264337522473749,15.620499351813308,16.643316977093235,16.278820596099706,19.849433241279208,16.278820596099706,18.38477631085024,17.69180601295413,19.849433241279208,18.439088914585774,17.69180601295413,17.804493814764854,15.620499351813308,13.453624047073712,1697990079.3907015
8.0,14.560219778561038,13.601470508735444,19.924858845171276,14.0356688476182,16.55294535724685,19.4164878389476,19.235384061671343,19.697715603592208,20.591260281974,22.472205054244235,23.259406699226012,24.186773244895647,22.022715545545243,21.2602916254693,25.238858928247925,19.849433241279208,14.866068747318504,15.556349186104047,13.453624047073712,10.63014581273465,10.63014581273465,10.63014581273465,6.324555320336759,7.280109889280519,9.055385138137417,9.219544457292889,9.486832980505138,12.806248474865697,12.727922061357857,13.038404810405298,14.142135623730951,13.416407864998739,14.7648230602334,13.0,12.529964086141668,12.041594578792296,13.601470508735444,10.63014581273465,15.0,16.1245154965971,17.0,17.0,15.652475842498529,16.55294535724685,17.46424919657298,16.1245154965971,16.15549442140351,16.1245154965971,15.231546211727817,13.601470508735444,12.36931687685298,1697990079.3997025
8.0,10.0,15.264337522473749,16.970562748477143,15.0,15.620499351813308,15.811388300841896,23.853720883753127,20.248456731316587,21.02379604162864,20.0,22.472205054244235,22.847319317591726,19.313207915827967,20.615528128088304,23.769728648009423,19.924858845171276,17.720045146669353,15.524174696260024,13.601470508735444,9.486832980505138,10.44030650891055,8.246211251235321,12.041594578792296,5.8309518948453,10.295630140987,8.06225774829855,10.770329614269007,11.40175425099138,15.132745950421555,13.0,14.142135623730951,16.278820596099706,17.46424919657298,16.492422502470642,14.0356688476182,14.0,12.165525060596437,12.165525060596437,15.811388300841898,13.92838827718412,16.55294535724685,19.313207915827967,16.55294535724685,15.652475842498529,17.0,17.0,17.029386365926403,16.15549442140351,13.92838827718412,14.317821063276352,13.038404810405298,1697990079.4196332
14.317821063276352,9.219544457292887,14.866068747318504,15.556349186104047,19.209372712298546,16.278820596099706,20.615528128088304,15.620499351813308,19.849433241279208,20.808652046684813,22.80350850198276,22.47220505424423,21.633307652783937,21.02379604162864,24.16609194718914,22.472205054244235,19.313207915827967,19.924858845171276,14.0356688476182,16.278820596099706,14.560219778561038,13.92838827718412,7.280109889280519,12.041594578792296,12.649110640673518,12.041594578792296,13.038404810405298,10.770329614269007,8.246211251235321,13.601470508735444,14.317821063276352,13.152946437965904,16.1245154965971,13.0,16.0312195418814,14.0356688476182,11.704699910719626,10.04987562112089,10.04987562112089,12.041594578792296,18.35755975068582,15.811388300841896,16.1245154965971,15.811388300841896,15.811388300841896,17.204650534085253,17.0,16.278820596099706,17.029386365926403,15.0,13.892443989449806,12.806248474865697,1697990079.430634
13.341664064126334,12.36931687685298,13.038404810405298,16.278820596099706,17.029386365926403,17.029386365926403,15.03329637837291,20.248456731316587,20.223748416156685,19.6468827043885,22.135943621178658,23.40939982143925,21.470910553583888,21.931712199461305,20.248456731316587,22.360679774997898,19.4164878389476,16.643316977093235,15.620499351813308,15.0,13.453624047073712,13.416407864998739,11.045361017187261,6.324555320336759,11.40175425099138,11.180339887498949,11.180339887498949,9.0,10.816653826391969,10.44030650891055,16.15549442140351,17.0,17.4928556845359,18.35755975068582,14.317821063276352,14.317821063276352,12.806248474865697,13.453624047073712,10.63014581273465,16.401219466856727,17.804493814764854,16.970562748477143,17.804493814764854,15.0,17.204650534085253,18.60107523773827,19.1049731745428,18.439088914585774,17.029386365926403,17.029386365926403,16.278820596099706,13.038404810405298,1697990079.4386327
10.816653826391969,9.219544457292889,12.165525060596437,14.0356688476182,16.76305461424021,15.652475842498529,16.492422502470642,18.027756377319946,18.38477631085024,21.02379604162864,22.47220505424423,21.095023109728988,21.400934559032695,24.758836806279895,22.671568097509265,21.2602916254693,16.401219466856727,17.204650534085253,15.620499351813308,14.866068747318504,13.453624047073712,13.601470508735444,13.038404810405298,7.211102550927979,10.44030650891055,8.94427190999916,7.0,9.219544457292889,11.180339887498949,11.6619037896906,16.15549442140351,16.55294535724685,15.231546211727817,15.132745950421555,14.317821063276352,15.811388300841898,11.180339887498949,12.36931687685298,12.529964086141668,12.806248474865697,15.231546211727817,13.416407864998739,15.811388300841896,13.416407864998739,16.15549442140351,15.231546211727817,17.0,15.264337522473749,14.422205101855958,15.0,16.278820596099706,12.649110640673518,1697990079.4476323
10.0,12.08304597359457,16.643316977093235,14.866068747318504,16.278820596099706,11.313708498984761,17.46424919657298,19.1049731745428,16.970562748477143,17.69180601295413,24.16609194718914,22.627416997969522,21.400934559032695,20.248456731316587,22.671568097509265,20.591260281974,16.1245154965971,20.39607805437114,14.866068747318506,14.422205101855958,14.866068747318506,11.6619037896906,13.038404810405298,7.211102550927979,10.44030650891055,8.94427190999916,11.180339887498949,10.770329614269007,13.601470508735444,16.492422502470642,9.848857801796104,17.08800749063506,18.0,14.142135623730951,13.038404810405298,11.180339887498949,9.433981132056603,12.36931687685298,10.0,13.601470508735444,15.231546211727817,14.212670403551895,17.029386365926403,14.212670403551895,15.620499351813308,14.422205101855958,16.278820596099706,14.866068747318504,14.212670403551895,13.601470508735444,12.806248474865697,12.529964086141668,1697990079.4566321
12.08304597359457,11.313708498984761,15.0,14.212670403551895,18.027756377319946,16.643316977093235,18.439088914585774,19.1049731745428,20.615528128088304,21.93171219946131,24.758836806279895,24.207436873820413,22.022715545545243,22.847319317591726,20.591260281974,21.470910553583888,20.6155281280883,18.973665961010276,13.92838827718412,12.649110640673518,14.7648230602334,12.806248474865697,12.041594578792296,13.453624047073712,9.219544457292887,7.810249675906654,12.041594578792294,10.770329614269007,15.524174696260024,12.649110640673518,9.848857801796104,18.248287590894655,20.09975124224178,17.11724276862369,15.132745950421555,15.0,14.142135623730951,14.0356688476182,12.08304597359457,15.0,19.723082923316017,15.811388300841896,18.35755975068582,15.811388300841896,17.029386365926403,17.204650534085253,18.027756377319946,18.867962264113206,18.027756377319946,15.811388300841896,15.264337522473749,14.142135623730951,1697990079.4764462
11.0,9.219544457292889,15.0,14.212670403551895,17.46424919657298,16.1245154965971,19.313207915827967,18.681541692269406,19.235384061671347,19.4164878389476,20.024984394500787,21.095023109728984,20.09975124224178,23.086792761230395,20.223748416156685,21.095023109728984,18.439088914585778,14.317821063276352,15.652475842498529,13.038404810405298,10.44030650891055,9.055385138137417,10.04987562112089,6.0827625302982185,8.246211251235321,9.219544457292887,10.0,12.041594578792296,15.524174696260024,11.704699910719626,13.92838827718412,15.264337522473749,18.60107523773827,14.212670403551895,13.892443989449806,10.770329614269007,13.92838827718412,13.601470508735444,12.649110640673518,14.142135623730951,15.0,16.0,16.1245154965971,15.811388300841896,16.1245154965971,17.029386365926403,16.0312195418814,15.132745950421555,17.029386365926403,15.0,14.0,12.649110640673518,1697990079.4864442
14.317821063276352,12.649110640673518,15.811388300841896,13.892443989449806,18.35755975068582,17.88854381999832,22.472205054244235,20.615528128088304,23.3452350598575,19.4164878389476,22.627416997969522,25.455844122715714,24.08318915758459,25.0,22.80350850198276,24.207436873820413,20.808652046684813,18.35755975068582,17.88854381999832,14.422205101855958,12.206555615733702,12.727922061357857,10.0,10.295630140987,9.433981132056603,11.045361017187261,11.0,13.152946437965904,12.529964086141668,13.892443989449806,15.264337522473749,17.46424919657298,20.6155281280883,17.08800749063506,17.08800749063506,14.317821063276352,13.038404810405298,15.0,13.453624047073712,15.620499351813308,18.60107523773827,18.027756377319946,19.4164878389476,17.88854381999832,20.12461179749811,19.697715603592208,22.47220505424423,18.60107523773827,20.0,16.1245154965971,17.204650534085253,14.866068747318506,1697990079.496246
13.601470508735444,17.804493814764854,19.209372712298546,18.38477631085024,19.1049731745428,19.723082923316017,22.022715545545243,21.93171219946131,23.430749027719962,25.0,22.627416997969522,26.076809620810597,26.419689627245813,24.16609194718914,22.847319317591726,26.92582403567252,22.135943621178658,20.8806130178211,15.524174696260024,17.26267650163207,13.341664064126334,13.92838827718412,10.770329614269007,10.0,11.40175425099138,10.295630140987,11.704699910719626,11.40175425099138,13.152946437965904,15.0,16.0,19.0,17.029386365926403,18.110770276274835,14.0356688476182,12.041594578792294,14.0,13.038404810405298,13.601470508735444,14.317821063276352,15.297058540778355,16.15549442140351,20.12461179749811,16.1245154965971,17.0,18.60107523773827,20.248456731316587,18.788294228055936,18.681541692269406,16.1245154965971,14.317821063276352,15.0,1697990079.5093598
13.601470508735444,4.47213595499958,13.892443989449806,17.69180601295413,16.401219466856727,19.209372712298546,17.0,21.2602916254693,20.0,23.430749027719962,26.1725046566048,26.832815729997478,24.186773244895647,25.059928172283335,23.259406699226012,26.92582403567252,22.472205054244235,21.095023109728988,12.36931687685298,13.601470508735444,16.0312195418814,9.848857801796104,10.770329614269007,10.0,9.486832980505138,10.44030650891055,12.165525060596437,12.0,12.0,15.297058540778355,16.0312195418814,19.0,18.0,17.029386365926403,14.0356688476182,18.0,14.560219778561038,14.7648230602334,14.317821063276352,18.60107523773827,17.0,18.867962264113206,18.027756377319946,19.209372712298546,18.439088914585774,20.248456731316587,22.80350850198276,19.209372712298546,20.615528128088304,17.69180601295413,17.69180601295413,16.278820596099706,1697990079.5178692
7.810249675906654,12.529964086141668,11.704699910719626,13.038404810405298,15.231546211727817,11.0,18.027756377319946,17.804493814764854,19.697715603592208,17.720045146669353,19.4164878389476,22.360679774997898,21.095023109728984,20.024984394500787,18.110770276274835,19.026297590440446,17.029386365926403,15.0,14.0,13.0,11.045361017187261,10.19803902718557,9.055385138137417,7.280109889280519,8.602325267042627,8.485281374238571,9.433981132056603,10.295630140987,10.44030650891055,12.649110640673518,13.601470508735444,14.560219778561038,14.866068747318506,13.92838827718412,13.601470508735444,12.36931687685298,11.180339887498949,12.041594578792294,11.045361017187261,14.317821063276352,14.142135623730951,14.317821063276352,15.297058540778355,15.524174696260024,15.811388300841898,17.08800749063506,15.524174696260024,16.278820596099706,16.492422502470642,14.317821063276352,12.649110640673518,13.416407864998739,1697990079.52687
10.19803902718557,11.180339887498949,12.041594578792294,16.278820596099706,16.1245154965971,17.26267650163207,15.132745950421555,18.248287590894655,19.6468827043885,19.924858845171276,20.615528128088304,23.08679276123039,21.540659228538015,21.470910553583888,19.4164878389476,21.095023109728988,17.204650534085253,17.204650534085253,14.212670403551895,13.601470508735444,10.816653826391969,11.180339887498949,8.94427190999916,10.19803902718557,10.04987562112089,9.055385138137417,10.44030650891055,9.848857801796104,12.08304597359457,13.601470508735444,12.529964086141668,15.620499351813308,13.892443989449806,14.7648230602334,14.7648230602334,13.038404810405298,11.40175425099138,12.041594578792296,12.041594578792296,14.422205101855958,16.401219466856727,15.231546211727817,16.1245154965971,15.652475842498529,15.652475842498529,15.652475842498529,17.4928556845359,16.643316977093235,16.1245154965971,15.652475842498529,14.7648230602334,13.92838827718412,1697990079.5409343
10.816653826391969,11.40175425099138,15.264337522473749,15.811388300841898,16.643316977093235,16.76305461424021,18.38477631085024,18.248287590894655,21.633307652783937,25.0,25.238858928247925,27.018512172212596,25.495097567963924,24.041630560342618,23.430749027719962,25.495097567963924,21.633307652783937,20.248456731316587,17.4928556845359,14.422205101855958,14.422205101855958,12.206555615733702,10.63014581273465,11.313708498984761,11.6619037896906,10.19803902718557,12.041594578792294,11.045361017187261,14.142135623730951,13.0,15.524174696260024,16.76305461424021,17.11724276862369,16.278820596099706,16.278820596099706,13.341664064126334,13.0,13.0,15.0,14.212670403551895,15.811388300841896,15.556349186104047,19.79898987322333,16.970562748477143,18.38477631085024,17.204650534085253,18.439088914585774,19.849433241279208,17.69180601295413,17.69180601295413,16.278820596099706,13.601470508735444,1697990079.5499003
12.529964086141668,8.54400374531753,13.92838827718412,15.0,17.0,19.235384061671343,20.591260281974,18.867962264113206,23.60084744241189,21.400934559032695,21.2602916254693,21.93171219946131,23.430749027719962,22.80350850198276,22.80350850198276,22.80350850198276,18.867962264113206,19.723082923316017,16.643316977093235,15.652475842498529,13.0,12.529964086141668,10.63014581273465,10.63014581273465,10.816653826391969,8.94427190999916,9.219544457292889,11.045361017187261,10.04987562112089,13.152946437965904,14.0356688476182,17.0,17.029386365926403,16.0312195418814,15.0,13.0,12.165525060596437,12.165525060596437,13.92838827718412,14.317821063276352,14.317821063276352,14.422205101855958,17.0,14.7648230602334,16.1245154965971,17.88854381999832,20.12461179749811,16.1245154965971,16.76305461424021,15.231546211727817,14.7648230602334,13.601470508735444,1697990079.5578992
12.529964086141668,9.433981132056603,13.92838827718412,15.0,13.038404810405298,15.620499351813308,13.92838827718412,18.027756377319946,18.439088914585774,18.867962264113206,17.804493814764854,20.615528128088304,23.430749027719962,19.209372712298546,20.0,19.209372712298546,16.401219466856727,15.811388300841896,15.811388300841896,12.529964086141668,10.816653826391969,9.433981132056603,9.219544457292887,6.4031242374328485,7.211102550927979,7.280109889280519,8.06225774829855,11.045361017187261,8.246211251235321,12.08304597359457,11.704699910719626,12.206555615733702,14.866068747318506,11.704699910719626,12.08304597359457,12.08304597359457,9.433981132056603,10.63014581273465,12.041594578792296,11.313708498984761,12.041594578792296,13.416407864998739,17.0,14.7648230602334,14.560219778561038,17.88854381999832,20.12461179749811,15.811388300841896,16.76305461424021,15.231546211727817,14.7648230602334,11.180339887498949,1697990079.572722
13.453624047073712,17.804493814764854,12.041594578792294,16.278820596099706,15.03329637837291,19.6468827043885,14.866068747318506,20.12461179749811,22.360679774997898,22.090722034374522,23.086792761230395,24.083189157584588,24.0,24.020824298928627,23.021728866442675,24.020824298928627,21.095023109728984,19.235384061671347,17.26267650163207,16.278820596099706,13.152946437965904,12.041594578792294,10.04987562112089,9.486832980505138,9.848857801796104,9.219544457292887,9.433981132056603,10.770329614269007,9.486832980505138,15.297058540778355,12.649110640673518,12.206555615733702,18.38477631085024,13.341664064126334,16.15549442140351,11.180339887498949,13.038404810405298,13.152946437965904,13.152946437965904,15.811388300841898,16.492422502470642,17.08800749063506,19.697715603592208,17.46424919657298,18.788294228055936,19.235384061671343,20.248456731316587,20.12461179749811,19.313207915827967,18.788294228055936,15.231546211727817,17.029386365926403,1697990079.5847208
12.206555615733702,8.06225774829855,17.029386365926403,18.788294228055936,17.08800749063506,17.029386365926403,14.866068747318506,19.313207915827967,22.472205054244235,22.472205054244235,24.351591323771842,25.63201123595259,24.596747752497688,24.186773244895647,23.853720883753127,25.553864678361276,21.400934559032695,20.615528128088304,18.439088914585774,16.278820596099706,14.212670403551895,13.038404810405298,11.180339887498949,10.44030650891055,10.04987562112089,10.0,12.36931687685298,13.0,13.892443989449806,9.848857801796104,14.142135623730951,18.439088914585774,18.027756377319946,17.204650534085253,17.204650534085253,14.212670403551895,13.453624047073712,13.453624047073712,15.264337522473749,15.652475842498529,16.55294535724685,17.08800749063506,19.313207915827967,17.46424919657298,18.681541692269406,17.46424919657298,20.248456731316587,18.027756377319946,17.720045146669353,16.492422502470642,16.492422502470642,14.0356688476182,1697990079.5968356
12.206555615733702,13.453624047073712,17.029386365926403,14.142135623730951,14.142135623730951,15.620499351813308,15.811388300841896,20.248456731316587,18.867962264113206,19.4164878389476,20.0,21.633307652783937,21.470910553583888,21.02379604162864,20.6155281280883,21.540659228538015,18.681541692269406,18.681541692269406,16.492422502470642,14.317821063276352,12.36931687685298,11.180339887498949,8.54400374531753,8.602325267042627,9.219544457292887,8.602325267042627,8.94427190999916,9.055385138137417,10.0,12.041594578792294,12.041594578792294,15.03329637837291,15.0,15.03329637837291,13.038404810405298,13.038404810405298,13.453624047073712,12.649110640673518,12.529964086141668,13.601470508735444,13.038404810405298,14.7648230602334,15.652475842498529,14.866068747318504,16.643316977093235,17.029386365926403,18.439088914585774,16.55294535724685,14.422205101855958,16.278820596099706,13.601470508735444,12.727922061357857,1697990079.6069043
11.045361017187261,16.643316977093235,19.209372712298546,19.924858845171276,20.615528128088304,20.248456731316587,15.811388300841896,21.840329667841555,24.73863375370596,19.4164878389476,21.587033144922902,21.633307652783937,26.019223662515373,27.0,26.019223662515373,28.017851452243796,22.561028345356952,22.20360331117452,16.492422502470642,14.317821063276352,12.041594578792294,13.0,8.54400374531753,9.055385138137417,10.295630140987,8.602325267042627,10.63014581273465,8.602325267042627,10.770329614269007,11.704699910719626,17.4928556845359,15.03329637837291,17.0,15.811388300841896,18.38477631085024,17.4928556845359,12.08304597359457,13.892443989449806,17.46424919657298,18.027756377319946,16.278820596099706,18.0,19.235384061671347,14.866068747318504,19.1049731745428,17.029386365926403,21.213203435596427,19.6468827043885,22.20360331117452,18.027756377319946,16.1245154965971,17.08800749063506,1697990079.6202943
13.601470508735444,14.142135623730951,11.704699910719626,18.027756377319946,20.09975124224178,16.15549442140351,21.213203435596427,20.024984394500787,24.331050121192874,22.360679774997898,23.194827009486403,27.018512172212592,24.020824298928627,24.186773244895647,24.331050121192874,25.317977802344327,20.615528128088304,19.924858845171276,16.76305461424021,15.524174696260024,13.341664064126334,13.152946437965904,11.045361017187261,10.19803902718557,10.44030650891055,10.295630140987,12.206555615733702,11.6619037896906,12.206555615733702,13.416407864998739,14.422205101855958,18.60107523773827,20.248456731316587,18.027756377319946,18.35755975068582,15.652475842498529,13.416407864998739,15.231546211727817,13.601470508735444,16.278820596099706,17.46424919657298,18.027756377319946,20.09975124224178,18.110770276274835,19.026297590440446,19.026297590440446,21.023796041628636,19.1049731745428,16.0312195418814,14.0356688476182,17.0,17.029386365926403,1697990079.6293
8.602325267042627,8.94427190999916,15.231546211727817,18.35755975068582,15.811388300841898,17.4928556845359,16.15549442140351,20.248456731316587,18.867962264113206,21.400934559032695,21.95449840010015,24.69817807045694,23.3452350598575,22.627416997969522,20.615528128088304,23.430749027719962,19.209372712298546,17.4928556845359,16.1245154965971,14.7648230602334,13.601470508735444,11.40175425099138,9.899494936611665,9.848857801796104,10.770329614269007,10.04987562112089,11.0,10.19803902718557,12.36931687685298,13.92838827718412,14.142135623730951,18.38477631085024,18.439088914585778,17.11724276862369,15.297058540778355,14.560219778561038,13.92838827718412,13.892443989449806,16.1245154965971,16.643316977093235,17.4928556845359,16.401219466856727,19.209372712298546,18.38477631085024,19.209372712298546,17.69180601295413,20.0,18.867962264113206,18.60107523773827,16.278820596099706,16.401219466856727,14.866068747318504,1697990079.6441677
11.180339887498949,15.0,11.045361017187261,18.248287590894655,13.038404810405298,16.278820596099706,19.026297590440446,22.360679774997898,20.39607805437114,17.029386365926403,18.110770276274835,22.561028345356952,21.587033144922902,22.80350850198276,21.18962010041709,20.248456731316587,19.697715603592208,17.46424919657298,18.027756377319946,14.317821063276352,11.704699910719626,12.165525060596437,6.324555320336759,9.055385138137417,9.219544457292889,9.848857801796104,10.295630140987,11.313708498984761,12.806248474865697,13.601470508735444,17.88854381999832,16.1245154965971,16.401219466856727,17.4928556845359,14.866068747318504,12.806248474865697,12.08304597359457,12.649110640673518,14.317821063276352,16.0312195418814,13.341664064126334,16.0312195418814,17.029386365926403,17.0,18.0,17.0,18.027756377319946,18.027756377319946,16.0,15.0,14.0,14.317821063276352,1697990079.6541536
11.6619037896906,7.810249675906654,14.317821063276352,16.55294535724685,16.15549442140351,13.892443989449806,16.76305461424021,15.264337522473749,20.0,21.095023109728988,21.470910553583888,27.018512172212596,24.839484696748443,24.08318915758459,23.430749027719962,24.207436873820413,19.209372712298546,18.027756377319946,17.4928556845359,14.7648230602334,12.206555615733702,12.206555615733702,9.219544457292887,8.602325267042627,9.848857801796104,9.055385138137417,10.0,11.180339887498949,13.341664064126334,14.317821063276352,17.08800749063506,19.6468827043885,20.39607805437114,16.278820596099706,17.029386365926403,14.317821063276352,13.601470508735444,13.601470508735444,14.422205101855958,17.204650534085253,16.643316977093235,17.029386365926403,19.209372712298546,18.439088914585774,19.849433241279208,19.209372712298546,18.027756377319946,18.867962264113206,18.60107523773827,18.60107523773827,15.620499351813308,15.556349186104047,1697990079.6640873
15.231546211727817,12.806248474865697,12.806248474865697,18.35755975068582,12.041594578792296,18.60107523773827,18.027756377319946,21.02379604162864,20.615528128088304,19.723082923316017,23.259406699226012,25.495097567963924,23.40939982143925,23.769728648009423,20.615528128088304,25.709920264364882,19.1049731745428,18.027756377319946,16.0312195418814,14.0,12.165525060596437,11.180339887498949,9.486832980505138,8.54400374531753,9.219544457292887,10.0,10.816653826391969,11.704699910719626,13.341664064126334,15.297058540778355,15.811388300841898,16.76305461424021,17.08800749063506,18.38477631085024,17.46424919657298,14.866068747318506,14.317821063276352,14.0356688476182,15.03329637837291,16.0312195418814,17.0,18.110770276274835,19.026297590440446,19.1049731745428,20.09975124224178,19.026297590440446,21.023796041628636,19.1049731745428,20.024984394500787,18.248287590894655,17.0,15.132745950421555,1697990079.6731625
12.08304597359457,15.0,9.219544457292889,15.297058540778355,17.0,21.377558326431952,17.720045146669353,21.095023109728984,23.0,20.09975124224178,23.259406699226012,27.16615541441225,23.40939982143925,26.92582403567252,25.0,25.709920264364882,22.472205054244235,18.027756377319946,17.46424919657298,14.0,14.7648230602334,13.0,13.038404810405298,11.0,12.041594578792294,8.54400374531753,12.08304597359457,12.041594578792296,13.892443989449806,13.892443989449806,13.416407864998739,15.264337522473749,17.08800749063506,18.60107523773827,20.248456731316587,15.0,15.811388300841898,15.03329637837291,16.492422502470642,15.03329637837291,18.110770276274835,18.248287590894655,19.026297590440446,19.1049731745428,19.1049731745428,20.223748416156685,18.027756377319946,18.0,19.1049731745428,18.110770276274835,16.0312195418814,13.601470508735444,1697990079.6831627
8.602325267042627,15.297058540778355,18.681541692269406,16.76305461424021,18.439088914585778,21.377558326431952,17.11724276862369,19.313207915827967,20.09975124224178,22.090722034374522,23.086792761230395,24.020824298928627,24.020824298928627,23.086792761230395,22.090722034374522,23.194827009486403,19.4164878389476,19.4164878389476,17.46424919657298,14.317821063276352,12.165525060596437,12.0,10.0,8.54400374531753,8.94427190999916,7.810249675906654,10.295630140987,11.180339887498949,12.36931687685298,14.317821063276352,15.524174696260024,17.720045146669353,18.681541692269406,16.76305461424021,15.811388300841898,14.560219778561038,14.0356688476182,13.038404810405298,13.038404810405298,18.973665961010276,18.110770276274835,15.524174696260024,19.313207915827967,16.55294535724685,20.248456731316587,19.235384061671343,19.313207915827967,18.973665961010276,19.313207915827967,17.46424919657298,16.15549442140351,14.422205101855958,1697990079.6931608
10.04987562112089,9.219544457292887,14.0356688476182,15.0,15.231546211727817,18.027756377319946,13.416407864998739,21.18962010041709,20.6155281280883,20.8806130178211,22.135943621178658,22.472205054244235,22.090722034374522,22.360679774997898,22.02271554554524,22.0,20.024984394500787,17.0,16.1245154965971,14.0356688476182,13.038404810405298,11.0,10.04987562112089,9.219544457292889,9.848857801796104,8.602325267042627,10.0,10.816653826391969,12.36931687685298,13.0,13.416407864998739,15.231546211727817,16.1245154965971,15.811388300841896,16.643316977093235,13.038404810405298,12.08304597359457,11.704699910719626,13.341664064126334,14.142135623730951,15.132745950421555,16.0312195418814,17.0,16.0,17.0,17.0,18.110770276274835,17.11724276862369,16.1245154965971,15.03329637837291,14.142135623730951,13.0,1697990079.7050877
8.246211251235321,12.08304597359457,14.7648230602334,16.55294535724685,16.55294535724685,18.027756377319946,19.313207915827967,18.788294228055936,18.973665961010276,20.39607805437114,20.39607805437114,23.769728648009423,23.345235059857504,21.0,22.20360331117452,21.023796041628636,19.1049731745428,17.0,16.76305461424021,18.110770276274835,11.180339887498949,15.03329637837291,10.770329614269007,10.0,6.708203932499369,9.899494936611665,9.219544457292887,10.63014581273465,12.649110640673518,13.601470508735444,14.7648230602334,16.76305461424021,17.88854381999832,15.231546211727817,15.652475842498529,13.416407864998739,11.40175425099138,15.03329637837291,13.152946437965904,15.03329637837291,14.0356688476182,16.0,18.027756377319946,17.029386365926403,18.027756377319946,18.027756377319946,18.0,18.027756377319946,16.1245154965971,15.132745950421555,15.03329637837291,13.341664064126334,1697990079.7162092
13.0,13.0,13.038404810405298,15.132745950421555,17.720045146669353,14.0356688476182,13.152946437965904,21.377558326431952,19.026297590440446,20.0,21.0,21.023796041628636,21.213203435596427,21.213203435596427,20.615528128088304,22.090722034374522,19.697715603592208,17.69180601295413,15.524174696260024,13.0,11.40175425099138,10.19803902718557,9.486832980505138,7.0710678118654755,9.486832980505138,9.433981132056603,9.899494936611665,10.0,11.6619037896906,13.416407864998739,13.892443989449806,16.1245154965971,17.204650534085253,15.811388300841896,17.4928556845359,17.029386365926403,10.770329614269007,13.0,13.341664064126334,15.132745950421555,16.1245154965971,16.0312195418814,18.027756377319946,17.0,18.027756377319946,18.027756377319946,18.110770276274835,18.248287590894655,17.11724276862369,16.0312195418814,16.0312195418814,14.142135623730951,1697990079.727125
8.246211251235321,9.486832980505138,17.11724276862369,15.132745950421555,16.492422502470642,14.0,17.26267650163207,19.723082923316017,18.439088914585778,18.248287590894655,20.615528128088304,26.92582403567252,23.769728648009426,21.213203435596427,22.022715545545243,26.92582403567252,15.811388300841898,20.12461179749811,18.867962264113206,12.806248474865697,12.08304597359457,11.6619037896906,8.06225774829855,8.54400374531753,7.211102550927979,6.708203932499369,7.211102550927979,7.810249675906654,9.899494936611665,10.0,14.142135623730951,16.278820596099706,15.556349186104047,16.278820596099706,14.212670403551895,9.433981132056603,12.08304597359457,12.206555615733702,13.601470508735444,14.560219778561038,13.0,13.601470508735444,17.26267650163207,15.297058540778355,17.46424919657298,16.278820596099706,18.439088914585778,18.788294228055936,15.132745950421555,14.142135623730951,14.317821063276352,15.811388300841898,1697990079.7387464
17.26267650163207,16.1245154965971,17.11724276862369,17.204650534085253,15.231546211727817,14.0,17.69180601295413,24.758836806279895,22.360679774997898,22.847319317591726,24.69817807045694,26.400757564888174,25.63201123595259,24.515301344262525,23.08679276123039,24.331050121192874,24.186773244895647,19.235384061671347,14.0356688476182,15.811388300841898,15.03329637837291,13.601470508735444,9.848857801796104,10.63014581273465,9.219544457292887,9.219544457292887,11.704699910719626,11.180339887498949,14.0356688476182,15.0,15.03329637837291,19.1049731745428,19.4164878389476,16.76305461424021,17.720045146669353,15.297058540778355,14.0356688476182,12.206555615733702,13.601470508735444,16.278820596099706,18.439088914585778,19.4164878389476,20.8806130178211,18.973665961010276,19.6468827043885,18.973665961010276,20.615528128088304,19.4164878389476,19.6468827043885,18.027756377319946,17.720045146669353,15.231546211727817,1697990079.747748
10.0,10.816653826391969,15.231546211727817,13.038404810405298,13.601470508735444,15.652475842498529,18.867962264113206,17.46424919657298,19.209372712298546,19.1049731745428,18.38477631085024,21.93171219946131,21.400934559032695,22.022715545545243,23.3452350598575,22.671568097509265,16.15549442140351,17.204650534085253,17.204650534085253,15.811388300841898,8.06225774829855,10.63014581273465,8.06225774829855,13.038404810405298,12.08304597359457,8.246211251235321,10.44030650891055,10.0,12.08304597359457,12.36931687685298,18.0,14.317821063276352,15.297058540778355,13.601470508735444,15.297058540778355,11.6619037896906,10.816653826391969,13.453624047073712,14.7648230602334,12.206555615733702,16.970562748477143,14.866068747318504,18.439088914585774,15.620499351813308,17.029386365926403,17.204650534085253,16.401219466856727,17.804493814764854,17.204650534085253,13.892443989449806,17.029386365926403,14.212670403551895,1697990079.7586968
9.486832980505138,11.40175425099138,11.40175425099138,13.341664064126334,16.278820596099706,13.038404810405298,17.08800749063506,22.20360331117452,21.095023109728984,20.223748416156685,21.023796041628636,20.223748416156685,20.615528128088304,20.39607805437114,18.027756377319946,20.615528128088304,18.788294228055936,17.46424919657298,14.422205101855958,13.892443989449806,11.180339887498949,8.54400374531753,8.0,9.0,7.280109889280519,8.06225774829855,9.219544457292887,9.219544457292887,12.041594578792296,12.206555615733702,13.453624047073712,14.7648230602334,15.0,13.601470508735444,13.601470508735444,12.041594578792296,13.453624047073712,14.422205101855958,12.36931687685298,12.36931687685298,13.92838827718412,15.132745950421555,15.811388300841898,18.110770276274835,18.248287590894655,18.248287590894655,18.681541692269406,15.524174696260024,17.08800749063506,16.15549442140351,15.231546211727817,13.0,1697990079.7773597
10.04987562112089,11.045361017187261,14.142135623730951,16.1245154965971,15.132745950421555,16.0312195418814,18.439088914585778,18.248287590894655,21.023796041628636,21.023796041628636,23.021728866442675,24.020824298928627,23.086792761230395,23.53720459187964,20.8806130178211,24.041630560342615,20.6155281280883,17.88854381999832,15.652475842498529,13.416407864998739,12.08304597359457,10.44030650891055,9.219544457292889,9.0,10.19803902718557,9.848857801796104,10.0,11.313708498984761,13.601470508735444,12.206555615733702,14.866068747318504,16.401219466856727,17.69180601295413,15.620499351813308,16.278820596099706,12.206555615733702,13.038404810405298,13.416407864998739,15.231546211727817,15.524174696260024,15.231546211727817,17.26267650163207,19.4164878389476,20.024984394500787,17.26267650163207,17.0,18.439088914585778,17.46424919657298,18.439088914585778,16.1245154965971,15.524174696260024,14.0,1697990079.7996812
11.313708498984761,8.54400374531753,10.816653826391969,14.422205101855958,13.601470508735444,17.0,18.38477631085024,18.439088914585774,17.69180601295413,20.248456731316587,21.95449840010015,19.723082923316017,22.847319317591726,24.596747752497688,22.847319317591726,21.18962010041709,18.439088914585778,14.0356688476182,13.152946437965904,15.132745950421555,11.40175425099138,11.40175425099138,7.280109889280519,11.40175425099138,8.602325267042627,9.848857801796104,8.94427190999916,11.180339887498949,9.848857801796104,14.0,10.19803902718557,15.0,15.524174696260024,15.297058540778355,15.132745950421555,13.601470508735444,10.0,15.0,12.649110640673518,19.1049731745428,15.132745950421555,17.11724276862369,18.110770276274835,17.720045146669353,16.278820596099706,16.278820596099706,18.0,18.110770276274835,19.4164878389476,14.0356688476182,15.03329637837291,13.892443989449806,1697990079.8096895
8.06225774829855,14.866068747318504,14.317821063276352,15.652475842498529,17.804493814764854,16.401219466856727,17.804493814764854,17.69180601295413,17.69180601295413,21.93171219946131,21.2602916254693,24.839484696748443,25.238858928247925,24.69817807045694,22.360679774997898,26.419689627245813,20.6155281280883,17.720045146669353,15.811388300841898,16.492422502470642,13.601470508735444,9.848857801796104,9.848857801796104,8.485281374238571,10.816653826391969,9.848857801796104,11.40175425099138,11.180339887498949,13.0,12.165525060596437,15.03329637837291,18.0,18.110770276274835,17.0,16.0312195418814,14.0,14.142135623730951,13.152946437965904,17.46424919657298,15.811388300841898,18.027756377319946,19.313207915827967,20.248456731316587,18.38477631085024,19.313207915827967,18.35755975068582,20.248456731316587,18.027756377319946,18.973665961010276,16.76305461424021,18.38477631085024,15.652475842498529,1697990079.8192015
6.708203932499369,8.54400374531753,12.806248474865697,14.317821063276352,14.7648230602334,12.727922061357857,21.540659228538015,17.69180601295413,20.12461179749811,21.540659228538015,22.847319317591726,23.40939982143925,22.80350850198276,22.561028345356952,21.377558326431952,23.345235059857504,19.1049731745428,18.027756377319946,16.0,14.0,12.0,11.180339887498949,9.219544457292889,8.94427190999916,8.602325267042627,8.602325267042627,9.433981132056603,10.44030650891055,12.165525060596437,13.038404810405298,14.142135623730951,16.1245154965971,16.492422502470642,16.278820596099706,15.524174696260024,13.341664064126334,12.0,13.038404810405298,14.142135623730951,14.560219778561038,15.524174696260024,16.15549442140351,20.248456731316587,16.55294535724685,18.027756377319946,17.88854381999832,19.6468827043885,17.720045146669353,19.924858845171276,16.15549442140351,15.811388300841898,14.7648230602334,1697990079.8381102
12.165525060596437,18.027756377319946,12.806248474865697,15.811388300841896,14.422205101855958,15.132745950421555,20.12461179749811,16.76305461424021,22.472205054244235,21.095023109728988,23.706539182259394,25.553864678361276,22.47220505424423,22.561028345356952,21.95449840010015,19.235384061671343,22.022715545545243,19.1049731745428,12.806248474865697,15.811388300841896,15.811388300841896,12.165525060596437,12.649110640673518,11.704699910719626,10.19803902718557,8.0,9.219544457292887,10.0,11.313708498984761,11.40175425099138,13.453624047073712,12.649110640673518,17.804493814764854,15.811388300841896,15.811388300841896,11.40175425099138,10.770329614269007,12.08304597359457,14.142135623730951,11.180339887498949,13.0,16.15549442140351,17.11724276862369,15.132745950421555,16.492422502470642,17.46424919657298,16.278820596099706,16.492422502470642,17.46424919657298,14.317821063276352,14.142135623730951,11.6619037896906,1697990079.847109
10.44030650891055,11.180339887498949,14.422205101855958,15.264337522473749,16.1245154965971,15.264337522473749,18.027756377319946,19.723082923316017,21.02379604162864,21.540659228538015,22.135943621178658,22.80350850198276,22.561028345356952,22.20360331117452,21.095023109728984,22.20360331117452,19.026297590440446,19.0,17.0,15.0,13.038404810405298,11.180339887498949,9.219544457292889,8.54400374531753,9.848857801796104,9.219544457292887,8.602325267042627,11.180339887498949,12.36931687685298,12.529964086141668,12.649110640673518,12.649110640673518,17.46424919657298,19.1049731745428,17.08800749063506,9.848857801796104,10.770329614269007,10.04987562112089,11.0,12.041594578792294,15.03329637837291,16.1245154965971,17.11724276862369,16.1245154965971,15.524174696260024,17.26267650163207,18.110770276274835,17.0,17.26267650163207,15.0,15.132745950421555,12.649110640673518,1697990079.85611
11.180339887498949,15.264337522473749,21.18962010041709,16.55294535724685,15.231546211727817,16.1245154965971,18.788294228055936,20.591260281974,20.248456731316587,22.135943621178658,24.041630560342615,24.041630560342615,22.80350850198276,25.96150997149434,20.0,20.223748416156685,22.02271554554524,18.027756377319946,19.0,15.297058540778355,13.038404810405298,13.601470508735444,10.770329614269007,9.219544457292889,8.602325267042627,10.63014581273465,8.06225774829855,11.704699910719626,12.649110640673518,12.529964086141668,14.317821063276352,17.720045146669353,17.0,15.231546211727817,16.55294535724685,11.180339887498949,12.649110640673518,15.231546211727817,13.0,16.0312195418814,16.0312195418814,19.0,15.03329637837291,17.029386365926403,18.027756377319946,17.0,17.11724276862369,18.0,16.0312195418814,15.0,17.46424919657298,13.341664064126334,1697990079.864759
16.492422502470642,15.620499351813308,16.492422502470642,16.643316977093235,17.69180601295413,19.1049731745428,19.849433241279208,22.203603311174515,22.47220505424423,22.47220505424423,22.847319317591726,23.259406699226012,24.698178070456937,23.769728648009426,24.73863375370596,23.53720459187964,20.223748416156685,19.026297590440446,17.11724276862369,14.317821063276352,15.03329637837291,12.36931687685298,7.615773105863909,7.211102550927979,10.0,9.219544457292887,8.94427190999916,12.08304597359457,12.165525060596437,14.142135623730951,14.142135623730951,16.278820596099706,16.76305461424021,15.811388300841898,15.231546211727817,15.524174696260024,13.038404810405298,15.0,14.0356688476182,15.132745950421555,18.027756377319946,17.46424919657298,20.39607805437114,18.248287590894655,19.235384061671347,19.235384061671347,20.09975124224178,19.026297590440446,19.026297590440446,17.11724276862369,17.11724276862369,15.524174696260024,1697990079.8737605
12.806248474865697,12.529964086141668,13.892443989449806,17.4928556845359,17.204650534085253,18.867962264113206,18.38477631085024,23.706539182259394,21.95449840010015,24.08318915758459,24.839484696748443,26.870057685088806,23.430749027719962,23.769728648009426,26.248809496813372,24.758836806279895,20.223748416156685,16.1245154965971,19.235384061671343,14.317821063276352,10.295630140987,11.313708498984761,10.63014581273465,7.211102550927979,12.806248474865697,9.055385138137417,9.055385138137417,13.341664064126334,15.03329637837291,12.529964086141668,13.152946437965904,16.278820596099706,18.110770276274835,18.681541692269406,17.029386365926403,16.15549442140351,11.045361017187261,15.811388300841898,12.649110640673518,15.556349186104047,19.209372712298546,16.401219466856727,19.209372712298546,17.69180601295413,19.849433241279208,18.439088914585774,19.4164878389476,20.808652046684813,19.4164878389476,17.804493814764854,18.439088914585774,16.278820596099706,1697990079.8837585
6.4031242374328485,5.0,11.180339887498949,12.165525060596437,16.76305461424021,15.231546211727817,18.027756377319946,20.8806130178211,19.313207915827967,19.697715603592208,21.02379604162864,22.825424421026653,21.95449840010015,21.633307652783937,20.808652046684813,22.022715545545243,19.79898987322333,18.38477631085024,16.278820596099706,14.142135623730951,11.313708498984761,10.0,9.433981132056603,8.94427190999916,9.486832980505138,9.055385138137417,9.055385138137417,9.486832980505138,10.295630140987,11.6619037896906,13.038404810405298,15.264337522473749,14.7648230602334,14.7648230602334,14.317821063276352,12.529964086141668,11.40175425099138,12.041594578792296,12.727922061357857,13.601470508735444,14.212670403551895,15.264337522473749,16.643316977093235,16.1245154965971,16.1245154965971,16.1245154965971,16.643316977093235,16.643316977093235,16.643316977093235,14.7648230602334,15.264337522473749,13.92838827718412,1697990079.8931167
16.492422502470642,14.866068747318504,9.433981132056603,14.422205101855958,14.317821063276352,13.601470508735444,21.400934559032695,17.4928556845359,20.518284528683193,19.79898987322333,21.213203435596427,22.022715545545243,22.203603311174515,21.95449840010015,21.470910553583888,21.470910553583888,19.313207915827967,18.027756377319946,16.492422502470642,14.317821063276352,12.36931687685298,12.36931687685298,8.94427190999916,13.038404810405298,10.63014581273465,9.219544457292887,9.433981132056603,9.848857801796104,10.44030650891055,12.165525060596437,12.36931687685298,14.560219778561038,14.866068747318506,13.92838827718412,14.317821063276352,12.649110640673518,11.180339887498949,12.165525060596437,13.038404810405298,13.0,15.0,15.03329637837291,17.029386365926403,15.132745950421555,16.0312195418814,16.0312195418814,17.029386365926403,17.029386365926403,17.029386365926403,16.0,15.03329637837291,13.0,1697990079.9040902
16.492422502470642,9.055385138137417,20.223748416156685,14.317821063276352,14.0356688476182,16.492422502470642,17.11724276862369,22.090722034374522,22.090722034374522,23.021728866442675,23.021728866442675,24.083189157584588,24.083189157584588,23.769728648009423,20.223748416156685,24.698178070456937,19.697715603592208,19.313207915827967,17.08800749063506,15.652475842498529,11.704699910719626,12.041594578792294,13.601470508735444,12.041594578792294,12.649110640673518,10.0,14.422205101855958,13.038404810405298,10.63014581273465,13.038404810405298,14.866068747318504,17.029386365926403,15.556349186104047,16.970562748477143,17.69180601295413,17.804493814764854,13.453624047073712,13.601470508735444,14.422205101855958,17.46424919657298,16.15549442140351,17.08800749063506,19.924858845171276,18.439088914585778,19.697715603592208,19.924858845171276,18.788294228055936,21.02379604162864,20.591260281974,17.46424919657298,15.811388300841898,17.720045146669353,1697990079.9210901
15.264337522473749,12.727922061357857,14.866068747318504,14.142135623730951,14.142135623730951,19.235384061671343,19.235384061671343,17.804493814764854,21.2602916254693,22.627416997969522,24.041630560342618,25.495097567963924,24.207436873820413,23.853720883753127,24.186773244895647,24.69817807045694,21.02379604162864,19.697715603592208,18.788294228055936,16.76305461424021,13.416407864998739,11.6619037896906,10.295630140987,10.63014581273465,10.63014581273465,9.433981132056603,10.770329614269007,10.04987562112089,11.180339887498949,14.142135623730951,13.152946437965904,16.278820596099706,17.0,19.1049731745428,17.029386365926403,15.03329637837291,12.36931687685298,14.560219778561038,12.649110640673518,15.652475842498529,15.652475842498529,15.811388300841896,20.0,17.204650534085253,19.1049731745428,16.643316977093235,18.788294228055936,18.027756377319946,18.35755975068582,15.811388300841896,15.652475842498529,12.806248474865697,1697990079.934645
16.1245154965971,6.0827625302982185,13.038404810405298,14.866068747318506,13.038404810405298,17.46424919657298,17.46424919657298,17.804493814764854,22.090722034374522,21.213203435596427,24.083189157584588,25.317977802344327,22.360679774997898,21.095023109728984,20.39607805437114,24.73863375370596,23.40939982143925,18.38477631085024,17.46424919657298,15.0,11.704699910719626,11.180339887498949,11.40175425099138,9.055385138137417,10.04987562112089,9.848857801796104,10.295630140987,10.63014581273465,15.556349186104047,15.264337522473749,13.416407864998739,14.317821063276352,17.69180601295413,14.142135623730951,16.401219466856727,14.7648230602334,14.866068747318504,13.416407864998739,15.03329637837291,16.0,18.248287590894655,16.0,19.1049731745428,16.1245154965971,19.026297590440446,18.110770276274835,21.213203435596427,19.026297590440446,18.248287590894655,20.09975124224178,18.248287590894655,14.142135623730951,1697990079.9466543
9.486832980505138,12.041594578792294,13.038404810405298,14.560219778561038,13.416407864998739,19.723082923316017,16.55294535724685,20.248456731316587,18.973665961010276,18.973665961010276,20.8806130178211,22.80350850198276,22.20360331117452,21.023796041628636,20.024984394500787,22.0,19.1049731745428,17.26267650163207,15.297058540778355,13.152946437965904,12.041594578792294,11.0,9.055385138137417,8.246211251235321,9.486832980505138,8.602325267042627,9.899494936611665,10.0,11.180339887498949,12.649110640673518,13.416407864998739,15.231546211727817,16.1245154965971,15.652475842498529,16.1245154965971,13.0,12.36931687685298,13.341664064126334,13.341664064126334,15.03329637837291,15.297058540778355,15.03329637837291,18.0,17.029386365926403,18.0,17.029386365926403,18.027756377319946,16.0312195418814,17.029386365926403,16.0312195418814,15.297058540778355,14.560219778561038,1697990079.9636736
15.231546211727817,17.46424919657298,20.0,15.03329637837291,17.029386365926403,19.4164878389476,18.867962264113206,16.278820596099706,24.73863375370596,22.090722034374522,21.213203435596427,25.0,25.179356624028344,23.021728866442675,23.40939982143925,22.135943621178658,21.02379604162864,18.38477631085024,17.0,15.0,13.0,11.6619037896906,9.486832980505138,10.04987562112089,9.055385138137417,9.0,8.246211251235321,8.94427190999916,9.219544457292887,11.313708498984761,10.63014581273465,17.4928556845359,15.811388300841896,14.7648230602334,15.811388300841896,12.529964086141668,11.40175425099138,12.041594578792296,14.866068747318504,14.212670403551895,15.556349186104047,14.866068747318504,17.4928556845359,17.0,18.439088914585774,16.643316977093235,18.439088914585774,17.69180601295413,16.278820596099706,14.422205101855958,16.278820596099706,15.264337522473749,1697990079.9756742
9.486832980505138,12.206555615733702,8.54400374531753,13.453624047073712,16.401219466856727,17.804493814764854,17.88854381999832,16.401219466856727,21.400934559032695,19.849433241279208,23.430749027719962,24.413111231467404,22.847319317591726,23.769728648009426,24.351591323771842,22.135943621178658,21.587033144922902,19.6468827043885,18.439088914585778,14.317821063276352,13.341664064126334,10.44030650891055,10.770329614269007,9.219544457292887,10.63014581273465,8.602325267042627,9.486832980505138,9.486832980505138,10.04987562112089,12.0,13.0,18.248287590894655,16.492422502470642,15.03329637837291,16.76305461424021,14.866068747318506,12.0,15.297058540778355,13.038404810405298,15.297058540778355,17.46424919657298,17.46424919657298,18.38477631085024,17.0,17.88854381999832,18.788294228055936,18.027756377319946,18.027756377319946,17.720045146669353,16.55294535724685,15.811388300841898,14.422205101855958,1697990079.9836729
11.180339887498949,11.704699910719626,12.206555615733702,18.027756377319946,15.264337522473749,17.204650534085253,18.027756377319946,21.095023109728988,19.313207915827967,20.591260281974,22.825424421026653,25.63201123595259,22.847319317591726,25.079872407968907,18.35755975068582,27.85677655436824,22.20360331117452,19.6468827043885,16.1245154965971,16.0312195418814,14.142135623730951,13.341664064126334,10.770329614269007,10.295630140987,12.041594578792296,10.63014581273465,10.816653826391969,12.649110640673518,12.165525060596437,13.038404810405298,16.0,17.029386365926403,18.110770276274835,18.027756377319946,17.11724276862369,14.0356688476182,14.142135623730951,13.038404810405298,15.297058540778355,15.297058540778355,13.152946437965904,15.620499351813308,14.7648230602334,14.866068747318504,17.804493814764854,17.204650534085253,20.248456731316587,17.88854381999832,16.643316977093235,16.401219466856727,15.264337522473749,13.453624047073712,1697990079.9966729
9.055385138137417,10.0,10.295630140987,17.4928556845359,18.027756377319946,14.212670403551895,20.615528128088304,18.60107523773827,19.723082923316017,22.472205054244235,23.769728648009426,25.298221281347036,23.345235059857504,23.53720459187964,23.194827009486403,24.331050121192874,20.024984394500787,18.0,15.03329637837291,15.0,13.038404810405298,11.180339887498949,9.055385138137417,9.848857801796104,10.295630140987,7.810249675906654,8.602325267042627,10.295630140987,11.045361017187261,12.041594578792294,13.341664064126334,16.1245154965971,18.439088914585778,14.142135623730951,15.132745950421555,12.36931687685298,13.0,13.038404810405298,16.1245154965971,14.7648230602334,14.560219778561038,14.317821063276352,17.46424919657298,16.55294535724685,16.55294535724685,16.55294535724685,18.973665961010276,17.720045146669353,16.76305461424021,16.76305461424021,14.560219778561038,12.806248474865697,1697990080.083905
8.54400374531753,13.601470508735444,17.720045146669353,19.924858845171276,17.46424919657298,21.213203435596427,23.53720459187964,23.194827009486403,23.769728648009423,22.472205054244235,25.63201123595259,25.298221281347036,26.0,23.53720459187964,23.853720883753127,27.29468812791236,23.021728866442675,19.209372712298546,18.439088914585774,16.643316977093235,13.038404810405298,12.529964086141668,9.055385138137417,9.848857801796104,8.246211251235321,12.08304597359457,8.94427190999916,10.295630140987,15.811388300841896,12.041594578792294,16.278820596099706,15.811388300841896,19.1049731745428,18.38477631085024,17.69180601295413,17.029386365926403,12.041594578792296,13.416407864998739,16.1245154965971,12.36931687685298,20.223748416156685,16.492422502470642,16.0312195418814,20.024984394500787,20.223748416156685,18.027756377319946,21.095023109728984,20.615528128088304,18.0,18.110770276274835,14.0356688476182,18.027756377319946,1697990080.097825
6.0827625302982185,8.54400374531753,13.92838827718412,16.1245154965971,12.041594578792294,13.601470508735444,16.1245154965971,19.313207915827967,20.6155281280883,20.6155281280883,22.847319317591726,24.16609194718914,24.186773244895647,24.186773244895647,21.633307652783937,22.203603311174515,19.1049731745428,19.849433241279208,16.278820596099706,14.866068747318504,11.313708498984761,10.816653826391969,10.0,8.06225774829855,8.246211251235321,8.06225774829855,8.0,10.0,10.63014581273465,10.816653826391969,14.212670403551895,14.866068747318504,16.401219466856727,14.212670403551895,13.892443989449806,13.601470508735444,12.206555615733702,10.816653826391969,12.727922061357857,13.416407864998739,13.892443989449806,13.601470508735444,18.38477631085024,15.524174696260024,18.027756377319946,18.027756377319946,18.38477631085024,17.08800749063506,16.15549442140351,15.652475842498529,13.416407864998739,15.297058540778355,1697990080.106828
14.0356688476182,13.152946437965904,15.231546211727817,15.231546211727817,15.297058540778355,15.0,19.313207915827967,19.026297590440446,22.135943621178658,21.213203435596427,19.697715603592208,24.083189157584588,23.021728866442675,24.020824298928627,20.0,24.020824298928627,21.377558326431952,19.235384061671347,16.278820596099706,12.165525060596437,13.0,13.0,11.180339887498949,11.180339887498949,10.44030650891055,8.602325267042627,8.485281374238571,11.180339887498949,12.165525060596437,14.560219778561038,13.341664064126334,15.811388300841898,17.88854381999832,16.643316977093235,15.652475842498529,16.15549442140351,13.341664064126334,9.055385138137417,15.132745950421555,13.038404810405298,17.0,16.1245154965971,19.235384061671347,18.248287590894655,18.110770276274835,20.024984394500787,20.09975124224178,18.110770276274835,19.0,13.152946437965904,16.0312195418814,15.811388300841898,1697990080.1158419
12.041594578792296,12.041594578792296,16.643316977093235,14.7648230602334,16.1245154965971,16.55294535724685,18.35755975068582,21.470910553583888,23.021728866442675,21.400934559032695,25.495097567963924,21.93171219946131,21.93171219946131,25.455844122715714,20.615528128088304,25.238858928247925,23.430749027719962,19.235384061671347,18.788294228055936,12.165525060596437,9.486832980505138,13.416407864998739,10.63014581273465,8.602325267042627,8.06225774829855,8.602325267042627,8.06225774829855,11.180339887498949,13.601470508735444,14.560219778561038,17.08800749063506,18.973665961010276,19.4164878389476,15.652475842498529,14.317821063276352,14.7648230602334,13.601470508735444,11.40175425099138,12.529964086141668,15.556349186104047,12.806248474865697,17.029386365926403,15.556349186104047,17.804493814764854,16.278820596099706,16.278820596099706,20.615528128088304,18.439088914585774,16.643316977093235,15.811388300841896,16.0312195418814,13.892443989449806,1697990080.124704
5.099019513592785,9.899494936611665,10.63014581273465,15.231546211727817,17.0,14.560219778561038,15.264337522473749,19.313207915827967,22.360679774997898,21.840329667841555,25.63201123595259,24.698178070456937,23.53720459187964,23.345235059857504,22.090722034374522,24.083189157584588,20.024984394500787,21.095023109728984,20.09975124224178,18.0,12.529964086141668,13.038404810405298,12.165525060596437,8.54400374531753,10.295630140987,9.433981132056603,10.63014581273465,11.180339887498949,10.44030650891055,12.36931687685298,14.866068747318506,16.278820596099706,17.46424919657298,15.231546211727817,17.88854381999832,15.524174696260024,14.317821063276352,13.341664064126334,13.152946437965904,14.0356688476182,13.152946437965904,14.560219778561038,18.439088914585778,16.492422502470642,17.720045146669353,17.46424919657298,19.1049731745428,19.235384061671347,17.26267650163207,17.08800749063506,16.1245154965971,13.92838827718412,1697990080.139106
7.615773105863909,12.08304597359457,9.055385138137417,13.341664064126334,15.132745950421555,15.03329637837291,13.038404810405298,23.194827009486403,18.0,19.235384061671347,20.09975124224178,21.587033144922902,19.924858845171276,21.18962010041709,20.12461179749811,22.135943621178658,21.02379604162864,15.231546211727817,19.313207915827967,13.416407864998739,10.0,14.866068747318506,7.615773105863909,7.0710678118654755,6.708203932499369,11.180339887498949,8.602325267042627,11.180339887498949,10.770329614269007,10.816653826391969,17.204650534085253,14.142135623730951,19.235384061671343,17.69180601295413,15.620499351813308,12.041594578792296,11.40175425099138,9.219544457292887,11.6619037896906,16.492422502470642,16.278820596099706,14.317821063276352,17.26267650163207,16.0312195418814,17.11724276862369,17.029386365926403,18.248287590894655,17.46424919657298,17.46424919657298,14.317821063276352,14.317821063276352,14.0,1697990080.1531138
7.810249675906654,5.0,11.313708498984761,15.264337522473749,15.231546211727817,14.560219778561038,14.317821063276352,21.02379604162864,18.35755975068582,20.248456731316587,19.4164878389476,20.12461179749811,21.213203435596427,19.79898987322333,19.1049731745428,19.209372712298546,21.095023109728988,15.620499351813308,17.88854381999832,12.529964086141668,10.295630140987,12.041594578792296,9.219544457292887,8.602325267042627,10.0,7.280109889280519,11.180339887498949,8.94427190999916,8.54400374531753,9.899494936611665,13.341664064126334,14.142135623730951,14.0,14.142135623730951,13.152946437965904,11.6619037896906,11.704699910719626,13.0,13.038404810405298,13.416407864998739,12.041594578792296,14.317821063276352,16.278820596099706,14.866068747318504,16.278820596099706,14.866068747318504,16.401219466856727,15.811388300841896,15.620499351813308,14.142135623730951,13.453624047073712,12.806248474865697,1697990080.1621132
9.055385138137417,10.0,13.0,15.264337522473749,15.0,18.027756377319946,17.029386365926403,20.518284528683193,17.029386365926403,20.0,21.400934559032695,23.021728866442675,22.825424421026653,21.540659228538015,20.248456731316587,22.135943621178658,19.4164878389476,15.132745950421555,15.03329637837291,13.341664064126334,13.038404810405298,8.94427190999916,11.6619037896906,13.0,8.0,9.219544457292887,8.54400374531753,9.055385138137417,11.0,12.0,13.038404810405298,15.03329637837291,15.132745950421555,14.142135623730951,14.142135623730951,12.041594578792294,12.041594578792294,12.041594578792294,13.152946437965904,13.601470508735444,14.560219778561038,15.231546211727817,16.55294535724685,15.652475842498529,16.55294535724685,17.0,18.027756377319946,16.76305461424021,15.811388300841898,15.231546211727817,14.866068747318506,13.416407864998739,1697990080.1726756
9.219544457292889,10.295630140987,13.038404810405298,15.652475842498529,15.264337522473749,15.811388300841896,17.204650534085253,18.35755975068582,19.723082923316017,19.697715603592208,22.847319317591726,26.0,23.769728648009426,22.80350850198276,23.769728648009423,24.186773244895647,22.090722034374522,19.0,17.029386365926403,14.866068747318506,12.36931687685298,9.486832980505138,13.892443989449806,13.0,8.06225774829855,9.219544457292887,9.848857801796104,10.44030650891055,13.0,11.180339887498949,14.142135623730951,15.0,16.0,15.03329637837291,14.0,10.04987562112089,12.041594578792294,9.219544457292889,13.0,14.317821063276352,14.866068747318506,15.264337522473749,16.643316977093235,15.811388300841896,15.811388300841896,16.401219466856727,17.4928556845359,16.1245154965971,16.1245154965971,15.0,14.422205101855958,13.453624047073712,1697990080.1945398
11.6619037896906,12.36931687685298,16.401219466856727,15.652475842498529,16.401219466856727,17.69180601295413,17.46424919657298,15.652475842498529,21.633307652783937,20.8806130178211,23.08679276123039,24.515301344262525,23.345235059857504,22.20360331117452,21.023796041628636,23.086792761230395,18.027756377319946,19.026297590440446,16.1245154965971,14.142135623730951,11.40175425099138,12.36931687685298,9.055385138137417,12.529964086141668,11.6619037896906,13.038404810405298,12.727922061357857,9.486832980505138,13.892443989449806,14.212670403551895,11.045361017187261,19.235384061671343,16.55294535724685,15.03329637837291,19.723082923316017,17.0,13.92838827718412,13.92838827718412,15.524174696260024,16.0,14.142135623730951,16.0,20.024984394500787,18.027756377319946,19.1049731745428,17.029386365926403,22.20360331117452,18.027756377319946,16.1245154965971,17.46424919657298,19.026297590440446,18.110770276274835,1697990080.2145445
6.0,8.246211251235321,18.867962264113206,15.652475842498529,16.1245154965971,17.029386365926403,21.400934559032695,16.643316977093235,20.591260281974,21.931712199461305,23.259406699226012,25.079872407968903,22.80350850198276,22.80350850198276,22.561028345356952,24.515301344262525,20.223748416156685,19.1049731745428,16.1245154965971,15.132745950421555,13.038404810405298,11.40175425099138,10.44030650891055,9.848857801796104,9.433981132056603,8.485281374238571,10.295630140987,10.44030650891055,11.045361017187261,13.0,16.0,14.0,16.76305461424021,15.03329637837291,18.248287590894655,15.03329637837291,11.0,12.0,13.038404810405298,13.601470508735444,13.601470508735444,13.92838827718412,17.88854381999832,16.1245154965971,16.643316977093235,15.811388300841896,18.788294228055936,19.235384061671343,17.46424919657298,15.264337522473749,15.811388300841898,13.038404810405298,1697990080.2240558
12.649110640673518,13.892443989449806,11.6619037896906,17.88854381999832,17.4928556845359,14.866068747318506,21.540659228538015,22.47220505424423,20.591260281974,20.808652046684813,21.95449840010015,23.430749027719962,22.203603311174515,22.671568097509265,20.518284528683193,21.2602916254693,19.849433241279208,17.029386365926403,16.278820596099706,14.212670403551895,14.142135623730951,10.295630140987,8.602325267042627,9.486832980505138,10.04987562112089,11.180339887498949,10.770329614269007,14.212670403551895,12.529964086141668,10.0,12.529964086141668,15.0,17.204650534085253,15.264337522473749,17.204650534085253,14.866068747318504,13.453624047073712,14.212670403551895,15.264337522473749,15.652475842498529,15.231546211727817,17.08800749063506,17.46424919657298,18.027756377319946,17.08800749063506,18.681541692269406,18.38477631085024,18.027756377319946,16.55294535724685,18.248287590894655,17.029386365926403,18.867962264113206,1697990080.2380545
9.486832980505138,10.816653826391969,13.601470508735444,14.7648230602334,15.264337522473749,14.422205101855958,16.643316977093235,17.4928556845359,19.235384061671343,20.6155281280883,21.540659228538015,22.80350850198276,21.377558326431952,21.213203435596427,19.235384061671347,20.223748416156685,17.11724276862369,18.027756377319946,13.152946437965904,16.0312195418814,11.40175425099138,15.03329637837291,8.06225774829855,7.211102550927979,7.211102550927979,9.219544457292887,10.295630140987,9.055385138137417,12.165525060596437,13.0,13.601470508735444,16.1245154965971,15.524174696260024,12.36931687685298,15.132745950421555,13.152946437965904,11.045361017187261,11.045361017187261,13.152946437965904,14.317821063276352,14.560219778561038,14.866068747318506,17.46424919657298,15.231546211727817,17.08800749063506,15.231546211727817,16.492422502470642,15.524174696260024,16.492422502470642,13.92838827718412,13.601470508735444,12.529964086141668,1697990080.2480583
12.529964086141668,5.385164807134504,13.0,14.317821063276352,17.46424919657298,13.038404810405298,17.0,18.027756377319946,20.39607805437114,20.223748416156685,21.840329667841555,22.80350850198276,21.540659228538015,20.591260281974,20.248456731316587,20.591260281974,17.204650534085253,15.811388300841896,14.212670403551895,14.422205101855958,11.40175425099138,9.433981132056603,9.433981132056603,9.219544457292889,8.06225774829855,8.246211251235321,7.615773105863909,8.94427190999916,10.0,12.041594578792296,13.601470508735444,15.0,14.866068747318504,12.36931687685298,14.422205101855958,12.806248474865697,11.045361017187261,10.63014581273465,13.038404810405298,12.806248474865697,17.4928556845359,16.1245154965971,14.7648230602334,18.38477631085024,17.46424919657298,18.38477631085024,17.4928556845359,16.643316977093235,17.4928556845359,13.92838827718412,14.7648230602334,13.92838827718412,1697990080.2580583
12.727922061357857,6.0,17.0,13.453624047073712,12.529964086141668,19.723082923316017,18.35755975068582,20.12461179749811,23.60084744241189,22.627416997969522,23.3452350598575,22.671568097509265,24.758836806279895,22.80350850198276,20.0,20.808652046684813,17.204650534085253,17.4928556845359,18.027756377319946,13.453624047073712,11.40175425099138,10.63014581273465,9.899494936611665,9.433981132056603,8.54400374531753,8.06225774829855,12.08304597359457,12.649110640673518,11.6619037896906,12.806248474865697,13.416407864998739,17.0,17.4928556845359,16.1245154965971,15.811388300841896,12.529964086141668,13.038404810405298,12.727922061357857,13.038404810405298,15.652475842498529,17.4928556845359,16.55294535724685,20.12461179749811,17.08800749063506,19.313207915827967,19.6468827043885,20.6155281280883,17.88854381999832,17.08800749063506,18.027756377319946,16.55294535724685,15.132745950421555,1697990080.2690592
9.848857801796104,11.180339887498949,14.0,14.0356688476182,16.0312195418814,17.029386365926403,18.110770276274835,19.026297590440446,21.377558326431952,21.840329667841555,21.840329667841555,23.08679276123039,22.847319317591726,23.706539182259394,21.470910553583888,23.706539182259394,18.867962264113206,18.027756377319946,18.027756377319946,16.278820596099706,14.317821063276352,14.866068747318504,8.06225774829855,10.04987562112089,13.0,9.219544457292889,10.770329614269007,9.219544457292887,12.206555615733702,11.40175425099138,13.601470508735444,14.212670403551895,15.620499351813308,14.212670403551895,15.620499351813308,13.892443989449806,10.295630140987,12.806248474865697,12.529964086141668,13.341664064126334,14.560219778561038,15.297058540778355,17.46424919657298,16.1245154965971,17.26267650163207,17.26267650163207,18.681541692269406,16.492422502470642,15.811388300841898,15.297058540778355,15.297058540778355,13.038404810405298,1697990080.2790601
7.0710678118654755,10.816653826391969,10.295630140987,14.422205101855958,13.892443989449806,15.652475842498529,16.401219466856727,17.804493814764854,20.0,19.79898987322333,19.1049731745428,22.671568097509265,22.022715545545243,21.633307652783937,20.591260281974,21.95449840010015,17.46424919657298,16.55294535724685,13.0,13.601470508735444,9.486832980505138,10.295630140987,7.211102550927979,8.485281374238571,8.485281374238571,7.280109889280519,9.055385138137417,9.0,11.40175425099138,10.816653826391969,13.341664064126334,14.142135623730951,16.1245154965971,15.0,14.317821063276352,12.36931687685298,10.770329614269007,10.770329614269007,12.206555615733702,12.806248474865697,15.0,15.620499351813308,18.38477631085024,14.866068747318504,17.69180601295413,15.0,17.029386365926403,16.643316977093235,15.620499351813308,17.029386365926403,18.027756377319946,13.038404810405298,1697990080.290057
11.180339887498949,12.529964086141668,14.422205101855958,15.231546211727817,13.892443989449806,18.867962264113206,18.867962264113206,21.633307652783937,22.847319317591726,24.351591323771842,25.298221281347036,26.248809496813376,25.709920264364882,24.515301344262525,23.086792761230395,25.179356624028344,21.0,19.0,16.0,16.0312195418814,13.038404810405298,12.36931687685298,10.44030650891055,10.295630140987,11.6619037896906,9.219544457292887,9.848857801796104,10.770329614269007,12.165525060596437,12.0,15.132745950421555,15.811388300841898,19.235384061671347,16.1245154965971,17.26267650163207,13.038404810405298,13.038404810405298,13.038404810405298,16.278820596099706,14.560219778561038,17.720045146669353,16.55294535724685,19.313207915827967,17.0,20.12461179749811,18.35755975068582,17.46424919657298,19.924858845171276,18.027756377319946,18.788294228055936,15.231546211727817,14.422205101855958,1697990080.304141
7.0710678118654755,9.486832980505138,9.848857801796104,20.0,17.029386365926403,18.248287590894655,19.0,23.021728866442675,22.090722034374522,23.0,22.02271554554524,28.160255680657446,24.73863375370596,26.248809496813376,24.698178070456937,24.698178070456937,22.360679774997898,19.235384061671343,17.4928556845359,15.264337522473749,13.892443989449806,12.08304597359457,9.848857801796104,9.219544457292889,11.045361017187261,8.54400374531753,9.433981132056603,11.40175425099138,10.63014581273465,13.038404810405298,13.601470508735444,16.278820596099706,16.401219466856727,14.866068747318504,15.620499351813308,10.0,12.529964086141668,14.317821063276352,14.560219778561038,16.76305461424021,14.866068747318506,16.0312195418814,18.110770276274835,17.029386365926403,18.027756377319946,18.027756377319946,18.439088914585778,17.720045146669353,17.26267650163207,17.029386365926403,17.0,14.142135623730951,1697990080.3213005
10.0,11.40175425099138,13.453624047073712,20.248456731316587,18.027756377319946,16.15549442140351,19.697715603592208,22.135943621178658,20.39607805437114,25.0,27.294688127912362,26.476404589747453,24.186773244895647,25.079872407968907,24.0,26.0,21.023796041628636,17.26267650163207,17.11724276862369,16.1245154965971,13.341664064126334,14.0356688476182,11.045361017187261,10.770329614269007,9.433981132056603,9.433981132056603,10.0,10.770329614269007,11.704699910719626,13.341664064126334,12.649110640673518,17.46424919657298,15.652475842498529,16.492422502470642,16.15549442140351,15.132745950421555,15.132745950421555,14.0356688476182,14.317821063276352,15.297058540778355,18.110770276274835,16.492422502470642,19.4164878389476,17.26267650163207,16.492422502470642,18.38477631085024,19.4164878389476,18.110770276274835,19.6468827043885,18.027756377319946,16.278820596099706,13.416407864998739,1697990080.3313
10.44030650891055,11.6619037896906,14.422205101855958,16.643316977093235,16.643316977093235,17.204650534085253,19.4164878389476,20.248456731316587,22.825424421026653,22.360679774997898,23.769728648009426,26.570660511172843,26.476404589747453,24.515301344262525,24.331050121192874,25.317977802344327,22.090722034374522,18.027756377319946,18.027756377319946,15.132745950421555,13.0,11.40175425099138,10.770329614269007,11.180339887498949,10.816653826391969,9.219544457292887,8.602325267042627,8.54400374531753,12.041594578792294,12.36931687685298,15.132745950421555,16.0312195418814,18.248287590894655,17.11724276862369,17.46424919657298,15.524174696260024,13.0,14.142135623730951,15.524174696260024,15.524174696260024,16.76305461424021,16.55294535724685,18.38477631085024,17.88854381999832,18.788294228055936,18.788294228055936,19.313207915827967,18.973665961010276,18.027756377319946,17.08800749063506,16.15549442140351,15.264337522473749,1697990080.3392982
12.0,10.0,12.529964086141668,12.041594578792294,16.0312195418814,15.811388300841898,19.313207915827967,22.090722034374522,18.027756377319946,19.0,23.0,24.020824298928627,23.194827009486403,22.360679774997898,21.587033144922902,21.377558326431952,20.248456731316587,15.811388300841898,15.231546211727817,13.601470508735444,11.704699910719626,11.045361017187261,10.04987562112089,8.0,8.06225774829855,8.94427190999916,9.899494936611665,8.06225774829855,9.486832980505138,9.848857801796104,13.0,13.92838827718412,14.7648230602334,14.317821063276352,14.317821063276352,12.08304597359457,11.180339887498949,12.041594578792294,14.0,14.142135623730951,15.132745950421555,15.132745950421555,16.492422502470642,14.866068747318506,17.46424919657298,15.811388300841898,16.278820596099706,16.278820596099706,15.524174696260024,14.560219778561038,13.601470508735444,12.529964086141668,1697990080.353874
11.40175425099138,13.152946437965904,19.209372712298546,18.027756377319946,12.0,17.029386365926403,18.38477631085024,22.090722034374522,23.08679276123039,24.515301344262525,23.08679276123039,25.63201123595259,25.63201123595259,25.495097567963924,24.596747752497688,23.706539182259394,21.400934559032695,19.849433241279208,20.0,13.892443989449806,10.816653826391969,12.529964086141668,10.44030650891055,12.041594578792294,11.045361017187261,8.54400374531753,10.0,10.63014581273465,8.485281374238571,11.40175425099138,12.727922061357857,16.401219466856727,16.278820596099706,17.69180601295413,14.142135623730951,12.08304597359457,13.038404810405298,10.19803902718557,12.36931687685298,15.524174696260024,17.46424919657298,17.46424919657298,16.492422502470642,17.26267650163207,18.439088914585778,18.027756377319946,19.6468827043885,19.313207915827967,16.76305461424021,16.1245154965971,17.26267650163207,15.0,1697990080.3628736
5.0,9.899494936611665,12.36931687685298,17.46424919657298,15.652475842498529,15.231546211727817,20.12461179749811,20.12461179749811,18.027756377319946,25.0,22.561028345356952,25.179356624028344,24.083189157584588,23.021728866442675,21.0,23.0,20.024984394500787,18.027756377319946,15.297058540778355,14.0356688476182,12.041594578792294,10.0,10.04987562112089,9.219544457292889,8.54400374531753,7.810249675906654,10.63014581273465,10.44030650891055,10.19803902718557,13.152946437965904,13.92838827718412,13.341664064126334,17.46424919657298,15.811388300841898,15.811388300841898,14.560219778561038,12.041594578792294,13.038404810405298,14.142135623730951,13.038404810405298,16.278820596099706,16.492422502470642,19.235384061671347,16.76305461424021,19.6468827043885,18.681541692269406,19.235384061671347,19.026297590440446,18.110770276274835,17.26267650163207,16.1245154965971,13.92838827718412,1697990080.3718746
13.341664064126334,9.848857801796104,20.518284528683193,13.038404810405298,16.278820596099706,14.212670403551895,19.79898987322333,20.615528128088304,21.633307652783937,23.3452350598575,23.3452350598575,26.076809620810597,23.706539182259394,23.40939982143925,23.40939982143925,22.135943621178658,21.587033144922902,18.973665961010276,15.297058540778355,13.341664064126334,11.40175425099138,10.770329614269007,9.848857801796104,8.485281374238571,10.0,9.433981132056603,9.219544457292889,9.219544457292889,13.0,14.0356688476182,14.0,16.0,17.0,16.1245154965971,17.0,14.0356688476182,14.0356688476182,14.142135623730951,15.524174696260024,15.231546211727817,18.38477631085024,18.38477631085024,19.697715603592208,19.235384061671343,18.788294228055936,19.235384061671343,19.924858845171276,19.313207915827967,18.681541692269406,17.08800749063506,17.08800749063506,15.264337522473749,1697990080.3811824
7.280109889280519,14.0356688476182,20.518284528683193,11.180339887498949,17.08800749063506,16.1245154965971,14.0356688476182,17.029386365926403,20.024984394500787,19.0,21.023796041628636,22.090722034374522,21.213203435596427,19.924858845171276,19.313207915827967,20.6155281280883,16.55294535724685,16.55294535724685,12.529964086141668,12.529964086141668,9.848857801796104,9.486832980505138,8.246211251235321,9.0,7.0710678118654755,7.615773105863909,8.602325267042627,7.810249675906654,9.219544457292887,12.529964086141668,12.206555615733702,16.1245154965971,15.264337522473749,15.264337522473749,15.0,13.601470508735444,11.6619037896906,12.649110640673518,12.649110640673518,15.132745950421555,14.317821063276352,16.0312195418814,19.026297590440446,16.0,18.027756377319946,18.027756377319946,18.248287590894655,18.248287590894655,16.1245154965971,16.1245154965971,15.132745950421555,14.0356688476182,1697990080.3901803
14.212670403551895,5.656854249492381,8.0,13.038404810405298,12.36931687685298,11.40175425099138,17.11724276862369,18.248287590894655,20.8806130178211,18.973665961010276,19.313207915827967,21.931712199461305,21.02379604162864,21.095023109728988,19.4164878389476,18.867962264113206,18.439088914585774,14.866068747318504,13.453624047073712,11.40175425099138,9.433981132056603,9.486832980505138,8.54400374531753,8.06225774829855,6.0827625302982185,6.708203932499369,8.602325267042627,8.06225774829855,11.6619037896906,10.816653826391969,13.601470508735444,13.453624047073712,16.401219466856727,15.0,14.212670403551895,11.6619037896906,11.180339887498949,10.770329614269007,13.601470508735444,13.0,14.317821063276352,15.03329637837291,19.026297590440446,16.0,17.029386365926403,16.0,18.027756377319946,17.029386365926403,18.027756377319946,17.0,16.0312195418814,14.142135623730951,1697990080.4165184
8.602325267042627,10.0,12.806248474865697,14.212670403551895,14.212670403551895,15.0,17.804493814764854,18.38477631085024,20.518284528683193,19.849433241279208,21.400934559032695,25.238858928247925,21.931712199461305,22.360679774997898,21.02379604162864,21.02379604162864,18.027756377319946,16.492422502470642,17.0,14.560219778561038,8.602325267042627,9.848857801796104,8.602325267042627,8.485281374238571,8.485281374238571,8.54400374531753,9.0,7.615773105863909,11.40175425099138,12.041594578792294,15.297058540778355,14.142135623730951,15.524174696260024,15.132745950421555,15.297058540778355,13.152946437965904,13.92838827718412,11.180339887498949,14.422205101855958,14.422205101855958,15.620499351813308,17.029386365926403,18.439088914585774,18.439088914585774,17.69180601295413,17.69180601295413,19.209372712298546,17.69180601295413,17.804493814764854,15.620499351813308,15.620499351813308,14.212670403551895,1697990080.4315274
15.132745950421555,16.278820596099706,12.806248474865697,18.681541692269406,13.152946437965904,17.88854381999832,17.804493814764854,25.01999200639361,24.020824298928627,22.090722034374522,22.20360331117452,25.238858928247925,25.079872407968907,27.073972741361768,23.345235059857504,24.083189157584588,20.39607805437114,22.20360331117452,19.6468827043885,16.1245154965971,13.341664064126334,14.0356688476182,13.152946437965904,9.219544457292889,9.486832980505138,13.038404810405298,11.313708498984761,11.180339887498949,13.601470508735444,17.11724276862369,16.0312195418814,18.0,17.26267650163207,15.132745950421555,18.439088914585778,17.0,15.03329637837291,15.0,16.15549442140351,14.866068747318506,18.681541692269406,15.231546211727817,20.12461179749811,20.12461179749811,20.591260281974,17.88854381999832,20.6155281280883,16.1245154965971,17.804493814764854,15.620499351813308,13.92838827718412,15.264337522473749,1697990080.5050542
9.433981132056603,14.560219778561038,14.560219778561038,14.866068747318506,14.560219778561038,20.09975124224178,18.0,17.11724276862369,21.213203435596427,21.213203435596427,20.39607805437114,26.92582403567252,26.248809496813376,25.495097567963924,22.825424421026653,23.259406699226012,20.12461179749811,17.88854381999832,16.401219466856727,15.652475842498529,11.704699910719626,12.649110640673518,9.848857801796104,8.94427190999916,10.295630140987,9.433981132056603,10.295630140987,10.816653826391969,11.180339887498949,14.560219778561038,15.264337522473749,16.643316977093235,20.12461179749811,18.35755975068582,15.652475842498529,13.92838827718412,15.524174696260024,14.866068747318506,12.165525060596437,14.142135623730951,15.0,15.524174696260024,19.1049731745428,15.524174696260024,19.4164878389476,19.4164878389476,19.4164878389476,21.213203435596427,18.110770276274835,18.110770276274835,16.278820596099706,13.416407864998739,1697990080.513053
12.206555615733702,8.602325267042627,17.0,12.08304597359457,20.12461179749811,12.806248474865697,20.518284528683193,18.027756377319946,22.135943621178658,22.561028345356952,18.973665961010276,25.317977802344327,22.561028345356952,27.073972741361768,20.12461179749811,23.259406699226012,17.46424919657298,22.561028345356952,16.401219466856727,14.317821063276352,13.92838827718412,10.44030650891055,12.08304597359457,8.54400374531753,11.704699910719626,7.211102550927979,8.94427190999916,10.816653826391969,11.180339887498949,14.560219778561038,17.46424919657298,17.720045146669353,18.60107523773827,18.35755975068582,15.652475842498529,10.295630140987,15.524174696260024,14.866068747318506,12.165525060596437,15.0,15.03329637837291,17.029386365926403,20.39607805437114,16.492422502470642,19.235384061671347,18.027756377319946,17.11724276862369,21.023796041628636,16.0312195418814,18.110770276274835,14.142135623730951,13.92838827718412,1697990080.5291183
5.8309518948453,7.810249675906654,12.041594578792294,14.866068747318506,16.55294535724685,12.041594578792294,13.341664064126334,18.0,20.09975124224178,17.11724276862369,18.248287590894655,20.0,21.213203435596427,27.073972741361768,20.248456731316587,19.235384061671347,18.973665961010276,16.76305461424021,13.341664064126334,13.038404810405298,10.19803902718557,8.246211251235321,7.0710678118654755,7.0,7.280109889280519,8.06225774829855,7.810249675906654,8.94427190999916,11.180339887498949,11.40175425099138,11.704699910719626,15.524174696260024,14.317821063276352,12.649110640673518,14.317821063276352,9.848857801796104,9.219544457292889,9.055385138137417,12.165525060596437,12.0,13.038404810405298,13.601470508735444,15.297058540778355,13.341664064126334,14.560219778561038,16.55294535724685,14.560219778561038,18.027756377319946,17.720045146669353,14.142135623730951,13.152946437965904,12.08304597359457,1697990080.5486403
15.811388300841898,11.704699910719626,16.15549442140351,19.79898987322333,16.278820596099706,13.892443989449806,20.518284528683193,22.203603311174515,21.93171219946131,20.808652046684813,23.3452350598575,26.1725046566048,27.202941017470888,26.92582403567252,23.706539182259394,23.706539182259394,21.931712199461305,20.6155281280883,18.973665961010276,16.492422502470642,12.649110640673518,12.529964086141668,10.63014581273465,11.313708498984761,10.63014581273465,8.94427190999916,10.0,11.045361017187261,13.152946437965904,13.341664064126334,14.317821063276352,16.492422502470642,17.46424919657298,17.720045146669353,18.439088914585778,14.560219778561038,13.0,13.892443989449806,15.811388300841896,17.204650534085253,17.204650534085253,17.804493814764854,17.69180601295413,17.69180601295413,19.79898987322333,19.1049731745428,19.79898987322333,18.38477631085024,19.1049731745428,18.439088914585774,16.278820596099706,14.7648230602334,1697990080.5586414
6.4031242374328485,11.6619037896906,14.0356688476182,19.4164878389476,15.03329637837291,17.26267650163207,22.02271554554524,15.297058540778355,18.027756377319946,21.540659228538015,22.561028345356952,26.248809496813376,24.351591323771842,21.931712199461305,20.12461179749811,23.259406699226012,19.723082923316017,16.643316977093235,14.7648230602334,13.892443989449806,11.180339887498949,11.40175425099138,10.44030650891055,10.04987562112089,9.0,9.486832980505138,8.602325267042627,9.219544457292887,12.806248474865697,12.206555615733702,13.453624047073712,15.264337522473749,16.970562748477143,17.69180601295413,17.029386365926403,13.601470508735444,11.6619037896906,13.0,13.0,14.317821063276352,15.811388300841898,15.132745950421555,18.248287590894655,17.029386365926403,17.11724276862369,16.0,17.26267650163207,17.11724276862369,16.1245154965971,16.1245154965971,14.0,14.142135623730951,1697990080.577024
12.206555615733702,9.848857801796104,10.63014581273465,14.866068747318504,16.278820596099706,17.26267650163207,21.93171219946131,21.400934559032695,19.849433241279208,21.93171219946131,23.3452350598575,26.248809496813372,23.60084744241189,21.95449840010015,21.470910553583888,22.825424421026653,19.697715603592208,17.08800749063506,15.811388300841898,13.601470508735444,12.08304597359457,10.0,9.433981132056603,9.219544457292887,10.0,9.486832980505138,10.0,12.041594578792294,13.341664064126334,13.152946437965904,16.278820596099706,16.492422502470642,19.026297590440446,17.11724276862369,17.029386365926403,10.19803902718557,12.529964086141668,13.038404810405298,14.422205101855958,14.422205101855958,16.401219466856727,16.278820596099706,19.209372712298546,18.38477631085024,18.439088914585774,17.69180601295413,18.60107523773827,17.804493814764854,18.439088914585774,16.970562748477143,15.620499351813308,15.0,1697990080.5950236
10.04987562112089,10.770329614269007,14.317821063276352,14.866068747318506,14.866068747318506,16.15549442140351,18.38477631085024,18.973665961010276,21.18962010041709,22.561028345356952,23.194827009486403,23.194827009486403,24.020824298928627,26.076809620810597,24.083189157584588,24.083189157584588,20.024984394500787,20.024984394500787,14.0356688476182,11.045361017187261,11.045361017187261,13.0,10.770329614269007,11.704699910719626,10.04987562112089,7.615773105863909,8.0,13.341664064126334,15.297058540778355,15.811388300841896,16.76305461424021,16.492422502470642,18.439088914585778,17.11724276862369,16.55294535724685,15.132745950421555,14.317821063276352,9.0,15.132745950421555,14.866068747318506,17.11724276862369,16.76305461424021,19.924858845171276,18.38477631085024,18.38477631085024,17.46424919657298,18.973665961010276,18.027756377319946,18.973665961010276,17.0,16.15549442140351,15.264337522473749,1697990080.6060328
14.212670403551895,10.19803902718557,19.924858845171276,16.278820596099706,19.849433241279208,18.60107523773827,21.400934559032695,22.825424421026653,22.022715545545243,21.2602916254693,23.430749027719962,25.80697580112788,24.596747752497688,26.400757564888174,23.259406699226012,23.259406699226012,20.8806130178211,20.248456731316587,17.720045146669353,16.15549442140351,13.0,12.206555615733702,12.529964086141668,11.40175425099138,10.63014581273465,10.816653826391969,11.704699910719626,10.0,13.0,14.142135623730951,17.029386365926403,16.278820596099706,19.026297590440446,16.1245154965971,16.0,13.152946437965904,14.560219778561038,13.601470508735444,17.46424919657298,14.7648230602334,17.46424919657298,17.804493814764854,19.723082923316017,16.643316977093235,18.60107523773827,17.804493814764854,19.4164878389476,18.867962264113206,17.204650534085253,17.029386365926403,16.401219466856727,14.866068747318504,1697990080.6185522
14.7648230602334,12.529964086141668,14.866068747318506,20.39607805437114,15.231546211727817,15.811388300841898,20.39607805437114,20.8806130178211,24.596747752497688,21.931712199461305,25.079872407968903,25.553864678361276,23.853720883753127,25.0,24.08318915758459,24.207436873820413,21.213203435596427,18.439088914585774,17.69180601295413,15.556349186104047,14.142135623730951,12.041594578792296,11.40175425099138,9.848857801796104,11.704699910719626,9.055385138137417,10.04987562112089,10.44030650891055,13.038404810405298,13.601470508735444,14.317821063276352,16.1245154965971,18.38477631085024,15.231546211727817,17.804493814764854,16.1245154965971,11.6619037896906,12.206555615733702,14.866068747318504,15.620499351813308,14.866068747318504,18.867962264113206,17.4928556845359,16.1245154965971,18.35755975068582,16.1245154965971,18.027756377319946,18.60107523773827,17.204650534085253,16.1245154965971,16.643316977093235,14.317821063276352,1697990080.6445568
16.278820596099706,12.206555615733702,13.453624047073712,15.620499351813308,17.0,15.811388300841896,22.47220505424423,22.671568097509265,23.430749027719962,21.93171219946131,25.455844122715714,27.58622844826744,25.612496949731394,25.553864678361276,22.825424421026653,25.553864678361276,21.02379604162864,19.313207915827967,17.46424919657298,15.231546211727817,13.416407864998739,12.206555615733702,10.0,10.63014581273465,10.816653826391969,9.848857801796104,10.19803902718557,10.04987562112089,12.36931687685298,13.92838827718412,15.297058540778355,16.76305461424021,18.681541692269406,16.492422502470642,17.46424919657298,13.601470508735444,13.0,13.416407864998739,14.422205101855958,16.278820596099706,15.811388300841896,16.278820596099706,20.518284528683193,17.804493814764854,19.209372712298546,17.204650534085253,19.79898987322333,18.38477631085024,17.69180601295413,17.029386365926403,16.278820596099706,15.264337522473749,1697990080.6735504
15.297058540778355,15.811388300841896,20.518284528683193,14.866068747318504,16.970562748477143,18.027756377319946,14.142135623730951,20.808652046684813,21.633307652783937,21.633307652783937,23.3238075793812,25.059928172283335,23.769728648009426,23.08679276123039,23.769728648009423,22.561028345356952,20.39607805437114,18.248287590894655,17.11724276862369,14.0356688476182,12.165525060596437,11.704699910719626,9.486832980505138,9.433981132056603,10.0,10.0,10.295630140987,9.219544457292889,11.045361017187261,12.0,14.0356688476182,16.0312195418814,16.1245154965971,16.1245154965971,13.92838827718412,11.045361017187261,12.0,13.152946437965904,13.341664064126334,14.866068747318506,15.524174696260024,16.15549442140351,16.55294535724685,16.55294535724685,17.88854381999832,16.55294535724685,18.38477631085024,17.08800749063506,16.15549442140351,16.15549442140351,15.231546211727817,14.422205101855958,1697990080.683554
5.8309518948453,7.280109889280519,15.03329637837291,18.35755975068582,12.36931687685298,16.492422502470642,16.55294535724685,20.808652046684813,16.492422502470642,20.6155281280883,23.769728648009426,21.02379604162864,22.203603311174515,20.0,19.79898987322333,20.615528128088304,19.1049731745428,13.892443989449806,14.142135623730951,12.529964086141668,10.63014581273465,8.54400374531753,8.06225774829855,7.615773105863909,9.219544457292889,12.36931687685298,9.219544457292889,9.433981132056603,10.63014581273465,10.63014581273465,15.264337522473749,16.278820596099706,14.7648230602334,13.416407864998739,15.264337522473749,12.529964086141668,11.40175425099138,15.556349186104047,12.806248474865697,14.866068747318504,14.422205101855958,14.317821063276352,17.46424919657298,16.15549442140351,18.788294228055936,15.652475842498529,17.88854381999832,15.620499351813308,15.652475842498529,13.152946437965904,15.231546211727817,14.422205101855958,1697990080.6935518
6.0827625302982185,9.219544457292889,15.132745950421555,13.0,13.152946437965904,17.11724276862369,23.345235059857504,21.095023109728984,20.248456731316587,18.681541692269406,21.587033144922902,21.931712199461305,21.470910553583888,20.591260281974,19.235384061671343,19.235384061671343,18.027756377319946,18.027756377319946,12.806248474865697,16.1245154965971,10.04987562112089,8.54400374531753,9.848857801796104,9.0,8.0,9.055385138137417,9.848857801796104,10.816653826391969,10.0,12.041594578792296,13.601470508735444,13.453624047073712,15.264337522473749,16.1245154965971,13.416407864998739,13.601470508735444,12.206555615733702,12.806248474865697,15.0,14.317821063276352,15.0,17.204650534085253,17.4928556845359,15.264337522473749,17.4928556845359,16.643316977093235,17.4928556845359,18.027756377319946,15.811388300841896,16.643316977093235,14.422205101855958,14.317821063276352,1697990080.7045636
8.54400374531753,10.816653826391969,12.206555615733702,14.317821063276352,13.892443989449806,15.264337522473749,16.643316977093235,18.35755975068582,19.697715603592208,19.313207915827967,20.248456731316587,21.840329667841555,21.377558326431952,21.377558326431952,19.4164878389476,20.024984394500787,24.186773244895647,17.0,15.03329637837291,12.041594578792294,10.04987562112089,9.219544457292889,7.615773105863909,8.06225774829855,8.602325267042627,9.219544457292887,8.94427190999916,9.219544457292889,11.045361017187261,12.041594578792294,14.142135623730951,15.297058540778355,16.492422502470642,15.297058540778355,14.560219778561038,12.165525060596437,12.0,12.041594578792294,13.152946437965904,15.524174696260024,15.297058540778355,16.76305461424021,16.492422502470642,17.08800749063506,18.027756377319946,17.08800749063506,17.720045146669353,17.720045146669353,16.76305461424021,16.15549442140351,16.15549442140351,14.7648230602334,1697990080.714564
10.19803902718557,6.0827625302982185,13.341664064126334,16.0312195418814,18.248287590894655,14.142135623730951,16.0,18.38477631085024,21.377558326431952,24.331050121192874,20.615528128088304,26.248809496813376,24.041630560342615,21.931712199461305,22.825424421026653,21.540659228538015,20.12461179749811,17.88854381999832,17.029386365926403,12.529964086141668,11.180339887498949,8.94427190999916,9.219544457292887,9.055385138137417,10.0,9.486832980505138,9.899494936611665,9.219544457292887,12.041594578792296,12.041594578792294,15.811388300841896,16.643316977093235,17.69180601295413,15.811388300841896,17.029386365926403,14.212670403551895,13.038404810405298,13.152946437965904,14.866068747318506,15.03329637837291,16.76305461424021,16.76305461424021,18.439088914585778,18.0,20.09975124224178,17.08800749063506,19.6468827043885,19.0,20.09975124224178,15.297058540778355,17.11724276862369,17.0,1697990080.7250793
9.0,14.0356688476182,14.7648230602334,17.88854381999832,16.492422502470642,14.142135623730951,19.235384061671343,20.39607805437114,24.698178070456937,20.223748416156685,23.086792761230395,26.305892875931807,24.0,23.0,21.023796041628636,23.021728866442675,19.235384061671347,17.11724276862369,15.297058540778355,13.341664064126334,12.165525060596437,11.0,9.055385138137417,9.219544457292889,11.180339887498949,10.0,11.313708498984761,11.40175425099138,13.416407864998739,15.231546211727817,15.652475842498529,17.4928556845359,18.867962264113206,16.643316977093235,15.811388300841896,16.1245154965971,14.317821063276352,12.649110640673518,16.492422502470642,15.524174696260024,16.1245154965971,15.03329637837291,17.11724276862369,18.027756377319946,19.1049731745428,19.026297590440446,20.39607805437114,18.681541692269406,19.4164878389476,17.46424919657298,17.11724276862369,14.0356688476182,1697990080.73808
12.08304597359457,10.19803902718557,18.027756377319946,13.416407864998739,16.643316977093235,17.08800749063506,14.422205101855958,18.867962264113206,20.12461179749811,21.18962010041709,23.08679276123039,25.0,23.53720459187964,22.090722034374522,21.095023109728984,23.021728866442675,20.0,18.0,15.03329637837291,13.0,11.0,11.704699910719626,9.486832980505138,9.433981132056603,8.06225774829855,9.219544457292887,9.848857801796104,9.219544457292889,12.041594578792294,13.038404810405298,15.132745950421555,17.11724276862369,16.278820596099706,17.46424919657298,15.231546211727817,9.848857801796104,11.40175425099138,14.142135623730951,13.152946437965904,16.492422502470642,14.866068747318506,16.55294535724685,18.788294228055936,17.4928556845359,18.35755975068582,18.027756377319946,18.38477631085024,18.38477631085024,17.88854381999832,17.0,16.55294535724685,15.0,1697990080.748081
6.0827625302982185,11.40175425099138,13.341664064126334,14.317821063276352,14.560219778561038,15.524174696260024,17.46424919657298,18.248287590894655,20.223748416156685,20.024984394500787,21.023796041628636,23.0,22.090722034374522,21.213203435596427,20.223748416156685,20.223748416156685,18.681541692269406,16.76305461424021,14.866068747318506,12.649110640673518,10.19803902718557,10.0,10.0,9.219544457292889,9.486832980505138,9.433981132056603,9.219544457292887,10.0,11.6619037896906,13.416407864998739,15.264337522473749,16.1245154965971,15.811388300841896,15.0,15.0,12.206555615733702,12.08304597359457,12.649110640673518,13.341664064126334,14.317821063276352,14.317821063276352,15.03329637837291,17.029386365926403,16.0,17.029386365926403,17.029386365926403,17.11724276862369,17.11724276862369,17.029386365926403,16.0312195418814,15.03329637837291,14.0356688476182,1697990080.7620797
3.6055512754639896,6.0,13.341664064126334,9.486832980505138,10.44030650891055,18.681541692269406,17.720045146669353,17.08800749063506,16.0312195418814,20.024984394500787,20.223748416156685,24.0,28.442925306655788,19.313207915827967,20.09975124224178,19.1049731745428,16.278820596099706,15.811388300841898,18.027756377319946,11.704699910719626,16.0312195418814,12.649110640673518,7.0,10.770329614269007,10.770329614269007,11.180339887498949,10.295630140987,10.0,9.055385138137417,13.416407864998739,12.649110640673518,16.0,15.652475842498529,14.317821063276352,14.560219778561038,13.0,14.0,11.0,13.92838827718412,13.892443989449806,13.341664064126334,13.892443989449806,14.317821063276352,15.264337522473749,17.0,17.46424919657298,18.38477631085024,17.46424919657298,15.811388300841896,17.029386365926403,14.866068747318506,16.55294535724685,1697990080.7720785
15.524174696260024,8.0,11.0,17.029386365926403,15.811388300841898,17.88854381999832,18.110770276274835,21.18962010041709,18.248287590894655,20.09975124224178,20.09975124224178,22.0,20.09975124224178,21.213203435596427,19.4164878389476,21.095023109728984,15.811388300841898,13.92838827718412,12.649110640673518,11.704699910719626,9.219544457292889,10.04987562112089,8.06225774829855,7.0710678118654755,11.045361017187261,7.0710678118654755,10.816653826391969,10.0,9.219544457292887,12.649110640673518,12.041594578792296,14.866068747318504,14.866068747318504,16.278820596099706,15.620499351813308,13.0,12.649110640673518,14.422205101855958,12.529964086141668,15.231546211727817,14.866068747318506,16.492422502470642,17.08800749063506,17.46424919657298,16.492422502470642,17.720045146669353,20.248456731316587,17.26267650163207,16.15549442140351,16.492422502470642,16.55294535724685,12.08304597359457,1697990080.782082
14.7648230602334,5.8309518948453,14.142135623730951,12.041594578792294,17.11724276862369,17.88854381999832,18.110770276274835,15.811388300841898,18.681541692269406,21.095023109728984,21.840329667841555,23.40939982143925,26.305892875931807,20.248456731316587,24.413111231467404,19.723082923316017,18.867962264113206,21.2602916254693,14.866068747318504,14.866068747318504,9.219544457292889,10.770329614269007,8.06225774829855,10.44030650891055,9.055385138137417,11.180339887498949,7.211102550927979,10.0,10.816653826391969,12.041594578792296,14.142135623730951,14.142135623730951,17.029386365926403,13.453624047073712,15.620499351813308,11.313708498984761,12.806248474865697,11.6619037896906,12.206555615733702,14.866068747318506,13.92838827718412,14.866068747318506,17.720045146669353,14.317821063276352,17.46424919657298,16.1245154965971,16.76305461424021,16.76305461424021,17.720045146669353,16.0312195418814,15.811388300841898,13.038404810405298,1697990080.7920809
7.810249675906654,11.6619037896906,17.204650534085253,15.0,16.643316977093235,16.643316977093235,18.027756377319946,24.839484696748443,18.867962264113206,20.248456731316587,21.095023109728988,23.259406699226012,21.18962010041709,20.248456731316587,20.39607805437114,22.561028345356952,17.720045146669353,17.0,16.0312195418814,12.0,11.40175425099138,10.44030650891055,9.848857801796104,9.433981132056603,9.219544457292887,9.433981132056603,8.06225774829855,11.045361017187261,10.0,14.0,16.0312195418814,15.03329637837291,16.0312195418814,16.0312195418814,16.0312195418814,13.152946437965904,11.180339887498949,11.704699910719626,14.866068747318506,13.038404810405298,15.231546211727817,14.422205101855958,18.027756377319946,16.401219466856727,18.027756377319946,17.804493814764854,18.867962264113206,16.643316977093235,18.027756377319946,17.804493814764854,16.643316977093235,14.866068747318504,1697990080.8071234
10.44030650891055,14.317821063276352,16.55294535724685,14.317821063276352,14.317821063276352,15.524174696260024,21.02379604162864,19.313207915827967,20.223748416156685,20.09975124224178,21.023796041628636,23.021728866442675,22.02271554554524,21.095023109728984,20.09975124224178,21.377558326431952,15.297058540778355,18.439088914585778,15.811388300841898,13.416407864998739,11.0,9.055385138137417,7.211102550927979,9.486832980505138,9.486832980505138,9.848857801796104,10.0,12.08304597359457,15.0,11.180339887498949,14.866068747318504,19.79898987322333,15.231546211727817,15.264337522473749,13.453624047073712,13.0,12.36931687685298,16.15549442140351,14.0356688476182,13.0,16.0,15.132745950421555,17.029386365926403,16.1245154965971,16.278820596099706,17.26267650163207,17.029386365926403,17.0,17.029386365926403,16.0312195418814,16.0,14.317821063276352,1697990080.818622
13.453624047073712,13.453624047073712,16.278820596099706,13.892443989449806,16.76305461424021,20.591260281974,21.95449840010015,18.867962264113206,21.400934559032695,20.615528128088304,23.60084744241189,26.1725046566048,23.430749027719962,22.80350850198276,20.808652046684813,22.203603311174515,18.60107523773827,18.027756377319946,14.317821063276352,13.416407864998739,10.0,9.899494936611665,10.0,9.848857801796104,9.848857801796104,9.219544457292889,11.0,12.08304597359457,13.601470508735444,13.92838827718412,16.492422502470642,18.439088914585778,16.492422502470642,16.492422502470642,15.524174696260024,14.866068747318506,13.892443989449806,12.529964086141668,16.401219466856727,15.811388300841896,18.867962264113206,18.38477631085024,19.1049731745428,19.1049731745428,19.79898987322333,18.38477631085024,19.209372712298546,20.0,19.209372712298546,19.1049731745428,17.204650534085253,16.401219466856727,1697990080.855618
8.54400374531753,11.704699910719626,18.681541692269406,16.15549442140351,15.524174696260024,16.55294535724685,12.206555615733702,19.6468827043885,19.4164878389476,21.377558326431952,21.213203435596427,21.0,20.09975124224178,21.095023109728984,19.4164878389476,19.4164878389476,18.681541692269406,17.720045146669353,12.36931687685298,14.7648230602334,8.54400374531753,9.219544457292889,9.848857801796104,7.280109889280519,8.0,9.219544457292889,10.63014581273465,7.810249675906654,13.892443989449806,13.453624047073712,10.816653826391969,18.439088914585778,15.0,13.453624047073712,16.278820596099706,11.40175425099138,9.219544457292887,10.0,14.560219778561038,14.866068747318506,15.811388300841898,15.231546211727817,15.524174696260024,14.560219778561038,16.76305461424021,16.76305461424021,16.76305461424021,15.652475842498529,14.866068747318506,14.866068747318506,14.866068747318506,13.341664064126334,1697990080.8726177
9.848857801796104,11.40175425099138,13.453624047073712,18.35755975068582,16.15549442140351,14.422205101855958,16.492422502470642,15.652475842498529,19.235384061671343,19.4164878389476,20.0,23.430749027719962,22.627416997969522,19.79898987322333,20.518284528683193,20.615528128088304,18.867962264113206,14.142135623730951,13.601470508735444,12.806248474865697,11.40175425099138,12.041594578792296,11.40175425099138,7.280109889280519,8.0,9.055385138137417,11.180339887498949,8.54400374531753,11.045361017187261,13.0,10.816653826391969,14.142135623730951,17.0,14.317821063276352,13.601470508735444,11.045361017187261,11.180339887498949,14.422205101855958,12.806248474865697,16.401219466856727,14.142135623730951,14.212670403551895,16.278820596099706,16.278820596099706,16.278820596099706,16.278820596099706,16.970562748477143,16.278820596099706,17.69180601295413,15.556349186104047,14.142135623730951,12.806248474865697,1697990080.8836308
6.708203932499369,12.36931687685298,18.439088914585778,22.090722034374522,14.0356688476182,13.92838827718412,19.235384061671347,15.03329637837291,20.024984394500787,20.0,21.0,24.186773244895647,22.360679774997898,20.8806130178211,20.615528128088304,22.135943621178658,19.697715603592208,17.08800749063506,13.92838827718412,13.601470508735444,11.180339887498949,10.0,11.180339887498949,9.055385138137417,10.770329614269007,9.055385138137417,10.63014581273465,10.0,12.529964086141668,15.620499351813308,16.278820596099706,18.439088914585774,15.620499351813308,15.556349186104047,16.401219466856727,12.529964086141668,13.892443989449806,14.560219778561038,16.1245154965971,15.231546211727817,15.231546211727817,17.46424919657298,18.439088914585778,17.46424919657298,18.681541692269406,18.439088914585778,18.681541692269406,18.681541692269406,19.4164878389476,16.0,13.601470508735444,15.132745950421555,1697990080.9156277
14.142135623730951,11.6619037896906,16.278820596099706,18.38477631085024,17.69180601295413,16.643316977093235,19.235384061671347,15.03329637837291,22.203603311174515,21.95449840010015,22.203603311174515,24.69817807045694,24.186773244895647,24.16609194718914,21.931712199461305,21.02379604162864,19.924858845171276,17.46424919657298,16.492422502470642,12.649110640673518,11.6619037896906,12.206555615733702,7.211102550927979,12.806248474865697,10.63014581273465,9.219544457292887,11.0,9.055385138137417,11.045361017187261,16.15549442140351,17.26267650163207,16.1245154965971,18.110770276274835,17.029386365926403,18.110770276274835,15.0,10.44030650891055,14.560219778561038,14.142135623730951,17.4928556845359,16.643316977093235,16.278820596099706,18.439088914585774,17.029386365926403,19.1049731745428,17.804493814764854,18.439088914585774,17.804493814764854,17.029386365926403,17.029386365926403,13.601470508735444,17.4928556845359,1697990080.9240983
11.313708498984761,7.810249675906654,9.219544457292887,10.295630140987,11.180339887498949,13.453624047073712,14.317821063276352,15.03329637837291,15.811388300841896,19.1049731745428,22.203603311174515,20.615528128088304,24.186773244895647,24.16609194718914,21.931712199461305,21.02379604162864,14.422205101855958,13.892443989449806,12.206555615733702,11.180339887498949,8.06225774829855,7.810249675906654,8.485281374238571,6.4031242374328485,8.06225774829855,9.219544457292887,7.0,7.0710678118654755,8.246211251235321,11.180339887498949,11.180339887498949,12.36931687685298,13.152946437965904,11.40175425099138,12.165525060596437,10.04987562112089,8.54400374531753,10.0,10.295630140987,10.816653826391969,13.038404810405298,12.727922061357857,15.0,17.029386365926403,19.1049731745428,14.142135623730951,18.439088914585774,14.866068747318504,14.142135623730951,14.212670403551895,13.601470508735444,17.4928556845359,1697990080.9330997
13.0,10.44030650891055,17.4928556845359,9.848857801796104,13.601470508735444,13.92838827718412,17.46424919657298,20.615528128088304,19.849433241279208,19.209372712298546,20.518284528683193,21.2602916254693,20.808652046684813,19.4164878389476,18.867962264113206,19.235384061671343,16.55294535724685,15.652475842498529,13.92838827718412,11.704699910719626,10.295630140987,10.0,8.485281374238571,8.602325267042627,8.06225774829855,8.54400374531753,8.06225774829855,10.0,11.180339887498949,13.341664064126334,13.038404810405298,15.132745950421555,16.0312195418814,15.03329637837291,15.0,12.0,11.180339887498949,12.649110640673518,13.92838827718412,15.231546211727817,15.811388300841898,14.866068747318506,17.08800749063506,17.0,17.0,17.0,17.46424919657298,16.55294535724685,17.88854381999832,16.1245154965971,15.652475842498529,14.422205101855958,1697990080.9420986
13.038404810405298,9.219544457292889,14.317821063276352,15.231546211727817,12.08304597359457,10.295630140987,18.788294228055936,15.231546211727817,20.39607805437114,18.681541692269406,20.223748416156685,21.213203435596427,20.0,19.026297590440446,20.0,19.026297590440446,17.029386365926403,16.0312195418814,13.152946437965904,12.041594578792294,11.045361017187261,9.055385138137417,9.055385138137417,9.486832980505138,9.486832980505138,9.219544457292887,7.211102550927979,8.602325267042627,11.40175425099138,12.36931687685298,13.601470508735444,15.231546211727817,17.08800749063506,13.601470508735444,12.165525060596437,17.88854381999832,9.486832980505138,11.704699910719626,10.19803902718557,16.0312195418814,15.811388300841898,15.03329637837291,14.317821063276352,15.524174696260024,16.278820596099706,16.492422502470642,15.132745950421555,16.55294535724685,16.76305461424021,16.492422502470642,12.36931687685298,12.36931687685298,1697990080.9570982
9.899494936611665,14.317821063276352,15.811388300841896,13.601470508735444,17.804493814764854,14.212670403551895,18.788294228055936,15.231546211727817,23.60084744241189,24.596747752497688,22.825424421026653,25.63201123595259,24.351591323771842,23.769728648009423,22.561028345356952,22.561028345356952,20.09975124224178,19.4164878389476,16.1245154965971,16.0,12.041594578792294,12.36931687685298,10.44030650891055,10.295630140987,11.40175425099138,10.63014581273465,12.806248474865697,9.219544457292889,11.40175425099138,14.142135623730951,16.492422502470642,15.811388300841898,18.973665961010276,16.15549442140351,19.924858845171276,18.027756377319946,13.341664064126334,14.0,13.152946437965904,16.0312195418814,18.027756377319946,20.09975124224178,19.1049731745428,17.029386365926403,18.027756377319946,19.235384061671347,20.09975124224178,19.026297590440446,20.09975124224178,18.0,18.027756377319946,15.297058540778355,1697990080.9660993
10.44030650891055,8.246211251235321,15.132745950421555,11.40175425099138,14.866068747318506,15.03329637837291,17.720045146669353,21.377558326431952,20.8806130178211,21.540659228538015,22.360679774997898,23.706539182259394,21.470910553583888,23.021728866442675,20.808652046684813,20.808652046684813,17.69180601295413,17.69180601295413,15.556349186104047,13.453624047073712,12.041594578792296,7.615773105863909,10.770329614269007,9.433981132056603,13.152946437965904,10.04987562112089,10.44030650891055,14.212670403551895,12.08304597359457,14.142135623730951,15.231546211727817,14.866068747318506,15.652475842498529,15.231546211727817,14.317821063276352,13.038404810405298,15.620499351813308,13.453624047073712,17.804493814764854,14.866068747318504,17.204650534085253,18.027756377319946,18.867962264113206,16.643316977093235,17.204650534085253,18.788294228055936,19.4164878389476,18.027756377319946,18.867962264113206,17.4928556845359,15.811388300841896,15.231546211727817,1697990080.9761016
13.0,10.19803902718557,13.038404810405298,15.297058540778355,15.132745950421555,17.029386365926403,22.02271554554524,16.0312195418814,20.09975124224178,20.09975124224178,23.345235059857504,24.331050121192874,21.840329667841555,23.08679276123039,20.8806130178211,21.540659228538015,19.697715603592208,17.46424919657298,14.317821063276352,14.7648230602334,12.649110640673518,11.40175425099138,10.19803902718557,11.0,10.0,9.219544457292889,10.816653826391969,10.63014581273465,12.041594578792296,13.453624047073712,14.212670403551895,16.278820596099706,16.278820596099706,14.866068747318504,15.0,12.727922061357857,12.206555615733702,11.180339887498949,13.0,12.649110640673518,16.76305461424021,15.811388300841898,17.720045146669353,15.297058540778355,16.278820596099706,16.492422502470642,17.720045146669353,18.027756377319946,15.297058540778355,16.278820596099706,15.524174696260024,14.0356688476182,1697990080.9851027
16.55294535724685,7.280109889280519,18.110770276274835,19.0,17.11724276862369,15.132745950421555,15.524174696260024,20.223748416156685,19.1049731745428,23.345235059857504,20.39607805437114,23.40939982143925,24.041630560342615,22.135943621178658,21.540659228538015,21.540659228538015,21.02379604162864,19.235384061671343,17.0,13.892443989449806,12.08304597359457,11.40175425099138,11.180339887498949,9.0,10.0,10.19803902718557,8.54400374531753,10.63014581273465,10.816653826391969,13.601470508735444,14.866068747318504,16.278820596099706,17.804493814764854,14.212670403551895,16.401219466856727,16.401219466856727,12.041594578792296,11.40175425099138,13.416407864998739,14.317821063276352,16.55294535724685,16.55294535724685,17.08800749063506,16.76305461424021,16.76305461424021,16.76305461424021,17.46424919657298,16.15549442140351,18.38477631085024,15.524174696260024,16.492422502470642,14.317821063276352,1697990080.995103
13.038404810405298,7.615773105863909,14.560219778561038,17.69180601295413,14.422205101855958,17.804493814764854,21.2602916254693,19.849433241279208,23.021728866442675,24.207436873820413,22.47220505424423,24.186773244895647,23.706539182259394,21.931712199461305,21.540659228538015,22.472205054244235,18.973665961010276,18.027756377319946,15.811388300841898,14.560219778561038,13.0,12.529964086141668,11.180339887498949,11.313708498984761,11.40175425099138,9.433981132056603,8.54400374531753,12.0,10.04987562112089,15.03329637837291,16.1245154965971,16.0312195418814,20.223748416156685,15.0,14.0356688476182,11.045361017187261,13.601470508735444,14.560219778561038,12.529964086141668,15.811388300841896,16.55294535724685,17.204650534085253,17.4928556845359,14.866068747318504,16.278820596099706,17.029386365926403,19.1049731745428,18.439088914585774,17.804493814764854,19.1049731745428,16.970562748477143,15.620499351813308,1697990081.0051038
11.045361017187261,11.180339887498949,15.231546211727817,15.811388300841898,18.973665961010276,18.110770276274835,17.720045146669353,18.681541692269406,23.086792761230395,22.090722034374522,23.086792761230395,25.079872407968907,25.01999200639361,22.090722034374522,23.345235059857504,22.80350850198276,20.615528128088304,17.11724276862369,19.026297590440446,16.278820596099706,14.560219778561038,14.0356688476182,10.04987562112089,8.0,11.40175425099138,11.40175425099138,12.041594578792296,8.06225774829855,14.212670403551895,10.770329614269007,13.038404810405298,17.0,17.029386365926403,18.60107523773827,16.643316977093235,13.453624047073712,9.899494936611665,10.19803902718557,14.317821063276352,11.045361017187261,16.76305461424021,17.0,18.027756377319946,18.110770276274835,16.278820596099706,16.492422502470642,19.1049731745428,20.09975124224178,14.142135623730951,14.317821063276352,16.0312195418814,15.811388300841898,1697990081.0151043
11.045361017187261,10.770329614269007,14.7648230602334,19.4164878389476,17.204650534085253,16.278820596099706,16.55294535724685,18.027756377319946,20.518284528683193,22.090722034374522,24.207436873820413,24.758836806279895,24.08318915758459,24.839484696748443,24.413111231467404,22.80350850198276,18.027756377319946,19.4164878389476,19.235384061671343,16.1245154965971,13.892443989449806,11.40175425099138,9.899494936611665,11.180339887498949,10.44030650891055,8.06225774829855,8.06225774829855,12.0,12.529964086141668,16.643316977093235,18.027756377319946,19.235384061671343,19.235384061671347,16.55294535724685,18.38477631085024,16.278820596099706,11.6619037896906,13.601470508735444,16.278820596099706,15.620499351813308,16.401219466856727,17.804493814764854,18.439088914585774,18.439088914585774,18.60107523773827,17.4928556845359,17.029386365926403,17.804493814764854,20.808652046684813,15.652475842498529,15.811388300841896,16.15549442140351,1697990081.0246162
10.19803902718557,11.045361017187261,14.0,15.132745950421555,15.03329637837291,16.0312195418814,18.110770276274835,19.235384061671347,20.615528128088304,20.8806130178211,21.840329667841555,22.472205054244235,21.470910553583888,21.470910553583888,20.248456731316587,21.095023109728988,18.027756377319946,16.401219466856727,15.0,13.453624047073712,11.40175425099138,10.295630140987,8.94427190999916,9.055385138137417,8.0,8.06225774829855,9.486832980505138,8.06225774829855,11.6619037896906,12.806248474865697,11.40175425099138,17.204650534085253,16.1245154965971,15.0,12.206555615733702,11.40175425099138,11.313708498984761,12.806248474865697,13.038404810405298,14.317821063276352,15.264337522473749,15.231546211727817,17.46424919657298,18.38477631085024,14.866068747318506,17.08800749063506,17.08800749063506,15.231546211727817,18.027756377319946,16.76305461424021,17.08800749063506,13.152946437965904,1697990081.0396388
9.219544457292889,11.704699910719626,13.92838827718412,16.0312195418814,12.08304597359457,14.422205101855958,18.027756377319946,19.313207915827967,20.248456731316587,21.587033144922902,22.561028345356952,23.345235059857504,23.086792761230395,22.02271554554524,21.0,22.0,19.026297590440446,17.029386365926403,16.1245154965971,14.142135623730951,11.180339887498949,10.04987562112089,9.055385138137417,9.486832980505138,9.848857801796104,8.485281374238571,8.94427190999916,8.54400374531753,11.40175425099138,13.152946437965904,14.866068747318506,14.560219778561038,17.46424919657298,15.811388300841898,14.560219778561038,12.36931687685298,11.045361017187261,11.0,13.038404810405298,15.03329637837291,16.1245154965971,14.560219778561038,18.681541692269406,15.811388300841898,16.76305461424021,15.811388300841898,18.439088914585778,17.08800749063506,18.973665961010276,15.811388300841898,14.560219778561038,15.231546211727817,1697990081.0546212
16.492422502470642,9.433981132056603,15.652475842498529,14.0,18.248287590894655,18.027756377319946,23.086792761230395,19.313207915827967,22.80350850198276,21.840329667841555,20.8806130178211,24.351591323771842,21.02379604162864,23.706539182259394,17.88854381999832,20.591260281974,17.4928556845359,18.867962264113206,16.1245154965971,12.206555615733702,11.180339887498949,10.770329614269007,7.280109889280519,8.06225774829855,8.246211251235321,11.180339887498949,11.313708498984761,9.899494936611665,9.219544457292887,15.556349186104047,14.866068747318504,15.620499351813308,15.556349186104047,13.601470508735444,16.970562748477143,12.806248474865697,10.295630140987,10.770329614269007,15.03329637837291,14.317821063276352,16.492422502470642,17.26267650163207,16.1245154965971,17.11724276862369,18.027756377319946,16.0312195418814,18.0,19.1049731745428,18.0,15.132745950421555,15.0,15.132745950421555,1697990081.0666263
16.1245154965971,12.041594578792294,18.027756377319946,12.165525060596437,11.180339887498949,19.1049731745428,20.0,20.024984394500787,23.194827009486403,20.223748416156685,21.213203435596427,22.561028345356952,22.135943621178658,21.931712199461305,20.12461179749811,19.697715603592208,15.811388300841896,15.811388300841896,13.038404810405298,12.529964086141668,10.295630140987,9.848857801796104,9.219544457292889,9.055385138137417,10.04987562112089,9.486832980505138,9.433981132056603,10.63014581273465,11.313708498984761,14.212670403551895,14.866068747318504,16.278820596099706,17.029386365926403,14.866068747318504,15.620499351813308,12.727922061357857,12.206555615733702,11.6619037896906,14.317821063276352,14.866068747318506,16.15549442140351,16.76305461424021,18.027756377319946,16.278820596099706,17.46424919657298,17.26267650163207,17.720045146669353,17.720045146669353,17.720045146669353,17.26267650163207,16.492422502470642,15.03329637837291,1697990081.0766172
14.866068747318506,10.0,14.0356688476182,15.297058540778355,15.297058540778355,17.46424919657298,17.11724276862369,20.615528128088304,22.0,21.023796041628636,22.090722034374522,24.186773244895647,21.213203435596427,22.561028345356952,19.313207915827967,21.840329667841555,18.973665961010276,17.08800749063506,18.38477631085024,14.7648230602334,12.08304597359457,9.848857801796104,8.54400374531753,10.44030650891055,11.704699910719626,11.704699910719626,10.0,10.63014581273465,12.806248474865697,16.401219466856727,15.620499351813308,14.866068747318504,16.278820596099706,16.278820596099706,14.866068747318504,13.601470508735444,12.08304597359457,14.142135623730951,14.422205101855958,13.152946437965904,12.36931687685298,15.132745950421555,17.11724276862369,16.278820596099706,20.024984394500787,17.26267650163207,17.11724276862369,14.142135623730951,17.720045146669353,19.6468827043885,19.1049731745428,15.0,1697990081.0876143
12.206555615733702,11.40175425099138,17.029386365926403,14.866068747318506,14.7648230602334,13.601470508735444,17.08800749063506,20.248456731316587,19.723082923316017,23.021728866442675,23.021728866442675,22.671568097509265,21.400934559032695,25.059928172283335,19.1049731745428,19.1049731745428,15.811388300841896,16.643316977093235,15.0,13.038404810405298,10.63014581273465,10.63014581273465,8.94427190999916,8.246211251235321,10.44030650891055,9.219544457292889,10.0,9.848857801796104,11.704699910719626,13.92838827718412,14.560219778561038,14.317821063276352,16.492422502470642,16.76305461424021,14.866068747318506,13.92838827718412,11.180339887498949,12.529964086141668,14.866068747318504,13.453624047073712,15.620499351813308,16.401219466856727,17.804493814764854,17.804493814764854,18.027756377319946,17.804493814764854,17.804493814764854,17.804493814764854,18.439088914585774,15.811388300841896,17.204650534085253,15.811388300841896,1697990081.097615
12.08304597359457,13.601470508735444,16.401219466856727,17.0,18.027756377319946,18.60107523773827,20.808652046684813,22.47220505424423,23.706539182259394,23.769728648009426,23.40939982143925,26.570660511172843,24.73863375370596,24.331050121192874,21.377558326431952,23.53720459187964,19.6468827043885,18.027756377319946,16.278820596099706,17.46424919657298,13.152946437965904,11.180339887498949,11.6619037896906,11.40175425099138,11.313708498984761,11.6619037896906,12.649110640673518,12.36931687685298,14.0356688476182,17.11724276862369,15.132745950421555,18.0,16.0,18.0,17.26267650163207,15.297058540778355,14.317821063276352,13.0,13.0,16.1245154965971,18.35755975068582,17.804493814764854,21.540659228538015,16.643316977093235,17.804493814764854,20.518284528683193,17.804493814764854,17.804493814764854,17.88854381999832,15.811388300841896,20.12461179749811,13.601470508735444,1697990081.1076198
9.899494936611665,14.560219778561038,13.038404810405298,17.11724276862369,17.26267650163207,15.03329637837291,16.0312195418814,17.46424919657298,21.840329667841555,21.470910553583888,18.973665961010276,24.351591323771842,23.706539182259394,21.95449840010015,20.0,21.95449840010015,16.401219466856727,18.027756377319946,16.401219466856727,13.453624047073712,10.816653826391969,9.848857801796104,10.770329614269007,9.219544457292889,10.04987562112089,10.04987562112089,10.44030650891055,12.529964086141668,13.453624047073712,13.601470508735444,13.416407864998739,13.892443989449806,16.55294535724685,17.46424919657298,15.231546211727817,15.297058540778355,11.6619037896906,12.206555615733702,10.816653826391969,12.529964086141668,14.422205101855958,13.92838827718412,18.867962264113206,14.317821063276352,17.804493814764854,16.55294535724685,18.35755975068582,19.723082923316017,18.35755975068582,16.1245154965971,15.811388300841896,13.92838827718412,1697990081.125189
12.041594578792294,12.165525060596437,14.7648230602334,12.529964086141668,16.278820596099706,19.6468827043885,16.401219466856727,14.142135623730951,22.203603311174515,22.671568097509265,26.1725046566048,24.758836806279895,25.238858928247925,22.47220505424423,20.248456731316587,21.95449840010015,19.4164878389476,19.235384061671343,15.652475842498529,14.317821063276352,12.206555615733702,10.63014581273465,10.63014581273465,9.899494936611665,10.770329614269007,9.486832980505138,10.04987562112089,12.165525060596437,13.341664064126334,14.317821063276352,16.492422502470642,18.027756377319946,18.439088914585778,16.492422502470642,16.278820596099706,13.152946437965904,11.40175425099138,12.529964086141668,14.422205101855958,15.556349186104047,17.69180601295413,16.401219466856727,19.849433241279208,18.439088914585774,17.804493814764854,18.867962264113206,18.439088914585774,19.209372712298546,20.615528128088304,18.439088914585774,17.69180601295413,15.811388300841896,1697990081.1411893
7.615773105863909,12.529964086141668,19.209372712298546,19.209372712298546,17.0,15.652475842498529,21.633307652783937,23.259406699226012,24.698178070456937,24.351591323771842,25.63201123595259,25.0,23.53720459187964,23.021728866442675,24.020824298928627,23.086792761230395,20.024984394500787,19.0,17.0,15.03329637837291,13.152946437965904,13.341664064126334,11.40175425099138,11.180339887498949,12.529964086141668,10.63014581273465,10.63014581273465,13.416407864998739,14.866068747318506,15.811388300841898,16.1245154965971,19.235384061671343,20.12461179749811,17.88854381999832,16.55294535724685,15.652475842498529,13.0,13.341664064126334,15.03329637837291,16.0312195418814,17.029386365926403,17.11724276862369,21.095023109728984,18.110770276274835,16.1245154965971,20.223748416156685,22.02271554554524,20.09975124224178,20.09975124224178,18.110770276274835,18.0,15.297058540778355,1697990081.1571937
11.313708498984761,17.26267650163207,16.15549442140351,21.95449840010015,14.317821063276352,19.313207915827967,23.430749027719962,23.259406699226012,22.80350850198276,23.3452350598575,23.3452350598575,24.041630560342618,24.839484696748443,22.80350850198276,22.203603311174515,23.021728866442675,20.12461179749811,17.0,15.652475842498529,14.7648230602334,11.6619037896906,10.63014581273465,10.63014581273465,10.0,9.848857801796104,10.44030650891055,10.0,12.041594578792294,13.341664064126334,13.601470508735444,14.317821063276352,16.278820596099706,17.11724276862369,16.1245154965971,16.1245154965971,13.341664064126334,11.180339887498949,13.038404810405298,14.422205101855958,13.92838827718412,13.453624047073712,17.11724276862369,20.518284528683193,14.142135623730951,15.811388300841896,18.439088914585774,19.1049731745428,19.1049731745428,19.79898987322333,18.439088914585774,16.970562748477143,16.643316977093235,1697990081.17119
9.055385138137417,11.045361017187261,13.0,16.0312195418814,18.248287590894655,19.026297590440446,18.027756377319946,20.0,20.09975124224178,21.213203435596427,22.360679774997898,23.53720459187964,21.840329667841555,21.18962010041709,21.540659228538015,21.931712199461305,18.788294228055936,16.1245154965971,17.08800749063506,15.524174696260024,9.848857801796104,7.810249675906654,6.324555320336759,10.19803902718557,8.06225774829855,9.219544457292889,11.180339887498949,8.485281374238571,10.63014581273465,12.041594578792296,16.278820596099706,17.204650534085253,17.029386365926403,11.6619037896906,20.0,13.341664064126334,12.529964086141668,10.816653826391969,18.027756377319946,14.0356688476182,12.165525060596437,14.0,14.142135623730951,14.0356688476182,16.0312195418814,14.0356688476182,17.029386365926403,16.278820596099706,17.46424919657298,16.1245154965971,15.132745950421555,13.341664064126334,1697990081.1822214
12.649110640673518,11.045361017187261,17.029386365926403,16.0312195418814,18.248287590894655,19.026297590440446,23.3238075793812,18.788294228055936,25.0,21.213203435596427,24.69817807045694,25.612496949731394,24.758836806279895,25.455844122715714,24.041630560342618,24.758836806279895,22.022715545545243,20.0,17.804493814764854,14.866068747318504,12.041594578792296,12.806248474865697,10.0,11.180339887498949,11.40175425099138,11.180339887498949,13.038404810405298,14.317821063276352,13.0,14.7648230602334,15.811388300841898,16.15549442140351,19.924858845171276,17.46424919657298,17.46424919657298,15.264337522473749,13.892443989449806,13.453624047073712,13.453624047073712,17.029386365926403,16.401219466856727,17.204650534085253,18.027756377319946,17.4928556845359,18.60107523773827,18.35755975068582,20.0,19.4164878389476,18.867962264113206,18.35755975068582,16.643316977093235,16.15549442140351,1697990081.1961923
5.385164807134504,12.08304597359457,8.485281374238571,17.029386365926403,15.0,12.206555615733702,22.80350850198276,19.209372712298546,20.248456731316587,20.248456731316587,21.95449840010015,23.706539182259394,21.540659228538015,23.769728648009426,22.472205054244235,19.924858845171276,16.76305461424021,15.811388300841898,14.317821063276352,13.341664064126334,10.19803902718557,9.486832980505138,8.94427190999916,9.219544457292887,8.602325267042627,8.94427190999916,9.219544457292889,9.0,10.19803902718557,12.165525060596437,13.038404810405298,15.297058540778355,15.132745950421555,14.0356688476182,13.0,11.045361017187261,10.19803902718557,10.44030650891055,11.180339887498949,11.6619037896906,13.601470508735444,14.866068747318504,15.620499351813308,14.866068747318504,15.556349186104047,14.142135623730951,15.620499351813308,14.866068747318504,16.278820596099706,15.556349186104047,14.142135623730951,12.806248474865697,1697990081.2092102
13.038404810405298,5.656854249492381,10.295630140987,14.866068747318506,15.811388300841898,18.973665961010276,18.110770276274835,19.697715603592208,19.1049731745428,21.213203435596427,25.079872407968907,24.186773244895647,23.086792761230395,23.53720459187964,23.194827009486403,24.331050121192874,20.248456731316587,18.027756377319946,19.924858845171276,14.317821063276352,13.341664064126334,9.486832980505138,10.04987562112089,12.165525060596437,8.602325267042627,9.848857801796104,14.142135623730951,8.602325267042627,10.19803902718557,10.816653826391969,13.453624047073712,19.235384061671343,17.029386365926403,13.038404810405298,17.029386365926403,10.0,8.485281374238571,10.816653826391969,12.206555615733702,11.6619037896906,13.038404810405298,17.26267650163207,15.297058540778355,15.297058540778355,16.0312195418814,15.0,17.26267650163207,16.492422502470642,16.1245154965971,15.132745950421555,15.811388300841898,13.038404810405298,1697990081.223781
9.486832980505138,8.06225774829855,12.36931687685298,18.110770276274835,17.0,13.038404810405298,18.0,18.110770276274835,21.023796041628636,19.4164878389476,22.561028345356952,24.73863375370596,23.40939982143925,21.540659228538015,21.470910553583888,23.40939982143925,17.46424919657298,17.4928556845359,15.811388300841896,13.892443989449806,13.038404810405298,9.219544457292889,8.94427190999916,7.280109889280519,9.848857801796104,10.295630140987,11.180339887498949,10.816653826391969,11.313708498984761,11.180339887498949,15.231546211727817,14.422205101855958,15.811388300841896,12.206555615733702,13.601470508735444,11.6619037896906,9.219544457292887,10.44030650891055,14.7648230602334,12.36931687685298,15.231546211727817,13.341664064126334,15.811388300841898,14.866068747318506,16.492422502470642,16.278820596099706,17.46424919657298,16.643316977093235,16.55294535724685,17.08800749063506,16.1245154965971,14.560219778561038,1697990081.2367842
12.041594578792294,13.038404810405298,16.492422502470642,18.027756377319946,20.0,19.235384061671347,19.235384061671347,23.021728866442675,22.090722034374522,23.021728866442675,24.0,28.160255680657446,25.495097567963924,25.709920264364882,21.587033144922902,25.96150997149434,21.18962010041709,18.973665961010276,17.46424919657298,14.866068747318506,13.601470508735444,12.041594578792294,11.40175425099138,10.19803902718557,13.038404810405298,10.295630140987,11.40175425099138,14.142135623730951,10.295630140987,14.7648230602334,15.231546211727817,14.7648230602334,16.643316977093235,15.264337522473749,20.0,16.278820596099706,9.219544457292887,10.44030650891055,14.866068747318506,13.0,15.524174696260024,15.03329637837291,18.027756377319946,16.0312195418814,17.0,16.0312195418814,19.026297590440446,17.11724276862369,19.0,16.0,16.0312195418814,14.0356688476182,1697990081.2477832
10.0,14.212670403551895,13.453624047073712,18.027756377319946,17.4928556845359,17.029386365926403,15.620499351813308,25.0,21.93171219946131,22.022715545545243,21.93171219946131,22.47220505424423,24.186773244895647,21.470910553583888,23.769728648009426,21.470910553583888,15.231546211727817,17.720045146669353,14.142135623730951,13.341664064126334,12.529964086141668,15.297058540778355,11.40175425099138,9.848857801796104,8.246211251235321,11.180339887498949,9.219544457292889,13.341664064126334,14.560219778561038,14.0356688476182,15.231546211727817,19.1049731745428,15.03329637837291,19.235384061671347,15.132745950421555,12.165525060596437,15.132745950421555,11.180339887498949,14.317821063276352,18.681541692269406,14.560219778561038,15.811388300841898,18.788294228055936,16.492422502470642,20.0,18.439088914585774,18.681541692269406,17.0,16.1245154965971,16.55294535724685,16.55294535724685,14.422205101855958,1697990081.2627761
11.180339887498949,12.041594578792296,15.556349186104047,17.4928556845359,17.204650534085253,16.401219466856727,18.60107523773827,21.633307652783937,22.825424421026653,21.02379604162864,21.931712199461305,26.570660511172843,25.0,23.53720459187964,22.561028345356952,23.345235059857504,18.027756377319946,21.213203435596427,16.0,15.524174696260024,16.1245154965971,12.08304597359457,9.055385138137417,13.416407864998739,10.295630140987,13.038404810405298,10.63014581273465,12.041594578792296,14.212670403551895,14.0356688476182,10.816653826391969,13.92838827718412,20.12461179749811,15.231546211727817,13.892443989449806,12.649110640673518,11.40175425099138,11.180339887498949,10.19803902718557,14.0,15.132745950421555,16.0312195418814,17.26267650163207,16.1245154965971,17.029386365926403,17.029386365926403,17.0,18.0,17.029386365926403,17.11724276862369,15.03329637837291,14.317821063276352,1697990081.2757802
8.94427190999916,14.317821063276352,19.209372712298546,20.518284528683193,15.811388300841896,19.209372712298546,18.867962264113206,23.3452350598575,23.60084744241189,23.021728866442675,25.612496949731394,26.419689627245813,26.832815729997478,24.351591323771842,23.08679276123039,25.63201123595259,19.6468827043885,19.1049731745428,17.26267650163207,14.560219778561038,13.341664064126334,12.08304597359457,10.295630140987,10.0,12.041594578792296,10.295630140987,12.08304597359457,12.36931687685298,16.278820596099706,14.0356688476182,15.524174696260024,20.223748416156685,19.026297590440446,17.26267650163207,15.297058540778355,14.0356688476182,13.0,12.041594578792294,15.524174696260024,14.7648230602334,16.492422502470642,17.88854381999832,20.12461179749811,16.1245154965971,17.029386365926403,17.804493814764854,21.18962010041709,17.26267650163207,21.18962010041709,18.027756377319946,17.0,15.811388300841896,1697990081.2927818
14.0356688476182,6.0827625302982185,18.38477631085024,22.20360331117452,15.811388300841896,18.38477631085024,18.973665961010276,21.0,18.248287590894655,24.083189157584588,25.01999200639361,23.0,23.086792761230395,25.179356624028344,22.20360331117452,22.360679774997898,19.6468827043885,19.924858845171276,17.720045146669353,15.811388300841898,13.341664064126334,12.165525060596437,10.0,10.04987562112089,9.486832980505138,8.94427190999916,10.63014581273465,10.816653826391969,10.63014581273465,11.180339887498949,13.038404810405298,13.92838827718412,15.652475842498529,15.264337522473749,13.601470508735444,13.892443989449806,12.08304597359457,11.0,13.0,13.038404810405298,15.03329637837291,15.03329637837291,16.1245154965971,16.1245154965971,16.492422502470642,16.492422502470642,17.11724276862369,16.278820596099706,18.110770276274835,17.46424919657298,15.132745950421555,13.92838827718412,1697990081.3047998
10.770329614269007,9.055385138137417,15.811388300841896,17.029386365926403,12.08304597359457,20.39607805437114,21.023796041628636,22.847319317591726,24.351591323771842,19.924858845171276,24.698178070456937,25.495097567963924,22.825424421026653,24.413111231467404,23.60084744241189,23.60084744241189,21.93171219946131,19.1049731745428,17.029386365926403,14.866068747318504,13.453624047073712,11.40175425099138,10.295630140987,10.816653826391969,9.848857801796104,10.19803902718557,11.045361017187261,10.0,11.045361017187261,12.165525060596437,14.317821063276352,16.0,16.278820596099706,18.110770276274835,11.313708498984761,11.180339887498949,14.142135623730951,12.08304597359457,13.038404810405298,13.601470508735444,15.811388300841896,15.03329637837291,16.643316977093235,17.029386365926403,16.401219466856727,16.278820596099706,18.027756377319946,16.643316977093235,15.264337522473749,15.0,15.0,14.212670403551895,1697990081.3192458
7.615773105863909,9.433981132056603,11.180339887498949,15.811388300841896,18.60107523773827,15.811388300841896,20.615528128088304,18.35755975068582,22.47220505424423,21.02379604162864,24.351591323771842,24.351591323771842,21.840329667841555,22.561028345356952,20.09975124224178,23.53720459187964,19.1049731745428,19.1049731745428,15.297058540778355,13.038404810405298,12.041594578792294,12.165525060596437,7.810249675906654,10.0,8.602325267042627,10.63014581273465,12.36931687685298,11.045361017187261,13.0,12.041594578792294,14.317821063276352,19.4164878389476,14.142135623730951,16.492422502470642,16.0,12.041594578792294,12.36931687685298,9.486832980505138,11.704699910719626,16.55294535724685,18.38477631085024,15.652475842498529,18.35755975068582,17.4928556845359,19.209372712298546,18.439088914585774,15.03329637837291,17.88854381999832,16.643316977093235,15.0,15.0,11.313708498984761,1697990081.3422399
9.848857801796104,8.54400374531753,14.317821063276352,15.524174696260024,17.46424919657298,13.92838827718412,16.0312195418814,18.439088914585778,17.720045146669353,17.08800749063506,23.769728648009426,23.769728648009426,21.633307652783937,21.400934559032695,20.615528128088304,23.021728866442675,19.209372712298546,17.69180601295413,17.029386365926403,13.453624047073712,11.40175425099138,10.63014581273465,8.602325267042627,8.54400374531753,8.246211251235321,8.06225774829855,8.246211251235321,9.848857801796104,11.180339887498949,11.40175425099138,12.529964086141668,12.529964086141668,13.892443989449806,12.206555615733702,14.422205101855958,10.816653826391969,8.485281374238571,10.0,10.295630140987,12.529964086141668,13.601470508735444,14.866068747318506,16.278820596099706,17.4928556845359,16.1245154965971,15.811388300841898,16.76305461424021,15.652475842498529,18.027756377319946,15.0,12.649110640673518,13.152946437965904,1697990081.3622353
10.295630140987,12.041594578792296,13.453624047073712,16.278820596099706,17.029386365926403,17.029386365926403,19.79898987322333,21.213203435596427,23.3452350598575,21.400934559032695,23.021728866442675,25.238858928247925,25.059928172283335,25.942243542145697,25.942243542145697,22.02271554554524,19.209372712298546,19.209372712298546,17.46424919657298,12.529964086141668,13.601470508735444,9.219544457292887,10.0,9.848857801796104,9.486832980505138,10.04987562112089,13.341664064126334,9.848857801796104,16.15549442140351,12.08304597359457,13.038404810405298,17.0,16.55294535724685,13.038404810405298,16.55294535724685,16.15549442140351,11.40175425099138,12.041594578792296,13.892443989449806,14.7648230602334,19.235384061671343,18.027756377319946,17.720045146669353,18.973665961010276,16.76305461424021,17.720045146669353,19.924858845171276,18.38477631085024,18.973665961010276,14.0356688476182,14.317821063276352,14.0356688476182,1697990081.374235
12.649110640673518,10.04987562112089,13.601470508735444,17.08800749063506,14.212670403551895,21.587033144922902,20.248456731316587,14.7648230602334,20.248456731316587,21.377558326431952,18.973665961010276,26.076809620810597,24.0,24.020824298928627,23.086792761230395,22.20360331117452,17.26267650163207,17.720045146669353,14.317821063276352,16.278820596099706,14.0356688476182,8.94427190999916,12.0,11.045361017187261,8.54400374531753,10.04987562112089,14.212670403551895,13.453624047073712,9.848857801796104,9.848857801796104,11.704699910719626,15.264337522473749,15.524174696260024,16.1245154965971,15.264337522473749,10.816653826391969,12.041594578792294,13.341664064126334,15.0,15.03329637837291,13.341664064126334,17.11724276862369,16.0,14.560219778561038,18.027756377319946,16.1245154965971,18.110770276274835,17.029386365926403,18.027756377319946,17.0,13.038404810405298,14.317821063276352,1697990081.3902392
14.0356688476182,15.0,16.278820596099706,15.132745950421555,15.132745950421555,13.038404810405298,18.0,19.026297590440446,21.095023109728984,21.213203435596427,22.20360331117452,23.345235059857504,23.08679276123039,22.472205054244235,21.02379604162864,21.540659228538015,17.88854381999832,17.88854381999832,14.7648230602334,13.892443989449806,12.08304597359457,10.44030650891055,9.219544457292889,9.0,10.19803902718557,9.486832980505138,10.295630140987,10.63014581273465,12.041594578792296,12.806248474865697,14.142135623730951,15.620499351813308,15.556349186104047,15.556349186104047,14.866068747318504,12.806248474865697,11.6619037896906,13.0,13.601470508735444,15.297058540778355,15.524174696260024,16.278820596099706,18.248287590894655,16.1245154965971,17.11724276862369,16.0312195418814,18.248287590894655,18.248287590894655,18.248287590894655,17.11724276862369,15.297058540778355,14.0,1697990081.404242
9.848857801796104,9.055385138137417,16.1245154965971,11.704699910719626,18.110770276274835,13.038404810405298,20.0,19.026297590440446,21.377558326431952,23.769728648009423,24.041630560342615,26.0,25.495097567963924,24.186773244895647,22.47220505424423,23.3238075793812,19.209372712298546,20.0,16.401219466856727,14.866068747318504,13.601470508735444,12.529964086141668,10.770329614269007,10.44030650891055,10.19803902718557,11.0,9.055385138137417,11.180339887498949,10.816653826391969,14.422205101855958,14.7648230602334,14.422205101855958,16.1245154965971,12.36931687685298,15.264337522473749,15.811388300841896,14.7648230602334,13.601470508735444,13.892443989449806,16.401219466856727,16.643316977093235,16.1245154965971,17.204650534085253,15.264337522473749,17.720045146669353,18.027756377319946,17.08800749063506,20.248456731316587,18.867962264113206,15.0,15.264337522473749,14.866068747318506,1697990081.4178557
12.36931687685298,10.04987562112089,15.03329637837291,13.892443989449806,12.08304597359457,11.313708498984761,19.1049731745428,18.867962264113206,17.204650534085253,20.12461179749811,25.059928172283335,21.377558326431952,20.615528128088304,20.223748416156685,22.47220505424423,19.235384061671347,17.0,16.0,16.0312195418814,12.0,11.045361017187261,9.219544457292889,9.848857801796104,8.246211251235321,9.433981132056603,8.485281374238571,7.810249675906654,10.770329614269007,12.649110640673518,11.40175425099138,13.416407864998739,13.601470508735444,15.811388300841898,13.892443989449806,15.03329637837291,12.0,10.44030650891055,15.811388300841898,12.529964086141668,11.180339887498949,16.0312195418814,16.492422502470642,17.26267650163207,15.297058540778355,16.1245154965971,18.681541692269406,19.235384061671347,16.0312195418814,18.110770276274835,14.0356688476182,15.264337522473749,13.341664064126334,1697990081.432848
15.03329637837291,11.180339887498949,15.811388300841896,15.03329637837291,19.924858845171276,17.11724276862369,19.1049731745428,19.235384061671343,23.08679276123039,23.40939982143925,22.80350850198276,28.635642126552703,24.69817807045694,24.413111231467404,20.808652046684813,18.439088914585774,17.0,16.278820596099706,13.601470508735444,15.556349186104047,13.453624047073712,11.6619037896906,12.649110640673518,12.041594578792294,11.40175425099138,11.045361017187261,13.0,11.40175425099138,12.529964086141668,13.601470508735444,12.36931687685298,16.401219466856727,16.76305461424021,13.892443989449806,18.38477631085024,16.55294535724685,12.206555615733702,13.038404810405298,14.866068747318504,14.866068747318504,18.38477631085024,18.439088914585774,18.60107523773827,18.60107523773827,18.60107523773827,17.804493814764854,19.849433241279208,19.849433241279208,19.209372712298546,17.204650534085253,17.029386365926403,16.1245154965971,1697990081.4468417
5.8309518948453,13.038404810405298,11.180339887498949,20.248456731316587,14.866068747318504,17.69180601295413,19.1049731745428,20.591260281974,22.360679774997898,22.022715545545243,24.69817807045694,24.596747752497688,23.40939982143925,21.18962010041709,20.39607805437114,22.360679774997898,20.09975124224178,17.46424919657298,15.03329637837291,12.165525060596437,9.055385138137417,9.219544457292889,8.54400374531753,11.40175425099138,8.06225774829855,9.848857801796104,11.40175425099138,12.08304597359457,15.264337522473749,13.152946437965904,15.297058540778355,16.1245154965971,17.26267650163207,18.027756377319946,19.235384061671347,13.152946437965904,14.142135623730951,12.0,13.341664064126334,17.720045146669353,15.811388300841898,18.38477631085024,19.313207915827967,18.35755975068582,16.55294535724685,18.35755975068582,19.697715603592208,20.12461179749811,18.38477631085024,16.55294535724685,18.38477631085024,15.264337522473749,1697990081.4628353
8.485281374238571,16.15549442140351,13.038404810405298,13.601470508735444,14.866068747318504,14.317821063276352,18.439088914585778,18.027756377319946,20.8806130178211,19.1049731745428,22.360679774997898,24.020824298928627,22.02271554554524,22.20360331117452,20.223748416156685,21.023796041628636,19.026297590440446,17.029386365926403,15.132745950421555,13.038404810405298,11.0,10.04987562112089,10.19803902718557,8.94427190999916,9.433981132056603,9.219544457292887,10.63014581273465,11.180339887498949,10.44030650891055,14.560219778561038,14.560219778561038,15.524174696260024,16.492422502470642,15.524174696260024,17.46424919657298,9.219544457292889,13.038404810405298,13.152946437965904,14.142135623730951,18.110770276274835,15.811388300841898,16.55294535724685,19.4164878389476,18.35755975068582,19.924858845171276,18.973665961010276,19.6468827043885,18.681541692269406,18.973665961010276,17.720045146669353,16.76305461424021,15.231546211727817,1697990081.4758406
10.04987562112089,14.866068747318506,14.142135623730951,11.180339887498949,15.03329637837291,16.0312195418814,16.55294535724685,15.231546211727817,20.09975124224178,20.09975124224178,26.1725046566048,24.0,23.086792761230395,22.360679774997898,23.021728866442675,21.213203435596427,19.4164878389476,17.26267650163207,16.278820596099706,13.341664064126334,12.649110640673518,13.152946437965904,8.54400374531753,8.94427190999916,11.6619037896906,11.6619037896906,10.63014581273465,9.219544457292887,11.40175425099138,17.029386365926403,13.892443989449806,15.524174696260024,13.892443989449806,16.401219466856727,13.601470508735444,12.08304597359457,10.44030650891055,13.152946437965904,14.142135623730951,14.142135623730951,13.038404810405298,18.027756377319946,16.0312195418814,16.0,16.1245154965971,14.0,15.03329637837291,17.11724276862369,17.11724276862369,15.03329637837291,16.0312195418814,13.0,1697990081.4908488
11.180339887498949,10.63014581273465,12.806248474865697,18.027756377319946,15.524174696260024,14.866068747318506,17.08800749063506,18.439088914585778,20.615528128088304,20.39607805437114,22.80350850198276,25.179356624028344,23.345235059857504,24.331050121192874,19.4164878389476,22.02271554554524,17.46424919657298,17.029386365926403,13.601470508735444,13.341664064126334,12.165525060596437,13.038404810405298,10.19803902718557,10.63014581273465,12.041594578792296,11.6619037896906,7.211102550927979,11.045361017187261,11.40175425099138,12.165525060596437,15.264337522473749,19.723082923316017,21.18962010041709,17.720045146669353,14.422205101855958,9.486832980505138,11.045361017187261,13.92838827718412,12.041594578792294,16.0312195418814,16.1245154965971,15.524174696260024,20.09975124224178,17.46424919657298,17.46424919657298,16.492422502470642,19.1049731745428,18.248287590894655,20.223748416156685,18.681541692269406,17.26267650163207,15.811388300841898,1697990081.503892
14.7648230602334,13.601470508735444,14.7648230602334,16.278820596099706,20.0,19.849433241279208,19.849433241279208,19.79898987322333,22.627416997969522,22.671568097509265,23.60084744241189,26.076809620810597,25.059928172283335,24.16609194718914,21.540659228538015,22.472205054244235,19.924858845171276,17.720045146669353,16.492422502470642,14.560219778561038,12.649110640673518,10.770329614269007,10.770329614269007,9.219544457292887,9.899494936611665,9.433981132056603,9.848857801796104,11.180339887498949,13.038404810405298,14.0,15.132745950421555,17.029386365926403,18.248287590894655,16.278820596099706,16.278820596099706,14.142135623730951,13.0,14.0356688476182,14.142135623730951,15.524174696260024,16.492422502470642,17.08800749063506,19.924858845171276,17.46424919657298,18.38477631085024,17.88854381999832,19.924858845171276,19.924858845171276,20.615528128088304,18.973665961010276,17.46424919657298,16.55294535724685,1697990081.5184548
12.041594578792296,12.041594578792294,20.248456731316587,16.492422502470642,13.152946437965904,18.788294228055936,19.1049731745428,21.470910553583888,18.788294228055936,20.248456731316587,20.0,22.022715545545243,21.93171219946131,20.615528128088304,21.93171219946131,17.69180601295413,18.439088914585774,14.212670403551895,14.422205101855958,12.806248474865697,10.0,7.810249675906654,8.94427190999916,10.295630140987,7.280109889280519,8.06225774829855,13.038404810405298,9.0,9.433981132056603,8.94427190999916,14.317821063276352,15.297058540778355,14.317821063276352,15.297058540778355,13.341664064126334,11.180339887498949,14.317821063276352,15.652475842498529,15.0,11.180339887498949,12.529964086141668,16.278820596099706,15.620499351813308,16.278820596099706,16.401219466856727,17.029386365926403,15.556349186104047,16.278820596099706,19.723082923316017,17.0,16.55294535724685,13.453624047073712,1697990081.5364609
10.295630140987,10.19803902718557,14.142135623730951,17.029386365926403,19.313207915827967,14.560219778561038,18.027756377319946,19.924858845171276,22.135943621178658,21.931712199461305,24.16609194718914,25.059928172283335,24.413111231467404,23.60084744241189,21.2602916254693,21.2602916254693,19.79898987322333,17.804493814764854,15.0,13.453624047073712,12.041594578792296,11.40175425099138,10.0,10.770329614269007,10.44030650891055,10.04987562112089,11.180339887498949,11.40175425099138,13.601470508735444,13.601470508735444,14.866068747318506,16.76305461424021,18.681541692269406,15.524174696260024,16.492422502470642,12.165525060596437,12.08304597359457,13.416407864998739,15.264337522473749,17.204650534085253,17.204650534085253,17.69180601295413,20.615528128088304,16.278820596099706,19.849433241279208,18.439088914585774,19.79898987322333,18.867962264113206,22.203603311174515,17.4928556845359,19.4164878389476,17.804493814764854,1697990081.547457
6.708203932499369,10.19803902718557,8.246211251235321,13.038404810405298,19.026297590440446,14.0356688476182,17.0,17.0,20.024984394500787,20.0,21.023796041628636,22.090722034374522,21.377558326431952,21.587033144922902,19.4164878389476,19.6468827043885,18.439088914585778,16.76305461424021,14.866068747318506,13.0,11.40175425099138,11.045361017187261,9.0,8.06225774829855,9.486832980505138,8.94427190999916,9.433981132056603,9.219544457292887,11.40175425099138,12.206555615733702,13.038404810405298,15.811388300841896,16.278820596099706,16.278820596099706,15.652475842498529,15.556349186104047,12.08304597359457,13.152946437965904,13.0,18.0,13.038404810405298,15.03329637837291,16.0,18.110770276274835,18.027756377319946,15.0,17.0,19.235384061671347,16.0312195418814,14.317821063276352,14.142135623730951,12.041594578792294,1697990081.5674555
10.19803902718557,10.770329614269007,13.892443989449806,15.231546211727817,16.15549442140351,17.0,18.027756377319946,18.027756377319946,23.194827009486403,23.706539182259394,22.090722034374522,20.024984394500787,27.892651361962706,21.587033144922902,19.235384061671347,23.194827009486403,17.46424919657298,16.278820596099706,15.524174696260024,12.649110640673518,13.341664064126334,10.19803902718557,10.0,7.0710678118654755,11.6619037896906,9.433981132056603,11.180339887498949,8.06225774829855,12.806248474865697,14.142135623730951,16.970562748477143,19.235384061671343,16.278820596099706,16.278820596099706,15.231546211727817,12.727922061357857,12.806248474865697,13.038404810405298,12.165525060596437,15.03329637837291,14.866068747318506,15.297058540778355,16.1245154965971,16.1245154965971,18.248287590894655,15.297058540778355,18.681541692269406,16.76305461424021,16.278820596099706,17.26267650163207,14.866068747318506,14.142135623730951,1697990081.5804539
9.219544457292887,11.180339887498949,13.0,15.811388300841896,15.264337522473749,16.1245154965971,18.35755975068582,19.723082923316017,20.615528128088304,19.849433241279208,21.93171219946131,23.3452350598575,22.203603311174515,23.021728866442675,20.0,21.633307652783937,18.973665961010276,16.55294535724685,14.866068747318506,13.038404810405298,10.295630140987,10.816653826391969,7.0710678118654755,8.54400374531753,10.295630140987,8.54400374531753,10.19803902718557,12.041594578792294,14.142135623730951,14.0,16.0312195418814,18.0,17.029386365926403,15.03329637837291,19.1049731745428,11.40175425099138,12.165525060596437,11.40175425099138,12.529964086141668,14.7648230602334,16.15549442140351,17.0,17.4928556845359,16.643316977093235,17.204650534085253,17.204650534085253,18.35755975068582,18.35755975068582,18.35755975068582,16.643316977093235,16.55294535724685,15.0,1697990081.6044686
6.0827625302982185,10.0,12.529964086141668,15.231546211727817,12.649110640673518,13.038404810405298,20.12461179749811,16.1245154965971,20.248456731316587,20.223748416156685,24.186773244895647,24.515301344262525,22.090722034374522,21.023796041628636,21.023796041628636,23.0,18.110770276274835,17.46424919657298,14.317821063276352,14.142135623730951,12.165525060596437,10.0,10.0,9.486832980505138,10.770329614269007,10.0,11.40175425099138,10.63014581273465,13.892443989449806,14.7648230602334,13.892443989449806,17.804493814764854,19.4164878389476,15.264337522473749,16.643316977093235,12.206555615733702,12.529964086141668,13.416407864998739,13.152946437965904,16.278820596099706,19.235384061671347,17.720045146669353,20.39607805437114,16.1245154965971,18.110770276274835,18.027756377319946,19.235384061671347,19.235384061671347,18.439088914585778,19.026297590440446,16.0312195418814,15.0,1697990081.6180224
10.0,12.529964086141668,14.7648230602334,16.401219466856727,16.401219466856727,18.027756377319946,19.4164878389476,20.808652046684813,21.93171219946131,21.93171219946131,22.671568097509265,25.612496949731394,23.853720883753127,21.95449840010015,21.633307652783937,23.259406699226012,20.6155281280883,15.811388300841898,15.811388300841898,13.601470508735444,14.422205101855958,11.40175425099138,8.06225774829855,10.0,11.40175425099138,9.219544457292889,13.0,12.36931687685298,12.041594578792294,11.045361017187261,15.132745950421555,17.029386365926403,20.223748416156685,17.26267650163207,15.132745950421555,14.0356688476182,11.40175425099138,13.038404810405298,14.317821063276352,14.866068747318506,15.231546211727817,18.38477631085024,19.313207915827967,17.88854381999832,17.88854381999832,18.788294228055936,19.924858845171276,18.973665961010276,19.6468827043885,15.620499351813308,16.76305461424021,15.652475842498529,1697990081.6320379
6.4031242374328485,13.92838827718412,16.55294535724685,15.264337522473749,13.0,19.4164878389476,19.849433241279208,23.60084744241189,18.38477631085024,21.633307652783937,23.3452350598575,23.3452350598575,23.430749027719962,21.095023109728988,20.248456731316587,20.248456731316587,18.788294228055936,17.08800749063506,16.55294535724685,13.416407864998739,12.206555615733702,11.40175425099138,10.63014581273465,10.816653826391969,10.295630140987,10.44030650891055,10.19803902718557,12.041594578792294,13.0,13.038404810405298,15.03329637837291,17.029386365926403,14.0,15.03329637837291,16.1245154965971,14.0356688476182,11.704699910719626,13.416407864998739,13.601470508735444,17.204650534085253,15.652475842498529,17.029386365926403,18.439088914585774,17.69180601295413,18.439088914585774,18.439088914585774,18.439088914585774,18.027756377319946,19.209372712298546,17.69180601295413,14.422205101855958,14.866068747318504,1697990081.6450164
13.0,13.601470508735444,17.204650534085253,18.35755975068582,16.643316977093235,18.35755975068582,20.808652046684813,19.723082923316017,23.706539182259394,24.16609194718914,23.3452350598575,23.40939982143925,26.570660511172843,26.476404589747453,23.345235059857504,25.179356624028344,21.213203435596427,21.377558326431952,19.026297590440446,12.041594578792294,12.206555615733702,14.142135623730951,9.899494936611665,12.08304597359457,13.892443989449806,11.40175425099138,13.453624047073712,14.7648230602334,12.36931687685298,13.341664064126334,15.03329637837291,17.029386365926403,18.38477631085024,15.03329637837291,16.1245154965971,13.892443989449806,12.041594578792294,12.041594578792294,16.0312195418814,14.142135623730951,18.248287590894655,16.76305461424021,19.924858845171276,18.973665961010276,20.248456731316587,19.313207915827967,21.587033144922902,22.20360331117452,22.090722034374522,20.8806130178211,18.439088914585778,16.15549442140351,1697990081.662011
9.055385138137417,15.297058540778355,20.223748416156685,15.03329637837291,14.0,16.1245154965971,17.26267650163207,19.026297590440446,22.0,22.02271554554524,23.021728866442675,25.179356624028344,24.331050121192874,24.73863375370596,22.80350850198276,24.041630560342615,20.248456731316587,18.027756377319946,16.15549442140351,15.231546211727817,13.0,11.40175425099138,10.19803902718557,10.0,9.055385138137417,9.848857801796104,9.899494936611665,11.313708498984761,12.206555615733702,14.422205101855958,14.212670403551895,16.643316977093235,17.029386365926403,15.620499351813308,15.620499351813308,12.206555615733702,12.08304597359457,12.649110640673518,14.317821063276352,15.132745950421555,16.278820596099706,18.110770276274835,20.024984394500787,17.029386365926403,18.027756377319946,18.027756377319946,19.1049731745428,18.027756377319946,20.024984394500787,18.027756377319946,16.0312195418814,15.132745950421555,1697990081.6820254
8.06225774829855,12.041594578792296,13.038404810405298,15.811388300841898,14.317821063276352,15.652475842498529,16.1245154965971,19.235384061671343,19.313207915827967,19.924858845171276,22.135943621178658,22.135943621178658,22.360679774997898,21.377558326431952,22.0,21.0,19.0,17.46424919657298,19.026297590440446,12.165525060596437,12.041594578792294,9.486832980505138,8.485281374238571,10.0,14.142135623730951,6.708203932499369,10.0,10.816653826391969,15.811388300841898,12.041594578792294,15.231546211727817,16.643316977093235,15.132745950421555,18.973665961010276,16.55294535724685,11.40175425099138,12.08304597359457,15.524174696260024,12.165525060596437,12.041594578792294,13.341664064126334,14.317821063276352,17.11724276862369,16.278820596099706,17.26267650163207,17.26267650163207,18.027756377319946,18.110770276274835,17.0,16.0312195418814,16.1245154965971,14.560219778561038,1697990081.703028
10.19803902718557,7.211102550927979,11.704699910719626,13.601470508735444,15.03329637837291,15.524174696260024,21.213203435596427,17.029386365926403,18.248287590894655,19.924858845171276,21.840329667841555,21.540659228538015,23.706539182259394,21.95449840010015,21.95449840010015,20.0,17.204650534085253,14.866068747318504,14.142135623730951,12.806248474865697,11.40175425099138,10.295630140987,10.295630140987,8.246211251235321,9.219544457292889,8.06225774829855,10.816653826391969,9.433981132056603,11.6619037896906,11.6619037896906,12.529964086141668,18.027756377319946,16.1245154965971,12.529964086141668,13.892443989449806,10.816653826391969,10.816653826391969,12.041594578792296,13.453624047073712,13.038404810405298,14.422205101855958,16.1245154965971,17.4928556845359,16.55294535724685,16.1245154965971,16.55294535724685,18.35755975068582,17.4928556845359,16.1245154965971,14.7648230602334,14.7648230602334,13.92838827718412,1697990081.714028
9.219544457292887,13.453624047073712,16.278820596099706,17.69180601295413,16.278820596099706,15.620499351813308,19.209372712298546,19.1049731745428,21.213203435596427,20.0,23.430749027719962,25.238858928247925,25.553864678361276,24.16609194718914,21.540659228538015,24.351591323771842,23.086792761230395,17.11724276862369,15.524174696260024,14.560219778561038,13.92838827718412,12.08304597359457,10.295630140987,10.44030650891055,11.313708498984761,11.180339887498949,10.770329614269007,12.165525060596437,15.03329637837291,13.341664064126334,14.317821063276352,17.720045146669353,16.492422502470642,15.524174696260024,19.313207915827967,13.152946437965904,13.038404810405298,13.038404810405298,17.46424919657298,16.55294535724685,13.341664064126334,18.38477631085024,18.973665961010276,18.867962264113206,17.88854381999832,17.4928556845359,18.35755975068582,21.540659228538015,19.235384061671343,17.88854381999832,18.027756377319946,14.422205101855958,1697990081.7335832
13.038404810405298,12.041594578792296,10.63014581273465,19.4164878389476,17.804493814764854,17.804493814764854,16.278820596099706,18.027756377319946,20.615528128088304,21.470910553583888,21.095023109728988,22.825424421026653,24.351591323771842,25.179356624028344,21.213203435596427,20.39607805437114,19.1049731745428,18.248287590894655,14.317821063276352,14.317821063276352,14.142135623730951,10.770329614269007,11.704699910719626,10.0,9.219544457292887,9.219544457292887,8.94427190999916,9.219544457292889,14.142135623730951,13.038404810405298,15.297058540778355,17.029386365926403,16.278820596099706,16.278820596099706,16.1245154965971,14.0356688476182,12.041594578792294,14.317821063276352,14.142135623730951,17.720045146669353,18.248287590894655,15.811388300841898,19.697715603592208,17.88854381999832,18.788294228055936,18.788294228055936,20.248456731316587,18.973665961010276,18.973665961010276,18.38477631085024,17.08800749063506,15.264337522473749,1697990081.7525852
9.055385138137417,10.19803902718557,12.08304597359457,16.76305461424021,16.76305461424021,18.110770276274835,18.681541692269406,18.788294228055936,20.248456731316587,19.697715603592208,21.02379604162864,23.3238075793812,23.3238075793812,22.80350850198276,19.79898987322333,20.518284528683193,17.69180601295413,16.278820596099706,12.206555615733702,13.453624047073712,12.041594578792296,10.63014581273465,9.219544457292887,8.54400374531753,6.0827625302982185,9.0,10.19803902718557,10.770329614269007,12.529964086141668,13.038404810405298,13.92838827718412,16.55294535724685,18.027756377319946,16.1245154965971,13.416407864998739,11.40175425099138,9.433981132056603,14.212670403551895,14.142135623730951,18.38477631085024,16.278820596099706,16.643316977093235,17.804493814764854,16.643316977093235,17.4928556845359,17.4928556845359,18.60107523773827,17.804493814764854,18.60107523773827,17.4928556845359,16.401219466856727,14.317821063276352,1697990081.7695777
8.54400374531753,9.433981132056603,10.63014581273465,10.816653826391969,10.816653826391969,11.6619037896906,14.422205101855958,13.892443989449806,15.652475842498529,19.697715603592208,21.02379604162864,23.3238075793812,23.3238075793812,22.80350850198276,18.027756377319946,20.518284528683193,15.0,16.278820596099706,14.0,12.0,11.045361017187261,8.06225774829855,9.055385138137417,6.324555320336759,9.219544457292887,8.485281374238571,7.0710678118654755,8.602325267042627,11.180339887498949,10.770329614269007,11.180339887498949,13.152946437965904,18.027756377319946,12.08304597359457,12.529964086141668,10.0,10.19803902718557,14.212670403551895,9.486832980505138,11.045361017187261,16.278820596099706,16.643316977093235,17.804493814764854,14.0356688476182,17.4928556845359,17.4928556845359,18.60107523773827,14.0356688476182,18.60107523773827,14.0,13.038404810405298,12.165525060596437,1697990081.7835972
10.04987562112089,11.0,11.0,15.297058540778355,13.038404810405298,11.045361017187261,14.0356688476182,18.439088914585778,20.615528128088304,19.4164878389476,19.235384061671347,22.80350850198276,21.931712199461305,21.02379604162864,20.12461179749811,18.867962264113206,19.723082923316017,16.278820596099706,14.422205101855958,11.40175425099138,11.704699910719626,12.08304597359457,7.280109889280519,11.045361017187261,8.246211251235321,10.19803902718557,10.770329614269007,10.63014581273465,13.601470508735444,10.63014581273465,14.212670403551895,15.0,15.811388300841898,15.620499351813308,13.601470508735444,10.63014581273465,12.206555615733702,12.206555615733702,15.620499351813308,14.7648230602334,18.60107523773827,17.4928556845359,18.38477631085024,15.524174696260024,17.88854381999832,17.46424919657298,18.788294228055936,18.35755975068582,18.973665961010276,16.1245154965971,17.0,15.524174696260024,1697990081.8006103
14.142135623730951,6.324555320336759,10.44030650891055,13.601470508735444,13.038404810405298,15.03329637837291,19.235384061671347,18.681541692269406,20.09975124224178,25.01999200639361,22.02271554554524,24.020824298928627,25.317977802344327,22.561028345356952,19.313207915827967,22.135943621178658,19.697715603592208,16.76305461424021,15.524174696260024,15.811388300841898,14.560219778561038,13.038404810405298,11.045361017187261,9.848857801796104,9.0,11.180339887498949,12.041594578792296,12.727922061357857,12.041594578792296,14.866068747318504,16.278820596099706,16.278820596099706,17.204650534085253,13.453624047073712,14.142135623730951,12.806248474865697,13.453624047073712,12.806248474865697,15.652475842498529,17.08800749063506,16.1245154965971,18.788294228055936,18.38477631085024,17.46424919657298,18.38477631085024,17.08800749063506,18.60107523773827,18.35755975068582,16.15549442140351,17.46424919657298,13.0,15.297058540778355,1697990081.8231392
14.142135623730951,6.324555320336759,10.44030650891055,13.601470508735444,13.038404810405298,15.03329637837291,19.235384061671347,18.681541692269406,20.09975124224178,25.01999200639361,22.02271554554524,24.020824298928627,25.317977802344327,22.561028345356952,19.313207915827967,22.135943621178658,19.697715603592208,16.76305461424021,15.524174696260024,15.811388300841898,14.560219778561038,13.038404810405298,11.045361017187261,9.848857801796104,9.0,11.180339887498949,12.041594578792296,12.727922061357857,12.041594578792296,14.866068747318504,16.278820596099706,16.278820596099706,17.204650534085253,13.453624047073712,14.142135623730951,12.806248474865697,13.453624047073712,12.806248474865697,15.652475842498529,17.08800749063506,16.1245154965971,18.788294228055936,18.38477631085024,17.46424919657298,18.38477631085024,17.08800749063506,18.60107523773827,18.35755975068582,16.15549442140351,17.46424919657298,13.0,15.297058540778355,1697990081.8371391
12.529964086141668,14.142135623730951,17.029386365926403,20.615528128088304,16.401219466856727,18.60107523773827,14.866068747318504,18.38477631085024,20.615528128088304,21.2602916254693,21.400934559032695,23.853720883753127,23.259406699226012,22.847319317591726,22.135943621178658,20.248456731316587,18.681541692269406,17.720045146669353,16.492422502470642,14.317821063276352,12.649110640673518,12.08304597359457,9.848857801796104,10.0,10.63014581273465,10.0,11.6619037896906,11.704699910719626,12.36931687685298,14.317821063276352,14.560219778561038,15.811388300841898,17.08800749063506,16.15549442140351,15.231546211727817,13.601470508735444,12.165525060596437,13.038404810405298,14.0,15.03329637837291,16.0,17.11724276862369,17.11724276862369,17.11724276862369,17.26267650163207,18.110770276274835,19.026297590440446,19.0,18.0,17.0,17.0,16.1245154965971,1697990081.8511426
7.615773105863909,13.038404810405298,16.278820596099706,17.4928556845359,14.212670403551895,13.453624047073712,17.720045146669353,23.853720883753127,17.88854381999832,17.804493814764854,22.022715545545243,23.3452350598575,21.400934559032695,21.633307652783937,21.095023109728988,21.095023109728988,17.4928556845359,18.027756377319946,16.15549442140351,14.317821063276352,13.0,11.6619037896906,10.0,9.899494936611665,9.433981132056603,8.94427190999916,9.848857801796104,10.0,12.041594578792294,13.152946437965904,14.0356688476182,13.038404810405298,15.03329637837291,15.03329637837291,14.0,11.045361017187261,11.045361017187261,12.165525060596437,14.560219778561038,14.560219778561038,16.278820596099706,15.652475842498529,17.4928556845359,16.643316977093235,18.788294228055936,16.55294535724685,19.313207915827967,15.811388300841898,17.720045146669353,16.55294535724685,14.866068747318506,13.416407864998739,1697990081.8691404
10.0,10.63014581273465,14.866068747318504,15.620499351813308,15.0,14.212670403551895,16.970562748477143,18.439088914585774,21.2602916254693,19.849433241279208,25.455844122715714,23.853720883753127,23.853720883753127,23.706539182259394,20.248456731316587,23.706539182259394,18.681541692269406,17.08800749063506,15.297058540778355,13.341664064126334,13.92838827718412,13.416407864998739,9.899494936611665,8.602325267042627,8.602325267042627,10.295630140987,9.433981132056603,11.045361017187261,14.0356688476182,13.152946437965904,12.649110640673518,14.317821063276352,16.278820596099706,14.317821063276352,18.439088914585778,16.0312195418814,11.40175425099138,9.433981132056603,12.36931687685298,15.811388300841898,15.524174696260024,17.4928556845359,17.46424919657298,16.1245154965971,17.46424919657298,18.027756377319946,18.681541692269406,18.439088914585778,17.08800749063506,17.08800749063506,16.76305461424021,14.317821063276352,1697990081.889134
9.219544457292889,10.63014581273465,11.40175425099138,17.11724276862369,15.811388300841896,13.341664064126334,17.720045146669353,16.0312195418814,19.0,19.4164878389476,19.313207915827967,26.400757564888174,20.248456731316587,23.706539182259394,16.76305461424021,22.825424421026653,18.681541692269406,20.39607805437114,16.643316977093235,13.341664064126334,15.652475842498529,13.416407864998739,13.416407864998739,10.770329614269007,8.602325267042627,8.54400374531753,13.0,11.045361017187261,8.246211251235321,13.152946437965904,12.649110640673518,19.4164878389476,16.492422502470642,12.649110640673518,14.866068747318504,9.219544457292887,11.40175425099138,12.08304597359457,13.601470508735444,12.529964086141668,15.556349186104047,14.212670403551895,20.615528128088304,13.601470508735444,18.439088914585774,18.027756377319946,18.788294228055936,14.866068747318504,18.248287590894655,14.142135623730951,12.36931687685298,15.264337522473749,1697990081.903145
9.055385138137417,11.045361017187261,9.055385138137417,17.11724276862369,12.165525060596437,13.038404810405298,15.0,15.03329637837291,18.0,18.110770276274835,20.09975124224178,21.587033144922902,21.840329667841555,18.788294228055936,19.697715603592208,17.88854381999832,17.0,13.892443989449806,13.892443989449806,12.206555615733702,11.180339887498949,10.44030650891055,7.615773105863909,9.219544457292889,9.055385138137417,9.055385138137417,8.54400374531753,10.816653826391969,10.816653826391969,13.453624047073712,14.422205101855958,15.620499351813308,16.1245154965971,13.601470508735444,13.892443989449806,11.40175425099138,10.63014581273465,12.041594578792296,12.806248474865697,14.422205101855958,13.038404810405298,15.264337522473749,16.1245154965971,16.55294535724685,15.652475842498529,16.55294535724685,16.643316977093235,16.643316977093235,15.811388300841896,16.1245154965971,14.422205101855958,13.92838827718412,1697990081.9176884
9.219544457292887,10.0,18.439088914585778,13.601470508735444,15.297058540778355,15.811388300841898,17.46424919657298,21.95449840010015,19.723082923316017,20.248456731316587,21.633307652783937,22.80350850198276,22.671568097509265,21.213203435596427,20.518284528683193,20.615528128088304,18.60107523773827,17.204650534085253,15.811388300841896,13.601470508735444,12.806248474865697,11.313708498984761,10.63014581273465,10.0,9.848857801796104,9.219544457292889,10.04987562112089,10.04987562112089,11.40175425099138,12.649110640673518,13.341664064126334,15.524174696260024,16.1245154965971,15.132745950421555,14.317821063276352,12.165525060596437,12.08304597359457,11.6619037896906,12.206555615733702,15.0,14.422205101855958,15.0,16.278820596099706,15.556349186104047,17.029386365926403,16.970562748477143,17.804493814764854,16.401219466856727,16.278820596099706,15.556349186104047,14.866068747318504,14.212670403551895,1697990081.9337158
8.06225774829855,12.08304597359457,18.439088914585774,17.804493814764854,17.08800749063506,15.231546211727817,17.08800749063506,20.6155281280883,21.02379604162864,22.022715545545243,22.022715545545243,23.3452350598575,24.08318915758459,21.400934559032695,19.4164878389476,19.209372712298546,18.867962264113206,16.1245154965971,15.652475842498529,13.038404810405298,12.206555615733702,9.899494936611665,7.810249675906654,9.899494936611665,10.295630140987,9.486832980505138,9.055385138137417,11.045361017187261,12.165525060596437,13.341664064126334,14.317821063276352,16.278820596099706,16.0312195418814,14.142135623730951,16.278820596099706,16.0,11.704699910719626,11.180339887498949,13.416407864998739,14.422205101855958,15.264337522473749,15.811388300841896,17.204650534085253,17.029386365926403,17.029386365926403,18.439088914585774,18.027756377319946,17.204650534085253,18.027756377319946,16.401219466856727,15.0,14.142135623730951,1697990081.945697
9.848857801796104,10.295630140987,13.601470508735444,15.264337522473749,14.317821063276352,15.231546211727817,16.401219466856727,21.02379604162864,18.681541692269406,24.413111231467404,25.612496949731394,28.284271247461902,22.561028345356952,22.090722034374522,21.213203435596427,22.02271554554524,19.235384061671347,18.248287590894655,14.317821063276352,14.0,12.36931687685298,11.045361017187261,12.649110640673518,9.486832980505138,10.295630140987,11.313708498984761,10.295630140987,11.180339887498949,13.92838827718412,16.492422502470642,14.866068747318506,14.560219778561038,19.697715603592208,19.723082923316017,14.142135623730951,11.180339887498949,9.486832980505138,14.142135623730951,14.0356688476182,15.03329637837291,15.297058540778355,17.029386365926403,18.110770276274835,17.46424919657298,16.278820596099706,16.278820596099706,19.235384061671347,19.1049731745428,17.46424919657298,17.26267650163207,16.278820596099706,15.811388300841898,1697990081.9607291
7.810249675906654,12.041594578792294,12.529964086141668,16.76305461424021,14.0356688476182,14.142135623730951,18.110770276274835,19.4164878389476,20.39607805437114,18.973665961010276,21.18962010041709,24.16609194718914,23.706539182259394,20.591260281974,22.671568097509265,20.615528128088304,17.804493814764854,17.029386365926403,13.453624047073712,13.453624047073712,12.806248474865697,12.041594578792296,7.211102550927979,7.280109889280519,10.295630140987,10.04987562112089,13.0,10.04987562112089,13.892443989449806,14.560219778561038,13.0,16.1245154965971,16.278820596099706,14.866068747318506,14.7648230602334,15.231546211727817,10.19803902718557,13.601470508735444,16.1245154965971,15.264337522473749,14.422205101855958,14.866068747318504,17.69180601295413,17.029386365926403,18.38477631085024,16.401219466856727,21.213203435596427,17.69180601295413,15.556349186104047,15.264337522473749,16.401219466856727,16.278820596099706,1697990081.9737003
11.180339887498949,12.0,14.0356688476182,16.0312195418814,17.029386365926403,19.026297590440446,21.023796041628636,20.024984394500787,22.02271554554524,23.53720459187964,23.345235059857504,24.73863375370596,24.351591323771842,23.40939982143925,21.540659228538015,21.540659228538015,18.35755975068582,18.681541692269406,18.35755975068582,13.038404810405298,16.55294535724685,12.041594578792296,11.180339887498949,10.19803902718557,11.045361017187261,11.180339887498949,12.08304597359457,10.816653826391969,15.0,12.206555615733702,13.0,15.264337522473749,18.60107523773827,17.204650534085253,14.142135623730951,15.231546211727817,8.602325267042627,13.601470508735444,17.88854381999832,13.0,16.643316977093235,15.811388300841898,18.027756377319946,16.76305461424021,18.027756377319946,18.439088914585778,18.027756377319946,18.681541692269406,19.313207915827967,17.08800749063506,17.08800749063506,15.297058540778355,1697990081.9907038
12.041594578792296,10.770329614269007,13.453624047073712,16.970562748477143,15.264337522473749,18.788294228055936,17.4928556845359,20.248456731316587,23.3452350598575,20.615528128088304,21.213203435596427,26.907248094147423,23.853720883753127,24.596747752497688,21.400934559032695,22.47220505424423,19.313207915827967,16.1245154965971,18.867962264113206,13.892443989449806,16.55294535724685,14.142135623730951,11.6619037896906,12.206555615733702,7.615773105863909,13.0,10.44030650891055,12.08304597359457,14.0356688476182,13.341664064126334,18.110770276274835,16.0312195418814,16.278820596099706,18.973665961010276,13.152946437965904,13.038404810405298,14.317821063276352,13.601470508735444,12.041594578792294,16.492422502470642,15.652475842498529,15.652475842498529,18.027756377319946,17.08800749063506,16.1245154965971,16.643316977093235,18.973665961010276,19.697715603592208,18.38477631085024,17.88854381999832,14.866068747318506,13.601470508735444,1697990082.0057044
10.816653826391969,13.892443989449806,12.529964086141668,15.620499351813308,13.416407864998739,19.1049731745428,18.439088914585774,18.60107523773827,21.95449840010015,21.470910553583888,23.706539182259394,24.698178070456937,24.73863375370596,23.53720459187964,22.360679774997898,23.345235059857504,19.1049731745428,18.248287590894655,18.027756377319946,15.0,14.0356688476182,13.152946437965904,12.165525060596437,11.180339887498949,10.770329614269007,11.40175425099138,10.19803902718557,14.7648230602334,11.704699910719626,14.866068747318506,16.1245154965971,16.55294535724685,15.811388300841896,16.401219466856727,14.7648230602334,9.899494936611665,10.770329614269007,12.36931687685298,13.152946437965904,14.142135623730951,13.601470508735444,15.132745950421555,17.029386365926403,15.03329637837291,17.0,16.0312195418814,17.11724276862369,17.11724276862369,17.11724276862369,16.1245154965971,15.132745950421555,14.0,1697990082.021122
12.08304597359457,13.038404810405298,15.0,16.643316977093235,15.264337522473749,18.027756377319946,18.867962264113206,20.808652046684813,22.825424421026653,22.360679774997898,23.769728648009426,26.0,25.0,24.515301344262525,23.345235059857504,23.194827009486403,22.02271554554524,21.023796041628636,18.0,16.0,15.03329637837291,14.142135623730951,12.165525060596437,10.770329614269007,11.704699910719626,10.816653826391969,9.219544457292887,9.433981132056603,12.08304597359457,13.0,14.866068747318506,16.55294535724685,16.1245154965971,15.231546211727817,15.652475842498529,13.0,12.165525060596437,13.152946437965904,15.132745950421555,16.1245154965971,16.1245154965971,16.0,18.027756377319946,15.03329637837291,20.024984394500787,15.132745950421555,18.027756377319946,17.029386365926403,18.110770276274835,17.11724276862369,16.0312195418814,15.297058540778355,1697990082.036116
8.0,14.0356688476182,16.76305461424021,21.0,17.26267650163207,18.248287590894655,22.561028345356952,19.1049731745428,24.020824298928627,24.083189157584588,25.079872407968907,27.018512172212592,25.179356624028344,24.331050121192874,23.769728648009423,24.351591323771842,22.847319317591726,21.02379604162864,18.788294228055936,16.55294535724685,15.231546211727817,14.866068747318506,12.36931687685298,11.045361017187261,10.04987562112089,10.19803902718557,10.770329614269007,10.816653826391969,12.041594578792296,13.453624047073712,14.866068747318504,17.029386365926403,16.278820596099706,15.0,16.401219466856727,13.601470508735444,11.40175425099138,12.529964086141668,14.7648230602334,17.88854381999832,17.0,16.76305461424021,18.681541692269406,17.720045146669353,19.313207915827967,19.6468827043885,19.924858845171276,18.027756377319946,18.681541692269406,17.720045146669353,16.15549442140351,16.492422502470642,1697990082.0521262
10.63014581273465,13.892443989449806,15.264337522473749,15.811388300841896,15.556349186104047,15.620499351813308,17.029386365926403,21.931712199461305,19.4164878389476,21.633307652783937,21.633307652783937,26.400757564888174,23.259406699226012,24.041630560342615,24.331050121192874,26.1725046566048,20.615528128088304,19.1049731745428,20.223748416156685,15.03329637837291,16.278820596099706,12.165525060596437,13.0,13.92838827718412,10.04987562112089,10.63014581273465,12.206555615733702,9.899494936611665,13.0,12.165525060596437,18.027756377319946,16.278820596099706,17.46424919657298,16.401219466856727,17.0,14.7648230602334,13.0,14.0356688476182,16.278820596099706,17.0,15.132745950421555,16.0,18.0,19.026297590440446,18.110770276274835,18.0,19.026297590440446,19.1049731745428,19.1049731745428,17.029386365926403,17.26267650163207,15.297058540778355,1697990082.0651212
10.63014581273465,13.892443989449806,15.264337522473749,15.811388300841896,15.556349186104047,15.620499351813308,17.029386365926403,21.931712199461305,19.4164878389476,21.633307652783937,21.633307652783937,26.400757564888174,23.259406699226012,24.041630560342615,24.331050121192874,26.1725046566048,20.615528128088304,19.1049731745428,20.223748416156685,15.03329637837291,16.278820596099706,12.165525060596437,13.0,13.92838827718412,10.04987562112089,10.63014581273465,12.206555615733702,9.899494936611665,13.0,12.165525060596437,18.027756377319946,16.278820596099706,17.46424919657298,16.401219466856727,17.0,14.7648230602334,13.0,14.0356688476182,16.278820596099706,17.0,15.132745950421555,16.0,18.0,19.026297590440446,18.110770276274835,18.0,19.026297590440446,19.1049731745428,19.1049731745428,17.029386365926403,17.26267650163207,15.297058540778355,1697990082.0821214
5.8309518948453,12.0,13.038404810405298,17.08800749063506,13.892443989449806,17.46424919657298,18.027756377319946,20.6155281280883,20.39607805437114,18.110770276274835,23.345235059857504,24.083189157584588,23.021728866442675,23.021728866442675,21.213203435596427,22.090722034374522,19.4164878389476,17.46424919657298,17.26267650163207,15.524174696260024,13.341664064126334,13.038404810405298,10.04987562112089,10.04987562112089,10.44030650891055,9.433981132056603,10.816653826391969,10.63014581273465,12.041594578792296,14.317821063276352,17.029386365926403,17.08800749063506,17.204650534085253,13.453624047073712,16.1245154965971,13.038404810405298,11.180339887498949,14.866068747318506,13.152946437965904,16.278820596099706,18.110770276274835,15.03329637837291,17.029386365926403,16.0312195418814,19.0,18.0,18.0,19.026297590440446,19.0,17.0,17.029386365926403,16.1245154965971,1697990082.1041338
10.04987562112089,9.433981132056603,14.866068747318504,14.0356688476182,17.11724276862369,16.15549442140351,16.278820596099706,21.213203435596427,23.086792761230395,24.0,23.086792761230395,25.01999200639361,23.0,22.20360331117452,23.40939982143925,23.769728648009423,21.377558326431952,17.08800749063506,17.26267650163207,13.92838827718412,15.132745950421555,13.601470508735444,11.180339887498949,9.219544457292889,12.529964086141668,9.433981132056603,10.816653826391969,13.038404810405298,14.866068747318504,14.866068747318506,11.704699910719626,17.204650534085253,17.69180601295413,12.041594578792296,18.439088914585774,12.806248474865697,10.295630140987,13.92838827718412,17.08800749063506,14.866068747318506,15.231546211727817,15.524174696260024,20.615528128088304,17.46424919657298,19.924858845171276,17.720045146669353,19.313207915827967,18.38477631085024,19.4164878389476,15.132745950421555,15.524174696260024,16.1245154965971,1697990082.1216764
10.0,8.06225774829855,18.439088914585774,18.681541692269406,13.92838827718412,19.6468827043885,19.313207915827967,17.720045146669353,21.587033144922902,19.924858845171276,22.561028345356952,24.331050121192874,23.021728866442675,23.0,21.213203435596427,22.090722034374522,18.439088914585778,20.0,14.317821063276352,14.317821063276352,15.297058540778355,13.038404810405298,10.44030650891055,9.486832980505138,11.704699910719626,8.602325267042627,10.816653826391969,11.313708498984761,11.40175425099138,11.40175425099138,15.652475842498529,18.867962264113206,13.601470508735444,15.620499351813308,14.866068747318504,17.88854381999832,12.529964086141668,13.341664064126334,11.704699910719626,16.15549442140351,15.231546211727817,15.811388300841898,17.720045146669353,16.0312195418814,17.720045146669353,17.26267650163207,18.973665961010276,17.720045146669353,15.811388300841898,16.1245154965971,15.524174696260024,14.142135623730951,1697990082.1456714
12.041594578792296,15.264337522473749,20.0,15.556349186104047,13.601470508735444,19.1049731745428,20.615528128088304,20.591260281974,22.203603311174515,18.35755975068582,21.840329667841555,25.059928172283335,24.351591323771842,24.041630560342615,22.561028345356952,21.840329667841555,19.4164878389476,17.11724276862369,16.492422502470642,14.142135623730951,12.36931687685298,13.92838827718412,9.486832980505138,8.06225774829855,9.899494936611665,9.219544457292887,8.54400374531753,8.54400374531753,14.0,12.041594578792294,17.720045146669353,16.492422502470642,15.297058540778355,13.601470508735444,15.524174696260024,13.341664064126334,15.03329637837291,15.0,16.1245154965971,16.0,18.110770276274835,18.681541692269406,20.223748416156685,17.46424919657298,18.439088914585778,19.6468827043885,19.6468827043885,18.0,20.223748416156685,14.0,18.248287590894655,17.0,1697990082.161672
11.180339887498949,18.35755975068582,11.704699910719626,13.038404810405298,15.0,14.560219778561038,18.788294228055936,14.422205101855958,18.973665961010276,20.248456731316587,20.0,21.93171219946131,22.671568097509265,23.3452350598575,22.671568097509265,21.400934559032695,18.027756377319946,16.55294535724685,13.038404810405298,12.08304597359457,10.770329614269007,12.08304597359457,9.433981132056603,11.313708498984761,12.206555615733702,12.36931687685298,8.246211251235321,9.486832980505138,11.045361017187261,14.317821063276352,14.142135623730951,15.03329637837291,17.11724276862369,14.0356688476182,17.0,13.038404810405298,12.041594578792294,11.045361017187261,13.0,16.0312195418814,16.0312195418814,18.027756377319946,21.587033144922902,16.76305461424021,17.08800749063506,17.720045146669353,15.132745950421555,16.0312195418814,20.223748416156685,14.0,12.649110640673518,17.08800749063506,1697990082.175674
12.041594578792296,9.486832980505138,13.416407864998739,17.0,16.1245154965971,12.08304597359457,19.6468827043885,17.804493814764854,21.400934559032695,23.3452350598575,23.3452350598575,25.495097567963924,24.207436873820413,23.853720883753127,22.825424421026653,25.238858928247925,19.235384061671343,17.88854381999832,16.55294535724685,14.317821063276352,13.892443989449806,13.038404810405298,10.0,13.453624047073712,11.6619037896906,9.848857801796104,10.44030650891055,11.0,12.041594578792294,15.811388300841898,14.0,17.11724276862369,17.029386365926403,15.0,16.0,13.038404810405298,13.341664064126334,14.0356688476182,16.15549442140351,15.231546211727817,17.46424919657298,17.0,19.723082923316017,18.027756377319946,18.867962264113206,19.723082923316017,19.235384061671343,20.248456731316587,19.235384061671347,15.264337522473749,16.55294535724685,15.811388300841896,1697990082.196672
13.601470508735444,9.055385138137417,16.0312195418814,19.1049731745428,13.92838827718412,21.02379604162864,15.811388300841898,21.377558326431952,18.681541692269406,22.472205054244235,21.540659228538015,23.706539182259394,22.360679774997898,22.47220505424423,22.203603311174515,21.400934559032695,20.0,18.027756377319946,15.556349186104047,15.620499351813308,13.601470508735444,12.206555615733702,11.6619037896906,9.486832980505138,11.40175425099138,10.0,12.041594578792294,10.770329614269007,12.529964086141668,13.038404810405298,13.416407864998739,15.811388300841896,18.35755975068582,16.55294535724685,14.560219778561038,13.038404810405298,15.556349186104047,12.206555615733702,18.027756377319946,16.278820596099706,16.278820596099706,18.439088914585774,20.615528128088304,17.804493814764854,18.027756377319946,18.027756377319946,19.209372712298546,18.867962264113206,17.804493814764854,15.620499351813308,17.0,15.811388300841896,1697990082.2106812
11.40175425099138,12.206555615733702,16.643316977093235,15.811388300841896,15.620499351813308,15.811388300841896,18.788294228055936,17.804493814764854,21.633307652783937,22.203603311174515,23.430749027719962,25.455844122715714,22.80350850198276,23.60084744241189,24.413111231467404,21.95449840010015,19.723082923316017,19.4164878389476,17.0,14.7648230602334,12.529964086141668,12.206555615733702,11.6619037896906,11.40175425099138,13.038404810405298,7.211102550927979,8.94427190999916,11.180339887498949,12.0,12.165525060596437,13.038404810405298,16.0312195418814,18.027756377319946,18.248287590894655,18.248287590894655,13.038404810405298,12.529964086141668,15.03329637837291,16.76305461424021,16.278820596099706,15.524174696260024,16.55294535724685,20.12461179749811,19.723082923316017,17.88854381999832,20.248456731316587,15.811388300841898,17.46424919657298,17.88854381999832,15.652475842498529,18.35755975068582,17.0,1697990082.2251916
12.806248474865697,14.317821063276352,18.439088914585774,15.652475842498529,15.556349186104047,15.0,19.849433241279208,21.2602916254693,18.60107523773827,20.248456731316587,22.360679774997898,24.698178070456937,22.472205054244235,24.041630560342615,21.840329667841555,23.53720459187964,19.1049731745428,18.110770276274835,16.0312195418814,14.0356688476182,13.0,12.165525060596437,10.19803902718557,10.295630140987,10.0,8.485281374238571,9.899494936611665,10.770329614269007,11.704699910719626,13.341664064126334,14.866068747318506,15.524174696260024,18.027756377319946,15.811388300841898,15.811388300841898,12.649110640673518,13.152946437965904,15.03329637837291,15.0,16.0,16.0312195418814,16.0312195418814,20.024984394500787,18.248287590894655,18.110770276274835,16.1245154965971,19.026297590440446,19.026297590440446,20.024984394500787,18.439088914585778,16.0312195418814,14.317821063276352,1697990082.2391942
10.19803902718557,10.04987562112089,14.0,13.92838827718412,15.811388300841898,15.03329637837291,16.76305461424021,22.80350850198276,20.248456731316587,21.18962010041709,22.360679774997898,22.825424421026653,22.203603311174515,22.80350850198276,21.2602916254693,21.2602916254693,18.38477631085024,17.029386365926403,16.278820596099706,15.620499351813308,13.453624047073712,11.40175425099138,10.63014581273465,9.433981132056603,10.295630140987,10.04987562112089,10.0,10.19803902718557,12.36931687685298,13.416407864998739,13.038404810405298,15.652475842498529,16.15549442140351,15.231546211727817,15.652475842498529,13.416407864998739,12.206555615733702,13.601470508735444,14.212670403551895,16.970562748477143,17.69180601295413,18.439088914585774,20.615528128088304,18.027756377319946,18.439088914585774,17.4928556845359,18.439088914585774,17.69180601295413,17.029386365926403,18.248287590894655,19.235384061671343,17.4928556845359,1697990082.2521946
8.94427190999916,12.08304597359457,11.40175425099138,16.15549442140351,15.231546211727817,15.231546211727817,14.142135623730951,19.235384061671347,20.223748416156685,22.02271554554524,23.021728866442675,25.495097567963924,22.090722034374522,22.561028345356952,24.16609194718914,22.360679774997898,17.0,18.35755975068582,15.652475842498529,14.7648230602334,11.6619037896906,11.704699910719626,9.848857801796104,8.246211251235321,10.0,8.246211251235321,13.341664064126334,10.04987562112089,12.36931687685298,17.0,13.601470508735444,16.401219466856727,18.35755975068582,15.652475842498529,16.1245154965971,13.416407864998739,12.206555615733702,14.212670403551895,14.866068747318504,14.866068747318504,17.029386365926403,16.401219466856727,19.209372712298546,17.804493814764854,18.439088914585774,17.029386365926403,17.69180601295413,17.69180601295413,19.1049731745428,16.278820596099706,15.556349186104047,15.0,1697990082.2681901
10.0,12.041594578792296,14.866068747318504,15.620499351813308,15.556349186104047,16.278820596099706,17.69180601295413,20.518284528683193,21.2602916254693,21.400934559032695,22.203603311174515,24.413111231467404,22.825424421026653,22.825424421026653,21.540659228538015,21.540659228538015,18.973665961010276,19.4164878389476,17.720045146669353,15.297058540778355,14.866068747318506,11.704699910719626,9.848857801796104,11.313708498984761,8.94427190999916,12.041594578792296,8.602325267042627,12.0,13.0,10.04987562112089,13.0,18.0,17.0,17.029386365926403,18.027756377319946,11.0,15.03329637837291,11.704699910719626,13.92838827718412,17.08800749063506,17.720045146669353,17.46424919657298,18.973665961010276,18.788294228055936,18.788294228055936,19.235384061671343,20.248456731316587,18.38477631085024,18.027756377319946,17.88854381999832,16.55294535724685,15.264337522473749,1697990082.283191
8.94427190999916,12.041594578792296,16.55294535724685,16.1245154965971,16.278820596099706,19.4164878389476,23.3452350598575,18.867962264113206,21.93171219946131,22.80350850198276,24.207436873820413,27.202941017470888,24.69817807045694,24.69817807045694,21.095023109728988,22.472205054244235,21.931712199461305,17.46424919657298,17.46424919657298,14.560219778561038,12.649110640673518,10.770329614269007,11.40175425099138,9.899494936611665,11.313708498984761,9.433981132056603,8.54400374531753,8.54400374531753,12.041594578792294,14.0356688476182,18.027756377319946,19.026297590440446,17.029386365926403,18.0,17.029386365926403,15.03329637837291,14.317821063276352,14.560219778561038,15.524174696260024,17.08800749063506,17.720045146669353,17.08800749063506,20.6155281280883,20.12461179749811,20.248456731316587,17.4928556845359,20.248456731316587,18.38477631085024,21.470910553583888,19.235384061671343,17.46424919657298,16.643316977093235,1697990082.2971935
7.810249675906654,9.433981132056603,15.524174696260024,17.08800749063506,10.770329614269007,15.132745950421555,23.3452350598575,19.697715603592208,23.08679276123039,21.213203435596427,21.931712199461305,26.419689627245813,23.259406699226012,24.413111231467404,19.849433241279208,25.612496949731394,19.1049731745428,19.209372712298546,16.970562748477143,14.866068747318504,14.142135623730951,13.453624047073712,10.0,9.848857801796104,10.19803902718557,10.04987562112089,10.0,10.19803902718557,12.08304597359457,13.892443989449806,15.652475842498529,17.46424919657298,18.38477631085024,14.866068747318506,16.55294535724685,15.231546211727817,13.892443989449806,13.601470508735444,15.620499351813308,15.620499351813308,17.69180601295413,18.38477631085024,18.38477631085024,16.970562748477143,18.38477631085024,18.38477631085024,18.439088914585774,18.439088914585774,19.1049731745428,16.970562748477143,15.556349186104047,15.0,1697990082.3112035
6.708203932499369,8.06225774829855,14.212670403551895,17.08800749063506,16.55294535724685,17.4928556845359,18.973665961010276,24.186773244895647,20.615528128088304,24.041630560342615,22.80350850198276,24.186773244895647,23.086792761230395,24.020824298928627,23.021728866442675,23.021728866442675,20.024984394500787,18.027756377319946,18.110770276274835,15.297058540778355,13.152946437965904,12.041594578792294,11.045361017187261,11.40175425099138,10.44030650891055,9.433981132056603,10.63014581273465,10.0,11.6619037896906,11.180339887498949,14.317821063276352,14.866068747318506,15.231546211727817,16.1245154965971,15.231546211727817,13.92838827718412,13.341664064126334,14.142135623730951,15.297058540778355,17.0,15.132745950421555,17.029386365926403,16.0312195418814,18.110770276274835,18.0,18.027756377319946,19.0,18.027756377319946,18.027756377319946,16.0312195418814,16.0,13.92838827718412,1697990082.3267255
11.180339887498949,14.0356688476182,13.038404810405298,16.55294535724685,16.278820596099706,19.235384061671347,19.4164878389476,21.377558326431952,20.6155281280883,21.470910553583888,21.95449840010015,24.596747752497688,24.69817807045694,24.839484696748443,23.430749027719962,22.80350850198276,21.2602916254693,17.69180601295413,18.38477631085024,15.556349186104047,14.142135623730951,10.63014581273465,9.899494936611665,9.433981132056603,10.44030650891055,12.041594578792294,9.055385138137417,10.0,11.704699910719626,12.649110640673518,14.0,15.524174696260024,18.027756377319946,18.439088914585778,16.76305461424021,12.649110640673518,15.524174696260024,13.92838827718412,17.4928556845359,16.643316977093235,16.55294535724685,18.027756377319946,19.4164878389476,17.804493814764854,18.027756377319946,17.69180601295413,17.0,17.88854381999832,17.204650534085253,16.278820596099706,14.422205101855958,16.970562748477143,1697990082.3447256
11.0,9.055385138137417,13.038404810405298,16.1245154965971,11.180339887498949,20.223748416156685,16.278820596099706,18.248287590894655,22.20360331117452,21.587033144922902,22.80350850198276,23.08679276123039,23.769728648009426,23.259406699226012,22.360679774997898,22.825424421026653,18.867962264113206,16.643316977093235,16.643316977093235,15.0,12.806248474865697,13.038404810405298,10.295630140987,9.848857801796104,11.045361017187261,10.0,10.44030650891055,10.295630140987,11.40175425099138,12.206555615733702,13.601470508735444,15.620499351813308,14.422205101855958,15.811388300841896,15.264337522473749,13.601470508735444,12.041594578792296,14.142135623730951,15.0,16.401219466856727,17.4928556845359,15.652475842498529,18.35755975068582,16.1245154965971,17.88854381999832,17.46424919657298,17.4928556845359,17.4928556845359,18.027756377319946,15.264337522473749,14.422205101855958,14.866068747318506,1697990082.3587246
13.341664064126334,12.165525060596437,15.297058540778355,11.045361017187261,15.231546211727817,16.76305461424021,14.0356688476182,21.095023109728984,23.021728866442675,22.02271554554524,21.0,23.194827009486403,22.360679774997898,23.08679276123039,21.840329667841555,21.840329667841555,17.08800749063506,17.08800749063506,16.55294535724685,15.231546211727817,11.180339887498949,11.40175425099138,11.180339887498949,9.055385138137417,11.40175425099138,10.770329614269007,10.295630140987,10.63014581273465,12.041594578792296,14.422205101855958,15.556349186104047,14.422205101855958,17.029386365926403,15.620499351813308,17.029386365926403,14.212670403551895,12.529964086141668,14.7648230602334,15.231546211727817,16.15549442140351,18.027756377319946,15.524174696260024,19.4164878389476,18.439088914585778,18.248287590894655,18.248287590894655,19.313207915827967,19.235384061671347,16.76305461424021,16.1245154965971,16.278820596099706,15.03329637837291,1697990082.371726
14.0356688476182,7.810249675906654,15.297058540778355,16.55294535724685,11.313708498984761,15.0,14.0356688476182,13.601470508735444,20.12461179749811,20.223748416156685,23.40939982143925,25.0,20.591260281974,22.090722034374522,25.01999200639361,26.0,24.186773244895647,17.08800749063506,13.341664064126334,17.26267650163207,14.422205101855958,12.165525060596437,8.54400374531753,7.280109889280519,7.211102550927979,10.770329614269007,8.06225774829855,9.219544457292887,10.44030650891055,16.1245154965971,13.601470508735444,17.46424919657298,17.88854381999832,15.231546211727817,13.92838827718412,11.40175425099138,12.649110640673518,13.0,13.038404810405298,14.0,16.0,15.132745950421555,17.11724276862369,15.297058540778355,16.492422502470642,16.492422502470642,17.11724276862369,17.26267650163207,17.11724276862369,15.132745950421555,15.03329637837291,14.560219778561038,1697990082.3847287
12.165525060596437,10.0,17.46424919657298,19.0,14.0356688476182,12.36931687685298,17.26267650163207,22.20360331117452,19.0,21.377558326431952,24.186773244895647,26.476404589747453,25.0,24.16609194718914,21.02379604162864,26.0,19.723082923316017,18.867962264113206,15.264337522473749,15.264337522473749,12.529964086141668,12.649110640673518,10.770329614269007,10.19803902718557,11.0,10.44030650891055,11.180339887498949,11.40175425099138,14.142135623730951,15.556349186104047,15.0,16.970562748477143,19.4164878389476,17.029386365926403,18.439088914585774,14.866068747318504,14.422205101855958,14.422205101855958,13.038404810405298,17.46424919657298,18.788294228055936,18.38477631085024,17.11724276862369,18.681541692269406,19.924858845171276,19.235384061671347,20.248456731316587,19.697715603592208,19.313207915827967,18.681541692269406,16.76305461424021,16.278820596099706,1697990082.3977256
11.180339887498949,12.041594578792294,14.142135623730951,17.11724276862369,15.03329637837291,16.0312195418814,18.0,20.0,21.213203435596427,21.377558326431952,21.377558326431952,23.08679276123039,23.40939982143925,22.847319317591726,21.02379604162864,22.360679774997898,18.867962264113206,17.4928556845359,17.204650534085253,13.601470508735444,13.892443989449806,12.529964086141668,11.6619037896906,12.08304597359457,8.06225774829855,9.055385138137417,9.486832980505138,9.848857801796104,10.0,12.806248474865697,12.041594578792296,15.0,16.278820596099706,17.204650534085253,13.416407864998739,12.806248474865697,11.313708498984761,13.453624047073712,13.601470508735444,14.422205101855958,15.811388300841896,14.7648230602334,18.35755975068582,15.652475842498529,17.46424919657298,16.55294535724685,17.88854381999832,17.4928556845359,19.235384061671343,15.652475842498529,17.720045146669353,16.278820596099706,1697990082.4097333
10.0,11.6619037896906,14.317821063276352,15.652475842498529,17.4928556845359,16.1245154965971,17.88854381999832,19.4164878389476,22.022715545545243,21.2602916254693,21.93171219946131,25.495097567963924,23.60084744241189,23.60084744241189,22.47220505424423,22.825424421026653,20.6155281280883,17.88854381999832,17.46424919657298,14.866068747318506,12.649110640673518,12.08304597359457,12.529964086141668,8.602325267042627,11.313708498984761,10.295630140987,9.848857801796104,10.44030650891055,11.0,13.0,12.0,15.03329637837291,16.278820596099706,17.029386365926403,17.26267650163207,14.560219778561038,13.152946437965904,13.152946437965904,14.317821063276352,15.524174696260024,15.524174696260024,14.866068747318506,18.027756377319946,16.76305461424021,16.76305461424021,16.15549442140351,19.4164878389476,16.1245154965971,19.313207915827967,15.652475842498529,17.029386365926403,16.278820596099706,1697990082.422221
9.848857801796104,13.601470508735444,14.866068747318504,17.46424919657298,12.806248474865697,17.08800749063506,17.204650534085253,21.095023109728988,21.931712199461305,21.470910553583888,22.847319317591726,25.298221281347036,23.769728648009423,22.561028345356952,22.360679774997898,22.360679774997898,19.1049731745428,17.46424919657298,16.1245154965971,15.03329637837291,11.045361017187261,11.40175425099138,8.246211251235321,7.211102550927979,12.041594578792296,11.40175425099138,11.180339887498949,10.44030650891055,12.165525060596437,14.0356688476182,16.0312195418814,17.11724276862369,18.439088914585778,17.26267650163207,18.248287590894655,13.152946437965904,13.038404810405298,15.297058540778355,15.524174696260024,16.76305461424021,15.524174696260024,18.027756377319946,18.38477631085024,16.76305461424021,18.788294228055936,20.12461179749811,19.313207915827967,18.788294228055936,18.38477631085024,18.35755975068582,17.4928556845359,16.401219466856727,1697990082.4342215
11.045361017187261,12.36931687685298,15.811388300841898,17.11724276862369,18.248287590894655,17.46424919657298,20.39607805437114,23.194827009486403,23.0,23.0,23.021728866442675,26.1725046566048,24.73863375370596,23.53720459187964,22.80350850198276,22.561028345356952,18.38477631085024,20.248456731316587,16.15549442140351,16.15549442140351,13.601470508735444,14.142135623730951,10.19803902718557,12.041594578792294,12.36931687685298,10.770329614269007,9.848857801796104,11.40175425099138,13.453624047073712,13.601470508735444,15.556349186104047,17.804493814764854,18.38477631085024,17.804493814764854,17.69180601295413,14.866068747318504,13.601470508735444,15.264337522473749,15.652475842498529,16.55294535724685,16.55294535724685,16.76305461424021,18.973665961010276,17.720045146669353,17.720045146669353,18.973665961010276,18.973665961010276,18.973665961010276,19.313207915827967,16.76305461424021,17.08800749063506,15.132745950421555,1697990082.4482222
12.165525060596437,13.038404810405298,19.6468827043885,18.027756377319946,17.720045146669353,21.587033144922902,18.973665961010276,23.40939982143925,23.259406699226012,22.360679774997898,22.360679774997898,26.076809620810597,24.207436873820413,24.839484696748443,21.2602916254693,22.671568097509265,20.518284528683193,21.93171219946131,17.69180601295413,15.620499351813308,12.041594578792296,13.453624047073712,10.0,10.44030650891055,11.180339887498949,11.045361017187261,11.045361017187261,11.180339887498949,13.601470508735444,14.866068747318506,15.811388300841898,18.027756377319946,19.313207915827967,16.76305461424021,17.46424919657298,15.811388300841898,14.317821063276352,14.7648230602334,15.264337522473749,16.401219466856727,17.204650534085253,17.804493814764854,18.439088914585774,19.1049731745428,19.1049731745428,19.79898987322333,19.849433241279208,19.1049731745428,17.4928556845359,18.38477631085024,17.69180601295413,15.620499351813308,1697990082.461221
9.219544457292887,12.649110640673518,17.08800749063506,14.866068747318504,18.973665961010276,21.095023109728988,19.697715603592208,20.591260281974,22.135943621178658,21.540659228538015,23.40939982143925,25.709920264364882,26.305892875931807,23.0,25.179356624028344,27.018512172212592,20.024984394500787,21.93171219946131,17.0,14.0356688476182,14.0356688476182,13.038404810405298,12.041594578792294,9.486832980505138,10.770329614269007,10.0,9.899494936611665,13.453624047073712,12.08304597359457,13.892443989449806,15.811388300841896,17.46424919657298,18.35755975068582,16.1245154965971,16.643316977093235,13.038404810405298,13.0,14.866068747318506,15.524174696260024,16.278820596099706,14.317821063276352,17.11724276862369,19.1049731745428,17.0,18.110770276274835,18.027756377319946,19.4164878389476,18.248287590894655,18.110770276274835,17.0,15.132745950421555,15.03329637837291,1697990082.4752212
11.180339887498949,13.0,16.0312195418814,18.110770276274835,17.029386365926403,17.0,20.0,21.023796041628636,22.360679774997898,22.561028345356952,21.377558326431952,24.041630560342615,23.40939982143925,25.298221281347036,22.360679774997898,22.360679774997898,19.313207915827967,17.4928556845359,15.264337522473749,15.231546211727817,12.806248474865697,13.892443989449806,13.92838827718412,8.246211251235321,11.180339887498949,11.180339887498949,11.704699910719626,9.433981132056603,10.63014581273465,15.0,15.620499351813308,16.643316977093235,17.4928556845359,16.401219466856727,16.55294535724685,16.15549442140351,12.806248474865697,13.453624047073712,16.401219466856727,16.401219466856727,17.029386365926403,16.401219466856727,18.35755975068582,17.4928556845359,19.4164878389476,17.4928556845359,18.027756377319946,18.35755975068582,18.35755975068582,17.4928556845359,17.0,16.15549442140351,1697990082.491221
9.848857801796104,10.44030650891055,14.317821063276352,16.15549442140351,14.866068747318506,14.866068747318506,17.46424919657298,18.027756377319946,19.697715603592208,19.697715603592208,20.591260281974,23.853720883753127,22.203603311174515,20.518284528683193,20.518284528683193,21.213203435596427,17.69180601295413,17.69180601295413,15.0,13.453624047073712,12.041594578792296,10.63014581273465,9.899494936611665,8.06225774829855,10.770329614269007,9.219544457292889,10.04987562112089,11.180339887498949,10.295630140987,12.08304597359457,13.92838827718412,15.652475842498529,16.76305461424021,14.560219778561038,15.811388300841898,13.92838827718412,12.08304597359457,12.08304597359457,14.7648230602334,14.212670403551895,15.264337522473749,14.212670403551895,17.029386365926403,14.866068747318504,16.278820596099706,15.556349186104047,16.278820596099706,17.029386365926403,17.029386365926403,15.556349186104047,15.620499351813308,13.601470508735444,1697990082.5062318
8.485281374238571,15.811388300841896,15.811388300841896,17.0,19.723082923316017,14.7648230602334,14.317821063276352,16.278820596099706,22.360679774997898,22.360679774997898,22.135943621178658,24.698178070456937,24.041630560342615,23.194827009486403,21.377558326431952,22.20360331117452,17.46424919657298,17.11724276862369,15.03329637837291,15.132745950421555,13.152946437965904,11.40175425099138,10.770329614269007,9.848857801796104,11.40175425099138,11.40175425099138,11.6619037896906,12.08304597359457,10.04987562112089,14.317821063276352,14.560219778561038,19.235384061671347,17.720045146669353,16.76305461424021,17.08800749063506,14.560219778561038,13.152946437965904,14.0356688476182,16.0312195418814,17.11724276862369,18.0,16.0312195418814,19.235384061671347,18.681541692269406,19.4164878389476,19.4164878389476,19.235384061671347,20.223748416156685,18.248287590894655,17.46424919657298,17.46424919657298,16.15549442140351,1697990082.5177684
14.0,15.524174696260024,17.029386365926403,20.615528128088304,14.7648230602334,15.297058540778355,20.248456731316587,22.090722034374522,20.39607805437114,19.235384061671347,17.46424919657298,19.924858845171276,21.540659228538015,21.931712199461305,19.235384061671343,21.931712199461305,18.788294228055936,16.55294535724685,16.401219466856727,13.892443989449806,10.295630140987,12.206555615733702,10.770329614269007,9.486832980505138,8.0,8.06225774829855,9.486832980505138,10.295630140987,9.899494936611665,12.727922061357857,12.727922061357857,14.866068747318504,15.620499351813308,16.401219466856727,14.212670403551895,12.041594578792296,12.806248474865697,12.529964086141668,14.317821063276352,10.816653826391969,14.317821063276352,16.15549442140351,17.0,15.811388300841898,17.46424919657298,16.76305461424021,15.231546211727817,15.811388300841898,17.08800749063506,13.892443989449806,14.560219778561038,14.0,1697990082.5297747
15.652475842498529,11.40175425099138,16.492422502470642,14.317821063276352,18.681541692269406,14.422205101855958,15.297058540778355,22.135943621178658,19.4164878389476,19.697715603592208,21.470910553583888,24.186773244895647,21.633307652783937,21.400934559032695,20.518284528683193,21.400934559032695,17.029386365926403,17.69180601295413,17.204650534085253,12.206555615733702,12.806248474865697,10.63014581273465,8.485281374238571,7.615773105863909,9.486832980505138,8.06225774829855,11.045361017187261,8.54400374531753,10.295630140987,12.529964086141668,12.529964086141668,14.7648230602334,15.231546211727817,15.811388300841898,13.601470508735444,11.704699910719626,12.529964086141668,12.806248474865697,11.313708498984761,16.278820596099706,14.212670403551895,15.264337522473749,17.804493814764854,15.811388300841896,16.401219466856727,17.4928556845359,17.204650534085253,16.278820596099706,15.620499351813308,13.92838827718412,12.041594578792296,12.529964086141668,1697990082.5407777
14.0356688476182,14.212670403551895,14.422205101855958,15.811388300841896,13.601470508735444,19.209372712298546,20.6155281280883,20.223748416156685,23.259406699226012,21.931712199461305,24.186773244895647,23.021728866442675,23.430749027719962,22.671568097509265,21.213203435596427,21.213203435596427,19.849433241279208,16.643316977093235,15.811388300841896,15.0,12.727922061357857,10.63014581273465,9.899494936611665,10.44030650891055,10.19803902718557,10.04987562112089,13.038404810405298,9.486832980505138,12.36931687685298,12.649110640673518,15.811388300841898,18.788294228055936,18.248287590894655,17.08800749063506,15.524174696260024,13.892443989449806,13.0,13.416407864998739,15.620499351813308,19.1049731745428,15.620499351813308,17.69180601295413,17.69180601295413,18.867962264113206,19.849433241279208,18.439088914585774,19.849433241279208,19.79898987322333,19.1049731745428,17.804493814764854,16.401219466856727,16.643316977093235,1697990082.5538614
13.601470508735444,8.94427190999916,12.165525060596437,14.142135623730951,11.40175425099138,15.264337522473749,16.278820596099706,16.0312195418814,18.973665961010276,18.35755975068582,22.825424421026653,23.259406699226012,21.95449840010015,20.808652046684813,19.849433241279208,21.93171219946131,16.970562748477143,14.212670403551895,14.866068747318504,13.453624047073712,12.806248474865697,11.313708498984761,9.899494936611665,9.433981132056603,8.94427190999916,9.055385138137417,10.04987562112089,11.0,11.40175425099138,12.649110640673518,14.317821063276352,15.524174696260024,17.029386365926403,15.03329637837291,15.0,12.041594578792294,12.36931687685298,13.601470508735444,14.317821063276352,15.652475842498529,15.524174696260024,16.1245154965971,17.4928556845359,17.0,17.88854381999832,17.0,18.38477631085024,17.720045146669353,17.08800749063506,15.652475842498529,15.231546211727817,15.264337522473749,1697990082.5677783
9.219544457292887,11.6619037896906,13.892443989449806,16.278820596099706,17.46424919657298,21.095023109728988,18.248287590894655,21.540659228538015,23.706539182259394,23.3238075793812,23.3238075793812,26.627053911388693,25.612496949731394,25.495097567963924,24.08318915758459,22.671568097509265,19.209372712298546,18.027756377319946,18.027756377319946,14.866068747318504,17.029386365926403,11.313708498984761,12.806248474865697,11.180339887498949,11.40175425099138,10.19803902718557,14.0356688476182,11.0,11.180339887498949,14.317821063276352,14.317821063276352,16.76305461424021,18.681541692269406,18.439088914585778,17.720045146669353,15.524174696260024,14.317821063276352,14.317821063276352,17.4928556845359,18.439088914585774,18.788294228055936,15.620499351813308,20.0,17.69180601295413,18.439088914585774,19.1049731745428,19.849433241279208,20.0,20.615528128088304,18.439088914585774,17.804493814764854,17.029386365926403,1697990082.582774
14.142135623730951,7.211102550927979,15.132745950421555,18.973665961010276,16.492422502470642,15.132745950421555,16.492422502470642,17.46424919657298,24.351591323771842,23.259406699226012,24.186773244895647,27.459060435491963,24.413111231467404,24.08318915758459,22.022715545545243,23.3452350598575,18.38477631085024,17.69180601295413,18.60107523773827,14.142135623730951,12.041594578792296,11.40175425099138,10.0,11.180339887498949,10.770329614269007,12.041594578792294,12.041594578792294,10.19803902718557,13.92838827718412,14.866068747318506,14.560219778561038,17.46424919657298,18.973665961010276,17.08800749063506,17.46424919657298,15.524174696260024,13.92838827718412,14.317821063276352,16.1245154965971,17.804493814764854,18.60107523773827,16.401219466856727,21.2602916254693,18.38477631085024,19.1049731745428,18.38477631085024,20.0,19.849433241279208,20.808652046684813,19.209372712298546,17.204650534085253,16.278820596099706,1697990082.5987737
7.0,13.416407864998739,15.231546211727817,17.804493814764854,16.1245154965971,18.439088914585778,21.587033144922902,20.591260281974,23.259406699226012,22.360679774997898,23.853720883753127,23.706539182259394,26.400757564888174,24.207436873820413,21.93171219946131,23.3452350598575,21.2602916254693,19.1049731745428,15.620499351813308,14.866068747318504,15.0,12.206555615733702,11.180339887498949,11.40175425099138,12.165525060596437,10.04987562112089,8.54400374531753,8.94427190999916,12.041594578792296,14.7648230602334,17.720045146669353,13.453624047073712,17.69180601295413,18.439088914585774,15.652475842498529,14.317821063276352,14.866068747318504,13.453624047073712,15.652475842498529,16.1245154965971,16.401219466856727,16.643316977093235,18.38477631085024,18.38477631085024,16.1245154965971,18.973665961010276,20.248456731316587,18.027756377319946,18.38477631085024,18.027756377319946,16.55294535724685,15.524174696260024,1697990082.6097806
14.866068747318506,7.280109889280519,13.416407864998739,16.76305461424021,16.55294535724685,16.15549442140351,16.492422502470642,17.08800749063506,19.313207915827967,19.924858845171276,21.587033144922902,21.840329667841555,22.20360331117452,21.023796041628636,20.024984394500787,21.0,17.029386365926403,15.297058540778355,14.0,14.560219778561038,11.045361017187261,12.0,9.219544457292889,9.055385138137417,9.486832980505138,7.211102550927979,9.219544457292887,10.63014581273465,11.180339887498949,11.704699910719626,13.038404810405298,13.92838827718412,14.422205101855958,15.811388300841896,14.317821063276352,14.317821063276352,12.649110640673518,13.341664064126334,13.341664064126334,15.03329637837291,14.317821063276352,16.0312195418814,16.0312195418814,15.0,16.0312195418814,16.0312195418814,17.11724276862369,17.11724276862369,16.0312195418814,16.0312195418814,16.0,13.038404810405298,1697990082.621291
12.649110640673518,13.038404810405298,16.643316977093235,16.55294535724685,17.88854381999832,17.88854381999832,20.12461179749811,21.931712199461305,22.472205054244235,24.041630560342615,23.08679276123039,26.68332812825267,26.019223662515373,22.02271554554524,23.194827009486403,22.090722034374522,18.110770276274835,17.11724276862369,17.720045146669353,15.297058540778355,13.0,15.297058540778355,12.041594578792294,13.601470508735444,14.142135623730951,9.848857801796104,11.6619037896906,11.40175425099138,15.556349186104047,16.1245154965971,14.560219778561038,16.1245154965971,17.204650534085253,15.811388300841896,12.529964086141668,13.892443989449806,12.649110640673518,13.341664064126334,16.1245154965971,18.248287590894655,19.4164878389476,17.11724276862369,19.235384061671347,18.110770276274835,18.110770276274835,19.235384061671347,19.235384061671347,19.235384061671347,18.248287590894655,19.1049731745428,17.0,17.029386365926403,1697990082.6322913
3.6055512754639896,14.317821063276352,14.866068747318504,13.038404810405298,14.866068747318504,16.15549442140351,15.811388300841896,23.40939982143925,22.472205054244235,21.540659228538015,23.40939982143925,20.248456731316587,22.20360331117452,22.02271554554524,19.026297590440446,20.0,19.235384061671347,17.11724276862369,14.0356688476182,13.341664064126334,10.04987562112089,11.045361017187261,9.055385138137417,10.19803902718557,12.08304597359457,9.899494936611665,12.041594578792296,10.63014581273465,13.0,12.529964086141668,14.422205101855958,15.620499351813308,15.264337522473749,15.811388300841896,15.556349186104047,12.806248474865697,11.180339887498949,12.36931687685298,14.7648230602334,13.601470508735444,14.317821063276352,17.46424919657298,17.46424919657298,17.46424919657298,16.278820596099706,18.248287590894655,17.720045146669353,16.76305461424021,19.313207915827967,17.46424919657298,14.560219778561038,15.524174696260024,1697990082.6432922
6.324555320336759,19.1049731745428,10.04987562112089,13.038404810405298,13.0,17.08800749063506,12.529964086141668,23.40939982143925,22.472205054244235,21.02379604162864,19.4164878389476,24.515301344262525,22.360679774997898,22.360679774997898,21.095023109728988,21.95449840010015,18.027756377319946,18.027756377319946,15.0,15.620499351813308,13.892443989449806,13.038404810405298,8.602325267042627,9.0,9.219544457292889,10.04987562112089,9.219544457292889,9.486832980505138,10.770329614269007,13.038404810405298,12.529964086141668,14.422205101855958,16.643316977093235,14.317821063276352,14.7648230602334,13.892443989449806,12.041594578792296,12.727922061357857,14.142135623730951,13.601470508735444,13.601470508735444,15.652475842498529,18.60107523773827,16.1245154965971,18.027756377319946,18.35755975068582,17.204650534085253,17.204650534085253,16.401219466856727,17.029386365926403,16.643316977093235,15.264337522473749,1697990082.6542904
6.324555320336759,9.0,15.652475842498529,17.4928556845359,17.0,19.1049731745428,18.60107523773827,23.40939982143925,22.472205054244235,23.853720883753127,22.360679774997898,28.178005607210743,25.96150997149434,24.73863375370596,22.561028345356952,24.515301344262525,18.439088914585778,18.248287590894655,16.278820596099706,14.142135623730951,12.649110640673518,13.416407864998739,13.601470508735444,12.529964086141668,13.038404810405298,10.63014581273465,13.038404810405298,10.44030650891055,14.0356688476182,14.142135623730951,14.142135623730951,18.439088914585778,20.09975124224178,18.439088914585778,17.720045146669353,16.278820596099706,14.142135623730951,15.132745950421555,16.1245154965971,16.278820596099706,19.026297590440446,17.26267650163207,20.8806130178211,17.720045146669353,19.924858845171276,18.973665961010276,21.587033144922902,21.377558326431952,20.8806130178211,19.4164878389476,17.26267650163207,18.38477631085024,1697990082.6652915
13.453624047073712,9.899494936611665,15.620499351813308,17.4928556845359,14.142135623730951,14.866068747318504,19.723082923316017,21.633307652783937,21.2602916254693,21.213203435596427,22.671568097509265,22.80350850198276,25.942243542145697,22.825424421026653,20.6155281280883,21.470910553583888,20.6155281280883,17.08800749063506,18.027756377319946,14.560219778561038,13.0,12.08304597359457,11.180339887498949,10.816653826391969,10.63014581273465,10.295630140987,10.770329614269007,11.704699910719626,12.36931687685298,13.152946437965904,15.297058540778355,15.132745950421555,16.492422502470642,16.278820596099706,16.492422502470642,14.317821063276352,13.038404810405298,13.0,14.0356688476182,15.132745950421555,16.1245154965971,17.26267650163207,17.46424919657298,16.492422502470642,18.439088914585778,17.46424919657298,19.235384061671347,18.110770276274835,18.110770276274835,16.278820596099706,16.1245154965971,14.560219778561038,1697990082.6772938
6.324555320336759,7.615773105863909,17.204650534085253,16.278820596099706,17.804493814764854,14.422205101855958,22.022715545545243,19.1049731745428,25.612496949731394,24.207436873820413,22.022715545545243,23.3238075793812,24.596747752497688,23.40939982143925,23.08679276123039,23.259406699226012,19.313207915827967,18.973665961010276,16.492422502470642,16.76305461424021,12.649110640673518,13.0,9.433981132056603,8.06225774829855,7.810249675906654,10.295630140987,10.19803902718557,11.180339887498949,13.038404810405298,13.152946437965904,13.892443989449806,18.110770276274835,17.46424919657298,17.46424919657298,16.492422502470642,12.041594578792294,12.041594578792294,16.0,16.1245154965971,16.278820596099706,17.11724276862369,18.027756377319946,20.8806130178211,18.973665961010276,18.973665961010276,19.697715603592208,20.8806130178211,18.027756377319946,18.973665961010276,18.439088914585778,16.76305461424021,17.0,1697990082.6892915
6.708203932499369,11.180339887498949,17.204650534085253,19.924858845171276,14.422205101855958,14.422205101855958,17.69180601295413,18.867962264113206,19.723082923316017,19.697715603592208,21.470910553583888,22.847319317591726,22.135943621178658,21.587033144922902,19.4164878389476,20.09975124224178,18.0,17.0,14.0,13.0,13.038404810405298,10.19803902718557,8.54400374531753,11.180339887498949,11.40175425099138,10.295630140987,9.433981132056603,9.219544457292887,15.264337522473749,10.770329614269007,13.152946437965904,15.652475842498529,16.1245154965971,14.866068747318506,15.231546211727817,13.92838827718412,10.44030650891055,12.0,14.317821063276352,16.0312195418814,14.0,14.0,18.027756377319946,16.1245154965971,16.0312195418814,16.1245154965971,18.0,17.029386365926403,18.0,15.03329637837291,15.0,13.152946437965904,1697990082.702288
11.6619037896906,12.041594578792296,14.866068747318504,17.029386365926403,16.278820596099706,17.029386365926403,19.1049731745428,21.400934559032695,21.633307652783937,22.47220505424423,24.69817807045694,28.178005607210743,22.135943621178658,25.298221281347036,24.041630560342615,24.515301344262525,19.235384061671347,18.439088914585778,16.0312195418814,16.0,12.36931687685298,13.92838827718412,12.36931687685298,11.180339887498949,10.816653826391969,11.313708498984761,12.806248474865697,11.704699910719626,12.649110640673518,13.92838827718412,12.08304597359457,16.76305461424021,17.08800749063506,18.681541692269406,14.560219778561038,11.180339887498949,12.08304597359457,16.278820596099706,15.03329637837291,17.26267650163207,17.0,16.1245154965971,19.235384061671347,17.46424919657298,19.235384061671347,17.26267650163207,20.024984394500787,19.026297590440446,19.1049731745428,17.26267650163207,16.1245154965971,15.524174696260024,1697990082.7142968
14.0356688476182,8.602325267042627,12.649110640673518,18.248287590894655,16.76305461424021,17.46424919657298,19.1049731745428,20.0,20.024984394500787,18.027756377319946,19.235384061671347,22.0,21.377558326431952,25.298221281347036,19.723082923316017,21.840329667841555,20.6155281280883,17.46424919657298,12.649110640673518,14.7648230602334,12.08304597359457,12.649110640673518,8.94427190999916,8.06225774829855,12.649110640673518,9.433981132056603,8.602325267042627,11.6619037896906,8.602325267042627,16.1245154965971,15.264337522473749,19.209372712298546,18.60107523773827,17.69180601295413,13.601470508735444,11.40175425099138,12.529964086141668,15.0,13.892443989449806,14.317821063276352,15.231546211727817,17.26267650163207,18.38477631085024,17.46424919657298,16.76305461424021,16.278820596099706,18.027756377319946,17.720045146669353,17.08800749063506,17.11724276862369,16.76305461424021,15.132745950421555,1697990082.7258096
12.36931687685298,11.180339887498949,12.649110640673518,21.2602916254693,17.029386365926403,15.556349186104047,15.620499351813308,21.400934559032695,21.931712199461305,20.808652046684813,21.02379604162864,23.259406699226012,22.80350850198276,25.298221281347036,20.223748416156685,24.041630560342615,18.110770276274835,20.09975124224178,14.317821063276352,16.0,13.341664064126334,9.219544457292889,10.04987562112089,11.045361017187261,9.899494936611665,11.40175425099138,10.0,10.63014581273465,8.602325267042627,16.1245154965971,14.866068747318504,15.0,15.811388300841896,15.0,17.0,13.601470508735444,13.416407864998739,14.317821063276352,13.92838827718412,14.560219778561038,16.278820596099706,16.1245154965971,18.973665961010276,19.1049731745428,19.1049731745428,18.0,19.4164878389476,20.248456731316587,19.1049731745428,14.560219778561038,14.317821063276352,17.029386365926403,1697990082.7378106
